1:ItNr	2:Metric	3a:Time	3b:StepSize	4:||Gradient||	Time[ms]
0	-1.016565	0.000000	0.159965	0.001058	88.1
1	-1.015954	0.000000	0.159965	0.001166	31.7
2	-1.016851	0.000000	0.159965	0.001604	31.5
3	-1.016096	0.000000	0.159965	0.001461	31.5
4	-1.016332	0.000000	0.159965	0.001103	33.7
5	-1.015913	0.000000	0.159965	0.001033	31.9
6	-1.016287	0.000000	0.159965	0.001322	31.5
7	-1.016813	0.000000	0.159965	0.001483	31.0
8	-1.016566	0.000000	0.159965	0.001186	30.2
9	-1.015984	0.000000	0.159965	0.001207	29.5
10	-1.016646	0.000000	0.159965	0.001162	29.6
11	-1.015969	0.000000	0.159965	0.001323	29.5
12	-1.016452	0.000000	0.159965	0.001455	29.2
13	-1.015841	0.000000	0.159965	0.001213	28.8
14	-1.016261	0.000000	0.159965	0.001249	29.6
15	-1.016113	0.000000	0.159965	0.001303	29.1
16	-1.016510	0.000000	0.159965	0.001394	28.9
17	-1.016317	0.000000	0.159965	0.001030	28.9
18	-1.015760	0.000000	0.159965	0.000990	29.2
19	-1.016149	0.000000	0.159965	0.001383	29.6
20	-1.016509	0.000000	0.159965	0.001121	29.5
21	-1.016563	0.000000	0.159965	0.001855	29.2
22	-1.017050	0.000000	0.159965	0.001358	28.9
23	-1.016170	0.000000	0.159965	0.001035	29.2
24	-1.016208	0.000000	0.159965	0.000882	29.3
25	-1.016111	0.000000	0.159965	0.001591	28.8
26	-1.015748	0.000000	0.159965	0.001448	29.0
27	-1.016173	0.000000	0.159965	0.001046	29.1
28	-1.016309	0.000000	0.159965	0.001342	28.9
29	-1.016530	0.000000	0.159965	0.001338	29.1
30	-1.016746	0.000000	0.159965	0.001562	28.7
31	-1.016252	0.000000	0.159965	0.001525	29.0
32	-1.016355	0.000000	0.159965	0.001588	28.7
33	-1.016255	0.000000	0.159965	0.001335	28.8
34	-1.015999	0.000000	0.159965	0.001354	29.0
35	-1.015987	0.000000	0.159965	0.001429	29.4
36	-1.016697	0.000000	0.159965	0.001370	29.8
37	-1.016485	0.000000	0.159965	0.001613	29.4
38	-1.016499	0.000000	0.159965	0.001541	29.0
39	-1.016763	0.000000	0.159965	0.001432	28.7
40	-1.016718	0.000000	0.159965	0.001279	28.9
41	-1.016335	0.000000	0.159965	0.001612	28.9
42	-1.016497	0.000000	0.159965	0.001373	28.7
43	-1.015794	0.000000	0.159965	0.001096	28.8
44	-1.016426	0.000000	0.159965	0.001221	28.8
45	-1.015978	0.000000	0.159965	0.001204	29.3
46	-1.016407	0.000000	0.159965	0.001147	29.1
47	-1.016784	0.000000	0.159965	0.001150	28.8
48	-1.016114	0.000000	0.159965	0.001170	28.7
49	-1.016416	0.000000	0.159965	0.001195	28.7
50	-1.016074	0.000000	0.159965	0.001282	28.8
51	-1.016598	0.000000	0.159965	0.001446	28.7
52	-1.016767	0.000000	0.159965	0.001324	28.9
53	-1.015874	0.000000	0.159965	0.001500	29.1
54	-1.016256	0.000000	0.159965	0.001206	29.8
55	-1.016277	0.000000	0.159965	0.001311	30.1
56	-1.016409	0.000000	0.159965	0.001331	29.2
57	-1.016540	0.000000	0.159965	0.000829	29.0
58	-1.016293	0.000000	0.159965	0.001234	29.0
59	-1.016671	0.000000	0.159965	0.001401	28.9
60	-1.016727	0.000000	0.159965	0.001294	28.9
61	-1.016249	0.000000	0.159965	0.001401	28.8
62	-1.016074	0.000000	0.159965	0.001463	28.8
63	-1.016474	0.000000	0.159965	0.001189	29.6
64	-1.016465	0.000000	0.159965	0.001122	29.3
65	-1.016389	0.000000	0.159965	0.001256	28.9
66	-1.016414	0.000000	0.159965	0.001490	28.8
67	-1.015659	0.000000	0.159965	0.001262	28.8
68	-1.016637	0.000000	0.159965	0.001196	28.8
69	-1.016107	0.000000	0.159965	0.001021	29.3
70	-1.016338	0.000000	0.159965	0.001282	29.0
71	-1.016633	0.000000	0.159965	0.001484	28.9
72	-1.016411	0.000000	0.159965	0.001725	29.4
73	-1.015964	0.000000	0.159965	0.001388	29.6
74	-1.016337	0.000000	0.159965	0.000961	29.3
75	-1.016143	0.000000	0.159965	0.001044	28.9
76	-1.016445	0.000000	0.159965	0.001029	29.0
77	-1.016281	0.000000	0.159965	0.001260	28.9
78	-1.016861	0.000000	0.159965	0.001309	28.9
79	-1.016171	0.000000	0.159965	0.000982	28.7
80	-1.016605	0.000000	0.159965	0.000949	29.2
81	-1.016546	0.000000	0.159965	0.001476	29.3
82	-1.016521	0.000000	0.159965	0.001068	29.4
83	-1.016884	0.000000	0.159965	0.001309	28.9
84	-1.015967	0.000000	0.159965	0.001291	28.9
85	-1.016250	0.000000	0.159965	0.001493	28.7
86	-1.016381	0.000000	0.159965	0.001418	28.9
87	-1.016286	0.000000	0.159965	0.001387	28.8
88	-1.016164	0.000000	0.159965	0.001250	29.9
89	-1.016333	0.000000	0.159965	0.001533	30.0
90	-1.016198	0.000000	0.159965	0.001459	29.6
91	-1.016557	0.000000	0.159965	0.001190	29.8
92	-1.016649	0.000000	0.159965	0.001217	29.4
93	-1.016524	0.000000	0.159965	0.001425	28.8
94	-1.016197	0.000000	0.159965	0.001201	28.9
95	-1.016249	0.000000	0.159965	0.001493	28.7
96	-1.016262	0.000000	0.159965	0.001544	29.2
97	-1.016764	0.000000	0.159965	0.001066	28.8
98	-1.016219	0.000000	0.159965	0.000933	29.2
99	-1.016202	0.000000	0.159965	0.001099	29.2
100	-1.015939	0.000000	0.159965	0.001445	29.3
101	-1.016368	0.000000	0.159965	0.001461	28.9
102	-1.016534	0.000000	0.159965	0.001250	28.8
103	-1.016203	0.000000	0.159965	0.001204	28.8
104	-1.016051	0.000000	0.159965	0.001205	29.1
105	-1.016361	0.000000	0.159965	0.001613	29.0
106	-1.016238	0.000000	0.159965	0.000951	29.1
107	-1.016380	0.000000	0.159965	0.001113	28.9
108	-1.015862	0.000000	0.159965	0.001349	29.7
109	-1.016812	0.000000	0.159965	0.001084	30.2
110	-1.016635	0.000000	0.159965	0.001043	29.5
111	-1.016820	0.000000	0.159965	0.001068	29.1
112	-1.016669	0.000000	0.159965	0.001449	28.9
113	-1.016431	0.000000	0.159965	0.000807	28.8
114	-1.015788	0.000000	0.159965	0.001341	28.7
115	-1.016943	0.000000	0.159965	0.001392	28.9
116	-1.016238	0.000000	0.159965	0.001027	29.0
117	-1.016240	0.000000	0.159965	0.001551	29.2
118	-1.016539	0.000000	0.159965	0.001426	29.3
119	-1.016334	0.000000	0.159965	0.001175	29.2
120	-1.016184	0.000000	0.159965	0.001433	28.8
121	-1.016418	0.000000	0.159965	0.001442	28.8
122	-1.016102	0.000000	0.159965	0.001358	29.1
123	-1.015827	0.000000	0.159965	0.001403	29.2
124	-1.016612	0.000000	0.159965	0.001499	29.2
125	-1.016455	0.000000	0.159965	0.001653	29.1
126	-1.016070	0.000000	0.159965	0.001627	30.9
127	-1.016710	0.000000	0.159965	0.001598	33.2
128	-1.015644	0.000000	0.159965	0.000864	33.7
129	-1.016328	0.000000	0.159965	0.001088	31.0
130	-1.016431	0.000000	0.159965	0.001366	29.8
131	-1.016357	0.000000	0.159965	0.000997	29.1
132	-1.016353	0.000000	0.159965	0.001010	29.1
133	-1.016151	0.000000	0.159965	0.001173	29.2
134	-1.016846	0.000000	0.159965	0.001076	28.9
135	-1.016615	0.000000	0.159965	0.001204	29.6
136	-1.015990	0.000000	0.159965	0.001101	29.4
137	-1.016495	0.000000	0.159965	0.001664	29.6
138	-1.015881	0.000000	0.159965	0.001033	28.9
139	-1.016506	0.000000	0.159965	0.001292	28.8
140	-1.016117	0.000000	0.159965	0.001192	29.0
141	-1.016055	0.000000	0.159965	0.001264	29.0
142	-1.016734	0.000000	0.159965	0.001479	29.3
143	-1.016494	0.000000	0.159965	0.001058	29.6
144	-1.015787	0.000000	0.159965	0.001267	29.5
145	-1.016238	0.000000	0.159965	0.001413	29.2
146	-1.016354	0.000000	0.159965	0.001228	29.2
147	-1.016486	0.000000	0.159965	0.001343	29.0
148	-1.016288	0.000000	0.159965	0.001174	28.7
149	-1.016311	0.000000	0.159965	0.000984	29.3
150	-1.016294	0.000000	0.159965	0.001837	28.8
151	-1.016381	0.000000	0.159965	0.001150	28.9
152	-1.016898	0.000000	0.159965	0.001442	29.1
153	-1.016259	0.000000	0.159965	0.001135	29.0
154	-1.016019	0.000000	0.159965	0.001125	29.0
155	-1.016584	0.000000	0.159965	0.001382	28.9
156	-1.015515	0.000000	0.159965	0.001368	29.1
157	-1.016321	0.000000	0.159965	0.001079	29.5
158	-1.016193	0.000000	0.159965	0.001009	29.1
159	-1.016154	0.000000	0.159965	0.001956	29.2
160	-1.016909	0.000000	0.159965	0.001696	29.0
161	-1.016456	0.000000	0.159965	0.001411	29.5
162	-1.016566	0.000000	0.159965	0.001584	29.4
163	-1.016248	0.000000	0.159965	0.001182	29.7
164	-1.016368	0.000000	0.159965	0.000971	29.5
165	-1.016422	0.000000	0.159965	0.001581	29.0
166	-1.016322	0.000000	0.159965	0.001337	30.2
167	-1.016296	0.000000	0.159965	0.001014	29.5
168	-1.016287	0.000000	0.159965	0.001592	29.1
169	-1.016051	0.000000	0.159965	0.000557	29.4
170	-1.016107	0.000000	0.159965	0.001742	29.6
171	-1.016152	0.000000	0.159965	0.001581	29.4
172	-1.016559	0.000000	0.159965	0.001180	29.7
173	-1.016555	0.000000	0.159965	0.000944	29.8
174	-1.016161	0.000000	0.159965	0.001169	29.5
175	-1.016537	0.000000	0.159965	0.001303	29.0
176	-1.016276	0.000000	0.159965	0.001281	29.6
177	-1.015949	0.000000	0.159965	0.001160	30.7
178	-1.016047	0.000000	0.159965	0.001447	30.2
179	-1.015992	0.000000	0.159965	0.001046	30.0
180	-1.016216	0.000000	0.159965	0.001143	29.6
181	-1.016094	0.000000	0.159965	0.001075	29.0
182	-1.016092	0.000000	0.159965	0.000955	29.0
183	-1.016540	0.000000	0.159965	0.001189	29.2
184	-1.016371	0.000000	0.159965	0.001459	28.7
185	-1.016246	0.000000	0.159965	0.001344	28.8
186	-1.016372	0.000000	0.159965	0.001345	28.9
187	-1.016398	0.000000	0.159965	0.001453	29.2
188	-1.015463	0.000000	0.159965	0.001750	29.0
189	-1.016551	0.000000	0.159965	0.000906	29.1
190	-1.016653	0.000000	0.159965	0.001023	29.4
191	-1.016588	0.000000	0.159965	0.001479	29.5
192	-1.016304	0.000000	0.159965	0.001165	29.2
193	-1.016778	0.000000	0.159965	0.001228	29.1
194	-1.016634	0.000000	0.159965	0.001283	29.1
195	-1.016452	0.000000	0.159965	0.001410	29.8
196	-1.016320	0.000000	0.159965	0.001066	29.9
197	-1.017032	0.000000	0.159965	0.001479	29.4
198	-1.015904	0.000000	0.159965	0.001130	29.8
199	-1.016189	0.000000	0.159965	0.001210	29.5
200	-1.015883	0.000000	0.159965	0.001362	29.4
201	-1.016381	0.000000	0.159965	0.000873	28.9
202	-1.016259	0.000000	0.159965	0.001144	28.8
203	-1.016677	0.000000	0.159965	0.001501	28.9
204	-1.016848	0.000000	0.159965	0.001200	29.1
205	-1.016432	0.000000	0.159965	0.001153	29.4
206	-1.016645	0.000000	0.159965	0.001227	29.2
207	-1.016170	0.000000	0.159965	0.000958	29.0
208	-1.016131	0.000000	0.159965	0.001512	29.0
209	-1.016111	0.000000	0.159965	0.001136	28.7
210	-1.016114	0.000000	0.159965	0.001601	28.7
211	-1.016202	0.000000	0.159965	0.001010	29.0
212	-1.016781	0.000000	0.159965	0.001127	30.2
213	-1.015951	0.000000	0.159965	0.001375	30.2
214	-1.016122	0.000000	0.159965	0.001433	30.0
215	-1.015983	0.000000	0.159965	0.001393	29.5
216	-1.016617	0.000000	0.159965	0.000874	29.1
217	-1.016263	0.000000	0.159965	0.001714	29.3
218	-1.016724	0.000000	0.159965	0.001049	29.1
219	-1.015603	0.000000	0.159965	0.001219	29.8
220	-1.016090	0.000000	0.159965	0.001366	29.4
221	-1.016870	0.000000	0.159965	0.001291	29.1
222	-1.016570	0.000000	0.159965	0.001244	29.3
223	-1.016694	0.000000	0.159965	0.001616	29.2
224	-1.016403	0.000000	0.159965	0.001486	29.5
225	-1.016377	0.000000	0.159965	0.000920	29.9
226	-1.016322	0.000000	0.159965	0.001616	29.4
227	-1.016390	0.000000	0.159965	0.001323	29.6
228	-1.015946	0.000000	0.159965	0.001402	29.3
229	-1.016277	0.000000	0.159965	0.001681	29.2
230	-1.016117	0.000000	0.159965	0.001377	29.4
231	-1.015971	0.000000	0.159965	0.001687	29.8
232	-1.016750	0.000000	0.159965	0.001354	29.2
233	-1.016249	0.000000	0.159965	0.001029	29.0
234	-1.016617	0.000000	0.159965	0.000947	29.4
235	-1.016073	0.000000	0.159965	0.001128	29.1
236	-1.016375	0.000000	0.159965	0.001023	28.9
237	-1.016330	0.000000	0.159965	0.001314	29.0
238	-1.016407	0.000000	0.159965	0.001343	29.6
239	-1.016303	0.000000	0.159965	0.001002	30.7
240	-1.016478	0.000000	0.159965	0.001270	31.4
241	-1.016206	0.000000	0.159965	0.001674	31.0
242	-1.016335	0.000000	0.159965	0.001396	30.7
243	-1.016238	0.000000	0.159965	0.000894	29.3
244	-1.016472	0.000000	0.159965	0.001635	29.1
245	-1.016481	0.000000	0.159965	0.001049	29.6
246	-1.016137	0.000000	0.159965	0.001531	29.1
247	-1.016340	0.000000	0.159965	0.000909	29.4
248	-1.016571	0.000000	0.159965	0.001657	29.7
249	-1.016455	0.000000	0.159965	0.001053	29.4
250	-1.016651	0.000000	0.159965	0.001266	29.1
251	-1.016610	0.000000	0.159965	0.001226	29.1
252	-1.016491	0.000000	0.159965	0.000921	29.1
253	-1.016565	0.000000	0.159965	0.001075	29.6
254	-1.016714	0.000000	0.159965	0.001172	29.5
255	-1.016460	0.000000	0.159965	0.001200	29.6
256	-1.017011	0.000000	0.159965	0.001265	29.6
257	-1.016359	0.000000	0.159965	0.001395	29.5
258	-1.016247	0.000000	0.159965	0.001054	29.5
259	-1.016329	0.000000	0.159965	0.001390	30.1
260	-1.015936	0.000000	0.159965	0.001003	29.3
261	-1.016265	0.000000	0.159965	0.001046	29.2
262	-1.016516	0.000000	0.159965	0.001639	29.2
263	-1.015811	0.000000	0.159965	0.001300	29.0
264	-1.016559	0.000000	0.159965	0.000991	29.4
265	-1.016300	0.000000	0.159965	0.000765	29.5
266	-1.016856	0.000000	0.159965	0.001302	29.2
267	-1.015900	0.000000	0.159965	0.001288	29.0
268	-1.016282	0.000000	0.159965	0.000985	29.2
269	-1.016269	0.000000	0.159965	0.001315	29.0
270	-1.016403	0.000000	0.159965	0.001214	29.0
271	-1.016618	0.000000	0.159965	0.001324	28.7
272	-1.016155	0.000000	0.159965	0.001232	29.0
273	-1.016641	0.000000	0.159965	0.001277	29.4
274	-1.016190	0.000000	0.159965	0.001373	29.1
275	-1.016283	0.000000	0.159965	0.001119	28.9
276	-1.016279	0.000000	0.159965	0.000790	28.7
277	-1.016103	0.000000	0.159965	0.001377	28.9
278	-1.016147	0.000000	0.159965	0.001422	29.1
279	-1.016476	0.000000	0.159965	0.001135	28.7
280	-1.016427	0.000000	0.159965	0.001093	29.3
281	-1.016494	0.000000	0.159965	0.001285	29.2
282	-1.016340	0.000000	0.159965	0.001453	29.9
283	-1.016081	0.000000	0.159965	0.001311	29.8
284	-1.016554	0.000000	0.159965	0.001100	28.9
285	-1.016438	0.000000	0.159965	0.001186	28.9
286	-1.016250	0.000000	0.159965	0.001169	28.7
287	-1.016737	0.000000	0.159965	0.001153	28.7
288	-1.016196	0.000000	0.159965	0.001219	28.9
289	-1.016995	0.000000	0.159965	0.001190	28.9
290	-1.016634	0.000000	0.159965	0.001261	28.6
291	-1.016534	0.000000	0.159965	0.001175	28.9
292	-1.016140	0.000000	0.159965	0.001227	29.4
293	-1.016196	0.000000	0.159965	0.001059	29.4
294	-1.016100	0.000000	0.159965	0.001372	28.9
295	-1.016349	0.000000	0.159965	0.001064	29.0
296	-1.016672	0.000000	0.159965	0.001338	29.2
297	-1.015960	0.000000	0.159965	0.001174	29.0
298	-1.016362	0.000000	0.159965	0.001613	29.1
299	-1.017181	0.000000	0.159965	0.001148	28.9
300	-1.016461	0.000000	0.159965	0.001419	29.4
301	-1.016043	0.000000	0.159965	0.001543	29.4
302	-1.016638	0.000000	0.159965	0.001141	29.4
303	-1.016214	0.000000	0.159965	0.001044	28.9
304	-1.016524	0.000000	0.159965	0.000971	28.8
305	-1.016752	0.000000	0.159965	0.001159	28.8
306	-1.016500	0.000000	0.159965	0.001279	28.8
307	-1.016858	0.000000	0.159965	0.001761	29.1
308	-1.016158	0.000000	0.159965	0.001255	29.2
309	-1.016324	0.000000	0.159965	0.001358	29.6
310	-1.016473	0.000000	0.159965	0.001231	29.3
311	-1.016140	0.000000	0.159965	0.001237	29.0
312	-1.016076	0.000000	0.159965	0.001619	29.4
313	-1.016153	0.000000	0.159965	0.001516	29.5
314	-1.016220	0.000000	0.159965	0.000990	29.0
315	-1.016823	0.000000	0.159965	0.001358	29.0
316	-1.016300	0.000000	0.159965	0.002073	29.1
317	-1.016092	0.000000	0.159965	0.001091	28.8
318	-1.016817	0.000000	0.159965	0.001443	29.1
319	-1.016561	0.000000	0.159965	0.001432	29.8
320	-1.016483	0.000000	0.159965	0.001260	29.1
321	-1.016416	0.000000	0.159965	0.001342	29.0
322	-1.016454	0.000000	0.159965	0.001236	28.8
323	-1.016423	0.000000	0.159965	0.000981	28.9
324	-1.016139	0.000000	0.159965	0.001211	29.1
325	-1.016098	0.000000	0.159965	0.001131	28.9
326	-1.016226	0.000000	0.159965	0.000795	29.1
327	-1.016354	0.000000	0.159965	0.001190	29.9
328	-1.016205	0.000000	0.159965	0.001256	29.4
329	-1.016051	0.000000	0.159965	0.001228	29.2
330	-1.016494	0.000000	0.159965	0.001374	29.3
331	-1.016300	0.000000	0.159965	0.001140	29.2
332	-1.016231	0.000000	0.159965	0.001411	28.8
333	-1.016545	0.000000	0.159965	0.001254	29.2
334	-1.016076	0.000000	0.159965	0.001470	28.9
335	-1.016941	0.000000	0.159965	0.001480	29.0
336	-1.016679	0.000000	0.159965	0.001556	29.5
337	-1.016365	0.000000	0.159965	0.001503	29.7
338	-1.016076	0.000000	0.159965	0.001068	29.1
339	-1.016154	0.000000	0.159965	0.001356	28.9
340	-1.016551	0.000000	0.159965	0.001108	28.8
341	-1.016603	0.000000	0.159965	0.000757	28.6
342	-1.016037	0.000000	0.159965	0.001624	29.2
343	-1.016396	0.000000	0.159965	0.001105	29.3
344	-1.016205	0.000000	0.159965	0.001366	28.8
345	-1.016132	0.000000	0.159965	0.001159	29.4
346	-1.015996	0.000000	0.159965	0.001249	29.2
347	-1.016469	0.000000	0.159965	0.001099	29.0
348	-1.017185	0.000000	0.159965	0.001280	29.0
349	-1.016468	0.000000	0.159965	0.001335	28.8
350	-1.016332	0.000000	0.159965	0.001149	28.8
351	-1.016495	0.000000	0.159965	0.001258	28.9
352	-1.015895	0.000000	0.159965	0.001192	29.0
353	-1.016145	0.000000	0.159965	0.001100	29.3
354	-1.015950	0.000000	0.159965	0.001681	29.4
355	-1.016461	0.000000	0.159965	0.001297	29.6
356	-1.016033	0.000000	0.159965	0.001060	29.3
357	-1.016663	0.000000	0.159965	0.001034	29.6
358	-1.016355	0.000000	0.159965	0.001208	29.8
359	-1.016344	0.000000	0.159965	0.001455	29.6
360	-1.016227	0.000000	0.159965	0.001131	29.4
361	-1.016096	0.000000	0.159965	0.001062	29.8
362	-1.016414	0.000000	0.159965	0.001141	30.5
363	-1.016703	0.000000	0.159965	0.001347	31.0
364	-1.016780	0.000000	0.159965	0.001280	32.5
365	-1.015932	0.000000	0.159965	0.001263	32.7
366	-1.016595	0.000000	0.159965	0.000806	33.3
367	-1.016401	0.000000	0.159965	0.001483	33.3
368	-1.016197	0.000000	0.159965	0.001372	33.8
369	-1.016424	0.000000	0.159965	0.001342	45.8
370	-1.016761	0.000000	0.159965	0.000965	32.2
371	-1.016551	0.000000	0.159965	0.001167	30.4
372	-1.016814	0.000000	0.159965	0.000890	29.5
373	-1.016491	0.000000	0.159965	0.000908	29.0
374	-1.016239	0.000000	0.159965	0.001440	28.8
375	-1.016699	0.000000	0.159965	0.001183	28.8
376	-1.016701	0.000000	0.159965	0.001520	29.2
377	-1.015924	0.000000	0.159965	0.001528	28.8
378	-1.016345	0.000000	0.159965	0.001245	28.9
379	-1.015916	0.000000	0.159965	0.001182	28.9
380	-1.016292	0.000000	0.159965	0.001390	29.1
381	-1.016834	0.000000	0.159965	0.001365	29.6
382	-1.016234	0.000000	0.159965	0.001517	29.1
383	-1.016128	0.000000	0.159965	0.001237	29.3
384	-1.015852	0.000000	0.159965	0.001118	29.1
385	-1.016715	0.000000	0.159965	0.001826	28.8
386	-1.016010	0.000000	0.159965	0.001294	29.5
387	-1.015828	0.000000	0.159965	0.000657	29.2
388	-1.015855	0.000000	0.159965	0.000689	29.5
389	-1.016312	0.000000	0.159965	0.001118	29.3
390	-1.015977	0.000000	0.159965	0.000853	29.8
391	-1.016263	0.000000	0.159965	0.001152	28.8
392	-1.016234	0.000000	0.159965	0.001393	29.0
393	-1.016462	0.000000	0.159965	0.001019	29.8
394	-1.016248	0.000000	0.159965	0.001205	29.2
395	-1.016413	0.000000	0.159965	0.001423	29.1
396	-1.016179	0.000000	0.159965	0.000991	29.5
397	-1.016592	0.000000	0.159965	0.001309	29.4
398	-1.015907	0.000000	0.159965	0.001446	29.0
399	-1.016463	0.000000	0.159965	0.001846	28.9
400	-1.016095	0.000000	0.159965	0.001259	29.3
401	-1.016111	0.000000	0.159965	0.001440	29.2
402	-1.016200	0.000000	0.159965	0.001157	28.8
403	-1.016415	0.000000	0.159965	0.001026	29.1
404	-1.016580	0.000000	0.159965	0.001684	29.4
405	-1.016187	0.000000	0.159965	0.001556	29.1
406	-1.015554	0.000000	0.159965	0.001537	29.8
407	-1.016102	0.000000	0.159965	0.000987	29.5
408	-1.016202	0.000000	0.159965	0.001446	29.2
409	-1.016359	0.000000	0.159965	0.001415	28.9
410	-1.016221	0.000000	0.159965	0.001767	29.2
411	-1.016786	0.000000	0.159965	0.001172	29.2
412	-1.016163	0.000000	0.159965	0.001092	28.8
413	-1.016421	0.000000	0.159965	0.001458	28.7
414	-1.016526	0.000000	0.159965	0.001250	28.9
415	-1.016444	0.000000	0.159965	0.000999	29.2
416	-1.016492	0.000000	0.159965	0.001146	29.2
417	-1.016279	0.000000	0.159965	0.001223	29.2
418	-1.016322	0.000000	0.159965	0.001232	29.2
419	-1.016450	0.000000	0.159965	0.001464	28.9
420	-1.016737	0.000000	0.159965	0.001130	29.0
421	-1.016115	0.000000	0.159965	0.001312	29.1
422	-1.016403	0.000000	0.159965	0.001353	29.3
423	-1.016768	0.000000	0.159965	0.001053	29.0
424	-1.016522	0.000000	0.159965	0.001262	29.8
425	-1.016221	0.000000	0.159965	0.001523	29.4
426	-1.016487	0.000000	0.159965	0.000741	28.9
427	-1.016303	0.000000	0.159965	0.001106	28.9
428	-1.016679	0.000000	0.159965	0.001390	29.6
429	-1.016473	0.000000	0.159965	0.001432	29.2
430	-1.016604	0.000000	0.159965	0.001425	29.3
431	-1.016425	0.000000	0.159965	0.001105	29.4
432	-1.016310	0.000000	0.159965	0.001307	29.3
433	-1.016588	0.000000	0.159965	0.001618	29.4
434	-1.015694	0.000000	0.159965	0.001036	29.0
435	-1.016689	0.000000	0.159965	0.001214	28.8
436	-1.016219	0.000000	0.159965	0.001074	29.2
437	-1.016724	0.000000	0.159965	0.001269	29.3
438	-1.016115	0.000000	0.159965	0.001584	28.9
439	-1.016329	0.000000	0.159965	0.001187	29.1
440	-1.016440	0.000000	0.159965	0.001164	29.3
441	-1.016352	0.000000	0.159965	0.001465	29.1
442	-1.016185	0.000000	0.159965	0.001171	29.1
443	-1.016540	0.000000	0.159965	0.001412	29.9
444	-1.016544	0.000000	0.159965	0.001603	29.5
445	-1.016426	0.000000	0.159965	0.001048	29.3
446	-1.016265	0.000000	0.159965	0.001400	29.2
447	-1.016356	0.000000	0.159965	0.001456	28.7
448	-1.016018	0.000000	0.159965	0.001474	28.8
449	-1.016296	0.000000	0.159965	0.001024	28.7
450	-1.016025	0.000000	0.159965	0.001279	28.7
451	-1.015951	0.000000	0.159965	0.001263	29.0
452	-1.016492	0.000000	0.159965	0.001218	29.0
453	-1.015897	0.000000	0.159965	0.000947	28.7
454	-1.015975	0.000000	0.159965	0.001294	29.0
455	-1.016643	0.000000	0.159965	0.000987	28.9
456	-1.015862	0.000000	0.159965	0.000953	28.8
457	-1.015776	0.000000	0.159965	0.001437	29.1
458	-1.015995	0.000000	0.159965	0.001278	29.0
459	-1.016650	0.000000	0.159965	0.001106	29.0
460	-1.016400	0.000000	0.159965	0.001030	29.2
461	-1.015835	0.000000	0.159965	0.001449	29.7
462	-1.016439	0.000000	0.159965	0.001091	29.6
463	-1.016043	0.000000	0.159965	0.001320	29.3
464	-1.016058	0.000000	0.159965	0.001351	29.0
465	-1.016651	0.000000	0.159965	0.001620	29.2
466	-1.016345	0.000000	0.159965	0.001683	29.0
467	-1.016751	0.000000	0.159965	0.001100	28.8
468	-1.016460	0.000000	0.159965	0.001812	28.8
469	-1.016197	0.000000	0.159965	0.001110	29.6
470	-1.016812	0.000000	0.159965	0.001401	29.0
471	-1.016700	0.000000	0.159965	0.001389	28.8
472	-1.016215	0.000000	0.159965	0.001253	29.4
473	-1.015834	0.000000	0.159965	0.001376	29.0
474	-1.016620	0.000000	0.159965	0.001506	28.7
475	-1.016039	0.000000	0.159965	0.001496	29.4
476	-1.016262	0.000000	0.159965	0.001582	28.9
477	-1.016445	0.000000	0.159965	0.001182	29.4
478	-1.016037	0.000000	0.159965	0.001345	29.5
479	-1.016341	0.000000	0.159965	0.001405	29.7
480	-1.016571	0.000000	0.159965	0.001200	28.9
481	-1.016823	0.000000	0.159965	0.001314	28.7
482	-1.015859	0.000000	0.159965	0.001037	29.1
483	-1.016236	0.000000	0.159965	0.001123	29.1
484	-1.016798	0.000000	0.159965	0.001297	29.2
485	-1.016504	0.000000	0.159965	0.001239	28.8
486	-1.015983	0.000000	0.159965	0.001415	29.0
487	-1.016045	0.000000	0.159965	0.001094	29.1
488	-1.016352	0.000000	0.159965	0.001388	29.3
489	-1.016554	0.000000	0.159965	0.000940	29.3
490	-1.016553	0.000000	0.159965	0.001121	29.3
491	-1.015971	0.000000	0.159965	0.001365	29.0
492	-1.016012	0.000000	0.159965	0.000805	28.9
493	-1.015980	0.000000	0.159965	0.001262	29.1
494	-1.016591	0.000000	0.159965	0.001430	29.0
495	-1.016003	0.000000	0.159965	0.001292	28.9
496	-1.016429	0.000000	0.159965	0.000928	29.7
497	-1.015941	0.000000	0.159965	0.001301	30.5
498	-1.016365	0.000000	0.159965	0.001556	30.0
499	-1.016348	0.000000	0.159965	0.001399	29.5
500	-1.016580	0.000000	0.159965	0.001453	29.8
501	-1.016781	0.000000	0.159965	0.001107	29.2
502	-1.015954	0.000000	0.159965	0.001483	29.0
503	-1.016603	0.000000	0.159965	0.000994	29.2
504	-1.015791	0.000000	0.159965	0.000963	29.1
505	-1.016205	0.000000	0.159965	0.001410	29.2
506	-1.016685	0.000000	0.159965	0.001256	29.7
507	-1.016829	0.000000	0.159965	0.001145	28.9
508	-1.016970	0.000000	0.159965	0.001282	28.8
509	-1.016360	0.000000	0.159965	0.001249	28.9
510	-1.016283	0.000000	0.159965	0.001280	29.2
511	-1.016382	0.000000	0.159965	0.001460	28.7
512	-1.016200	0.000000	0.159965	0.001355	28.9
513	-1.016121	0.000000	0.159965	0.001811	29.0
514	-1.015714	0.000000	0.159965	0.001196	29.2
515	-1.016609	0.000000	0.159965	0.001191	29.2
516	-1.015948	0.000000	0.159965	0.001382	29.0
517	-1.016582	0.000000	0.159965	0.001053	29.3
518	-1.016332	0.000000	0.159965	0.001083	29.0
519	-1.016316	0.000000	0.159965	0.001337	29.4
520	-1.016571	0.000000	0.159965	0.001391	29.1
521	-1.016402	0.000000	0.159965	0.001269	28.8
522	-1.016320	0.000000	0.159965	0.001522	29.0
523	-1.016349	0.000000	0.159965	0.000936	29.1
524	-1.016841	0.000000	0.159965	0.001008	29.5
525	-1.016434	0.000000	0.159965	0.001187	29.0
526	-1.016081	0.000000	0.159965	0.001034	29.0
527	-1.016325	0.000000	0.159965	0.001358	29.5
528	-1.015708	0.000000	0.159965	0.001288	29.1
529	-1.016292	0.000000	0.159965	0.001173	29.4
530	-1.016353	0.000000	0.159965	0.001457	29.8
531	-1.016301	0.000000	0.159965	0.001356	29.5
532	-1.016372	0.000000	0.159965	0.000899	29.6
533	-1.016772	0.000000	0.159965	0.001298	30.6
534	-1.016007	0.000000	0.159965	0.001224	29.4
535	-1.016487	0.000000	0.159965	0.001105	29.1
536	-1.016400	0.000000	0.159965	0.001351	28.8
537	-1.016393	0.000000	0.159965	0.001240	28.9
538	-1.016533	0.000000	0.159965	0.001112	28.8
539	-1.016220	0.000000	0.159965	0.001705	28.7
540	-1.016533	0.000000	0.159965	0.001097	28.7
541	-1.016308	0.000000	0.159965	0.000949	29.2
542	-1.016151	0.000000	0.159965	0.001275	29.0
543	-1.016120	0.000000	0.159965	0.001191	28.9
544	-1.016282	0.000000	0.159965	0.001277	28.8
545	-1.016315	0.000000	0.159965	0.001206	28.7
546	-1.016356	0.000000	0.159965	0.000967	28.9
547	-1.016426	0.000000	0.159965	0.000772	29.0
548	-1.016110	0.000000	0.159965	0.001135	29.2
549	-1.016404	0.000000	0.159965	0.001279	28.9
550	-1.016576	0.000000	0.159965	0.001242	29.1
551	-1.016294	0.000000	0.159965	0.001389	29.3
552	-1.016551	0.000000	0.159965	0.001421	28.9
553	-1.016070	0.000000	0.159965	0.001255	29.0
554	-1.016569	0.000000	0.159965	0.000801	29.3
555	-1.016644	0.000000	0.159965	0.001108	29.2
556	-1.016623	0.000000	0.159965	0.001046	29.1
557	-1.016116	0.000000	0.159965	0.001659	29.1
558	-1.016360	0.000000	0.159965	0.001256	29.0
559	-1.016371	0.000000	0.159965	0.001783	29.1
560	-1.016736	0.000000	0.159965	0.000973	29.5
561	-1.016279	0.000000	0.159965	0.001285	29.1
562	-1.016265	0.000000	0.159965	0.001131	29.2
563	-1.016095	0.000000	0.159965	0.001346	28.6
564	-1.015855	0.000000	0.159965	0.001149	29.4
565	-1.016611	0.000000	0.159965	0.001214	29.2
566	-1.016703	0.000000	0.159965	0.001069	29.1
567	-1.016198	0.000000	0.159965	0.000890	29.2
568	-1.015915	0.000000	0.159965	0.001156	29.9
569	-1.015959	0.000000	0.159965	0.001316	29.6
570	-1.016363	0.000000	0.159965	0.001143	29.1
571	-1.016625	0.000000	0.159965	0.000876	29.1
572	-1.016472	0.000000	0.159965	0.001442	28.7
573	-1.016405	0.000000	0.159965	0.001222	29.0
574	-1.016354	0.000000	0.159965	0.001786	29.5
575	-1.016603	0.000000	0.159965	0.001142	29.2
576	-1.016935	0.000000	0.159965	0.001369	29.1
577	-1.016390	0.000000	0.159965	0.001085	29.0
578	-1.016450	0.000000	0.159965	0.001181	29.0
579	-1.016521	0.000000	0.159965	0.001493	29.1
580	-1.016064	0.000000	0.159965	0.001290	30.4
581	-1.016558	0.000000	0.159965	0.001446	30.8
582	-1.016327	0.000000	0.159965	0.000981	30.3
583	-1.016347	0.000000	0.159965	0.001532	30.0
584	-1.015870	0.000000	0.159965	0.001374	29.8
585	-1.016441	0.000000	0.159965	0.001534	29.9
586	-1.016302	0.000000	0.159965	0.001203	30.4
587	-1.016522	0.000000	0.159965	0.000931	29.7
588	-1.016157	0.000000	0.159965	0.001337	30.1
589	-1.016856	0.000000	0.159965	0.001761	29.9
590	-1.016238	0.000000	0.159965	0.001168	29.7
591	-1.015812	0.000000	0.159965	0.001024	29.7
592	-1.016080	0.000000	0.159965	0.001305	29.8
593	-1.016103	0.000000	0.159965	0.001139	29.8
594	-1.016859	0.000000	0.159965	0.001193	29.9
595	-1.015959	0.000000	0.159965	0.001275	30.0
596	-1.015963	0.000000	0.159965	0.000826	30.4
597	-1.015889	0.000000	0.159965	0.001080	29.6
598	-1.016431	0.000000	0.159965	0.002081	29.6
599	-1.016077	0.000000	0.159965	0.001571	29.2
600	-1.016830	0.000000	0.159965	0.001889	29.3
601	-1.016034	0.000000	0.159965	0.001305	29.2
602	-1.016231	0.000000	0.159965	0.001223	29.5
603	-1.016023	0.000000	0.159965	0.001726	29.5
604	-1.016657	0.000000	0.159965	0.001146	29.3
605	-1.016352	0.000000	0.159965	0.001280	28.9
606	-1.016209	0.000000	0.159965	0.000801	28.7
607	-1.016272	0.000000	0.159965	0.001316	28.9
608	-1.015904	0.000000	0.159965	0.001578	28.9
609	-1.016511	0.000000	0.159965	0.001272	29.2
610	-1.016659	0.000000	0.159965	0.001178	29.1
611	-1.016290	0.000000	0.159965	0.001048	29.3
612	-1.016563	0.000000	0.159965	0.000992	29.1
613	-1.016354	0.000000	0.159965	0.001386	29.1
614	-1.016624	0.000000	0.159965	0.001284	29.1
615	-1.016281	0.000000	0.159965	0.001522	29.1
616	-1.016868	0.000000	0.159965	0.001432	29.2
617	-1.016029	0.000000	0.159965	0.001478	28.7
618	-1.016458	0.000000	0.159965	0.001323	28.9
619	-1.015992	0.000000	0.159965	0.001301	29.3
620	-1.016463	0.000000	0.159965	0.001007	29.1
621	-1.016189	0.000000	0.159965	0.001210	29.4
622	-1.016589	0.000000	0.159965	0.001640	29.0
623	-1.016331	0.000000	0.159965	0.001416	28.7
624	-1.016369	0.000000	0.159965	0.001662	28.8
625	-1.016570	0.000000	0.159965	0.001171	29.0
626	-1.016949	0.000000	0.159965	0.001592	29.1
627	-1.016034	0.000000	0.159965	0.000824	28.7
628	-1.016607	0.000000	0.159965	0.001514	29.0
629	-1.016887	0.000000	0.159965	0.001465	29.4
630	-1.016672	0.000000	0.159965	0.001152	29.1
631	-1.016211	0.000000	0.159965	0.001268	29.1
632	-1.016987	0.000000	0.159965	0.001034	29.4
633	-1.016408	0.000000	0.159965	0.001413	29.6
634	-1.016064	0.000000	0.159965	0.001037	29.2
635	-1.016176	0.000000	0.159965	0.001228	29.0
636	-1.016515	0.000000	0.159965	0.001461	29.6
637	-1.016649	0.000000	0.159965	0.001238	29.4
638	-1.016284	0.000000	0.159965	0.001613	29.2
639	-1.016542	0.000000	0.159965	0.001356	29.4
640	-1.015884	0.000000	0.159965	0.001294	28.9
641	-1.016135	0.000000	0.159965	0.001834	29.2
642	-1.016248	0.000000	0.159965	0.001163	29.2
643	-1.015760	0.000000	0.159965	0.001253	28.9
644	-1.016997	0.000000	0.159965	0.000876	28.8
645	-1.016059	0.000000	0.159965	0.001327	29.2
646	-1.016205	0.000000	0.159965	0.001021	28.8
647	-1.016347	0.000000	0.159965	0.001190	29.0
648	-1.016082	0.000000	0.159965	0.001032	29.1
649	-1.015948	0.000000	0.159965	0.001084	28.9
650	-1.016066	0.000000	0.159965	0.001166	29.1
651	-1.016300	0.000000	0.159965	0.001236	28.8
652	-1.016230	0.000000	0.159965	0.001283	28.8
653	-1.016406	0.000000	0.159965	0.001272	29.4
654	-1.016072	0.000000	0.159965	0.001403	29.2
655	-1.016511	0.000000	0.159965	0.001178	29.2
656	-1.015713	0.000000	0.159965	0.001327	29.7
657	-1.016416	0.000000	0.159965	0.001358	30.0
658	-1.016205	0.000000	0.159965	0.001380	28.9
659	-1.016664	0.000000	0.159965	0.001311	29.0
660	-1.016971	0.000000	0.159965	0.001373	28.9
661	-1.016193	0.000000	0.159965	0.001212	29.2
662	-1.016173	0.000000	0.159965	0.001443	28.9
663	-1.016101	0.000000	0.159965	0.001134	29.2
664	-1.016413	0.000000	0.159965	0.001171	29.6
665	-1.016047	0.000000	0.159965	0.001223	29.2
666	-1.015790	0.000000	0.159965	0.001620	29.1
667	-1.016384	0.000000	0.159965	0.001044	29.6
668	-1.016475	0.000000	0.159965	0.001472	29.1
669	-1.016631	0.000000	0.159965	0.001455	29.3
670	-1.016156	0.000000	0.159965	0.001231	29.3
671	-1.016091	0.000000	0.159965	0.001127	29.3
672	-1.015943	0.000000	0.159965	0.000903	29.0
673	-1.016168	0.000000	0.159965	0.001369	29.4
674	-1.016163	0.000000	0.159965	0.000880	29.4
675	-1.016494	0.000000	0.159965	0.001215	29.5
676	-1.016317	0.000000	0.159965	0.001282	29.1
677	-1.016629	0.000000	0.159965	0.001387	29.0
678	-1.016694	0.000000	0.159965	0.001334	29.1
679	-1.016177	0.000000	0.159965	0.001478	29.3
680	-1.015840	0.000000	0.159965	0.001195	28.8
681	-1.016025	0.000000	0.159965	0.001349	28.8
682	-1.016991	0.000000	0.159965	0.001834	28.8
683	-1.016772	0.000000	0.159965	0.000902	29.2
684	-1.016442	0.000000	0.159965	0.001337	29.2
685	-1.016586	0.000000	0.159965	0.001510	28.9
686	-1.016347	0.000000	0.159965	0.001530	28.8
687	-1.016320	0.000000	0.159965	0.001272	29.2
688	-1.016366	0.000000	0.159965	0.001135	28.9
689	-1.015910	0.000000	0.159965	0.001604	29.2
690	-1.016974	0.000000	0.159965	0.000844	28.9
691	-1.017075	0.000000	0.159965	0.001107	29.0
692	-1.016237	0.000000	0.159965	0.000934	29.4
693	-1.016299	0.000000	0.159965	0.001426	29.4
694	-1.016529	0.000000	0.159965	0.000875	29.4
695	-1.016294	0.000000	0.159965	0.000973	28.7
696	-1.016126	0.000000	0.159965	0.001517	29.1
697	-1.016331	0.000000	0.159965	0.001446	29.0
698	-1.016124	0.000000	0.159965	0.001228	29.2
699	-1.016370	0.000000	0.159965	0.001264	28.8
700	-1.016716	0.000000	0.159965	0.001148	29.2
701	-1.015986	0.000000	0.159965	0.000875	30.3
702	-1.016076	0.000000	0.159965	0.001331	29.9
703	-1.015834	0.000000	0.159965	0.001139	29.1
704	-1.016527	0.000000	0.159965	0.001502	29.5
705	-1.016098	0.000000	0.159965	0.001469	28.9
706	-1.016067	0.000000	0.159965	0.001164	28.8
707	-1.016463	0.000000	0.159965	0.001515	28.8
708	-1.016464	0.000000	0.159965	0.001309	29.0
709	-1.016374	0.000000	0.159965	0.001463	28.8
710	-1.016315	0.000000	0.159965	0.001019	29.3
711	-1.016284	0.000000	0.159965	0.001655	29.8
712	-1.016267	0.000000	0.159965	0.001250	29.5
713	-1.016455	0.000000	0.159965	0.001383	28.7
714	-1.016971	0.000000	0.159965	0.001333	28.8
715	-1.016151	0.000000	0.159965	0.001293	28.7
716	-1.016069	0.000000	0.159965	0.001456	28.7
717	-1.016221	0.000000	0.159965	0.001405	29.2
718	-1.016290	0.000000	0.159965	0.001328	28.9
719	-1.016210	0.000000	0.159965	0.001785	29.4
720	-1.017018	0.000000	0.159965	0.001574	29.2
721	-1.016034	0.000000	0.159965	0.001193	28.9
722	-1.016114	0.000000	0.159965	0.001513	29.2
723	-1.016339	0.000000	0.159965	0.001109	28.6
724	-1.016582	0.000000	0.159965	0.001201	28.8
725	-1.015815	0.000000	0.159965	0.001188	29.0
726	-1.016348	0.000000	0.159965	0.001259	29.4
727	-1.016952	0.000000	0.159965	0.001566	28.9
728	-1.016309	0.000000	0.159965	0.001563	29.5
729	-1.015700	0.000000	0.159965	0.001141	29.6
730	-1.016741	0.000000	0.159965	0.001502	29.0
731	-1.016230	0.000000	0.159965	0.001191	28.9
732	-1.016681	0.000000	0.159965	0.001272	28.8
733	-1.016643	0.000000	0.159965	0.000799	29.0
734	-1.016347	0.000000	0.159965	0.001435	28.9
735	-1.016214	0.000000	0.159965	0.001149	29.3
736	-1.016945	0.000000	0.159965	0.001549	29.3
737	-1.016749	0.000000	0.159965	0.001559	29.2
738	-1.016341	0.000000	0.159965	0.001881	29.4
739	-1.016011	0.000000	0.159965	0.001072	29.1
740	-1.016307	0.000000	0.159965	0.000920	28.8
741	-1.016581	0.000000	0.159965	0.001358	29.1
742	-1.016106	0.000000	0.159965	0.001207	28.9
743	-1.016483	0.000000	0.159965	0.001238	28.8
744	-1.015955	0.000000	0.159965	0.001730	28.9
745	-1.016286	0.000000	0.159965	0.001478	29.0
746	-1.016480	0.000000	0.159965	0.001298	29.7
747	-1.016241	0.000000	0.159965	0.001063	29.5
748	-1.016581	0.000000	0.159965	0.001456	29.0
749	-1.016130	0.000000	0.159965	0.001107	29.0
750	-1.016909	0.000000	0.159965	0.001246	29.0
751	-1.015900	0.000000	0.159965	0.001049	29.0
752	-1.015779	0.000000	0.159965	0.000923	29.2
753	-1.016419	0.000000	0.159965	0.001249	28.8
754	-1.016376	0.000000	0.159965	0.001309	28.8
755	-1.016577	0.000000	0.159965	0.001283	29.1
756	-1.016380	0.000000	0.159965	0.001025	29.0
757	-1.016111	0.000000	0.159965	0.001304	29.3
758	-1.016366	0.000000	0.159965	0.001116	29.1
759	-1.016401	0.000000	0.159965	0.001484	28.9
760	-1.016197	0.000000	0.159965	0.001074	28.7
761	-1.016787	0.000000	0.159965	0.001380	28.8
762	-1.016305	0.000000	0.159965	0.001334	28.7
763	-1.016212	0.000000	0.159965	0.001088	29.2
764	-1.016143	0.000000	0.159965	0.001126	29.1
765	-1.016815	0.000000	0.159965	0.001386	29.6
766	-1.016156	0.000000	0.159965	0.001425	29.3
767	-1.016321	0.000000	0.159965	0.001177	28.9
768	-1.015767	0.000000	0.159965	0.001374	29.0
769	-1.016070	0.000000	0.159965	0.001070	29.1
770	-1.016578	0.000000	0.159965	0.001138	29.9
771	-1.016381	0.000000	0.159965	0.001064	29.1
772	-1.016702	0.000000	0.159965	0.001286	28.9
773	-1.016884	0.000000	0.159965	0.001106	29.3
774	-1.016802	0.000000	0.159965	0.001230	29.3
775	-1.016526	0.000000	0.159965	0.001466	29.0
776	-1.015815	0.000000	0.159965	0.001324	28.8
777	-1.016283	0.000000	0.159965	0.001300	28.8
778	-1.016510	0.000000	0.159965	0.001388	28.9
779	-1.016330	0.000000	0.159965	0.001137	29.4
780	-1.016300	0.000000	0.159965	0.001403	29.1
781	-1.016032	0.000000	0.159965	0.001249	28.9
782	-1.016276	0.000000	0.159965	0.000928	29.3
783	-1.016802	0.000000	0.159965	0.000819	29.4
784	-1.016035	0.000000	0.159965	0.001468	29.0
785	-1.016622	0.000000	0.159965	0.001305	28.8
786	-1.016202	0.000000	0.159965	0.001459	29.2
787	-1.016361	0.000000	0.159965	0.001077	29.0
788	-1.016163	0.000000	0.159965	0.001281	28.9
789	-1.016793	0.000000	0.159965	0.001274	28.9
790	-1.016060	0.000000	0.159965	0.001376	29.2
791	-1.015873	0.000000	0.159965	0.001191	29.3
792	-1.016314	0.000000	0.159965	0.001091	29.3
793	-1.016990	0.000000	0.159965	0.001384	29.4
794	-1.016345	0.000000	0.159965	0.001342	29.1
795	-1.016712	0.000000	0.159965	0.001485	28.8
796	-1.016654	0.000000	0.159965	0.001386	28.8
797	-1.016590	0.000000	0.159965	0.000864	28.8
798	-1.016552	0.000000	0.159965	0.001361	29.1
799	-1.016572	0.000000	0.159965	0.001310	28.9
800	-1.016577	0.000000	0.159965	0.001144	29.3
801	-1.016375	0.000000	0.159965	0.001419	29.7
802	-1.016566	0.000000	0.159965	0.001585	29.1
803	-1.016133	0.000000	0.159965	0.001111	29.0
804	-1.016559	0.000000	0.159965	0.000996	29.5
805	-1.016685	0.000000	0.159965	0.001424	29.0
806	-1.016647	0.000000	0.159965	0.001059	28.9
807	-1.016117	0.000000	0.159965	0.001445	29.3
808	-1.015839	0.000000	0.159965	0.001305	29.0
809	-1.016449	0.000000	0.159965	0.000929	29.3
810	-1.016922	0.000000	0.159965	0.000884	28.9
811	-1.016563	0.000000	0.159965	0.001422	28.8
812	-1.016740	0.000000	0.159965	0.001431	28.7
813	-1.016183	0.000000	0.159965	0.001089	28.7
814	-1.015948	0.000000	0.159965	0.000905	29.3
815	-1.016002	0.000000	0.159965	0.001402	28.8
816	-1.016327	0.000000	0.159965	0.000957	28.9
817	-1.016571	0.000000	0.159965	0.001329	29.2
818	-1.016843	0.000000	0.159965	0.001397	29.1
819	-1.016413	0.000000	0.159965	0.001538	29.2
820	-1.016234	0.000000	0.159965	0.001179	29.4
821	-1.016489	0.000000	0.159965	0.001427	29.2
822	-1.016326	0.000000	0.159965	0.001338	28.9
823	-1.016492	0.000000	0.159965	0.001224	29.2
824	-1.016215	0.000000	0.159965	0.001238	29.1
825	-1.016097	0.000000	0.159965	0.001380	29.2
826	-1.016302	0.000000	0.159965	0.001346	28.8
827	-1.016008	0.000000	0.159965	0.001297	29.5
828	-1.016016	0.000000	0.159965	0.001699	29.2
829	-1.016743	0.000000	0.159965	0.001523	29.3
830	-1.015892	0.000000	0.159965	0.000729	29.0
831	-1.016309	0.000000	0.159965	0.001241	28.9
832	-1.016466	0.000000	0.159965	0.001125	28.8
833	-1.016362	0.000000	0.159965	0.001306	28.8
834	-1.016286	0.000000	0.159965	0.001074	29.0
835	-1.015835	0.000000	0.159965	0.001461	29.0
836	-1.015692	0.000000	0.159965	0.001157	29.1
837	-1.016343	0.000000	0.159965	0.001424	29.7
838	-1.016665	0.000000	0.159965	0.001230	30.1
839	-1.016217	0.000000	0.159965	0.001662	29.3
840	-1.015828	0.000000	0.159965	0.001154	29.0
841	-1.016265	0.000000	0.159965	0.001325	29.8
842	-1.016062	0.000000	0.159965	0.001460	29.2
843	-1.016936	0.000000	0.159965	0.001000	28.6
844	-1.016628	0.000000	0.159965	0.001185	28.7
845	-1.016029	0.000000	0.159965	0.001152	29.1
846	-1.015802	0.000000	0.159965	0.001804	29.2
847	-1.016251	0.000000	0.159965	0.001477	28.9
848	-1.016065	0.000000	0.159965	0.000734	29.3
849	-1.016317	0.000000	0.159965	0.001016	29.1
850	-1.016630	0.000000	0.159965	0.001302	28.8
851	-1.016256	0.000000	0.159965	0.001162	28.9
852	-1.016097	0.000000	0.159965	0.001072	29.1
853	-1.016311	0.000000	0.159965	0.001021	29.2
854	-1.016517	0.000000	0.159965	0.001363	29.3
855	-1.016525	0.000000	0.159965	0.001636	29.5
856	-1.016032	0.000000	0.159965	0.001271	29.2
857	-1.016449	0.000000	0.159965	0.001490	29.0
858	-1.016326	0.000000	0.159965	0.001405	29.0
859	-1.015752	0.000000	0.159965	0.001555	29.2
860	-1.016301	0.000000	0.159965	0.001242	28.8
861	-1.016147	0.000000	0.159965	0.001250	28.7
862	-1.016318	0.000000	0.159965	0.000966	29.1
863	-1.016605	0.000000	0.159965	0.001342	29.1
864	-1.016443	0.000000	0.159965	0.001077	29.0
865	-1.017222	0.000000	0.159965	0.001113	28.9
866	-1.016934	0.000000	0.159965	0.001517	29.0
867	-1.015966	0.000000	0.159965	0.001221	28.9
868	-1.016503	0.000000	0.159965	0.001337	28.8
869	-1.016517	0.000000	0.159965	0.000797	29.1
870	-1.016543	0.000000	0.159965	0.001067	29.2
871	-1.016960	0.000000	0.159965	0.001545	29.1
872	-1.016229	0.000000	0.159965	0.001077	29.8
873	-1.016716	0.000000	0.159965	0.001282	29.8
874	-1.016213	0.000000	0.159965	0.001304	29.3
875	-1.016905	0.000000	0.159965	0.001145	29.0
876	-1.016227	0.000000	0.159965	0.001403	30.0
877	-1.016171	0.000000	0.159965	0.001180	29.6
878	-1.016845	0.000000	0.159965	0.001222	29.3
879	-1.016065	0.000000	0.159965	0.000969	29.1
880	-1.016349	0.000000	0.159965	0.000827	28.8
881	-1.016425	0.000000	0.159965	0.001595	29.0
882	-1.016692	0.000000	0.159965	0.001251	29.1
883	-1.016574	0.000000	0.159965	0.001239	29.5
884	-1.015575	0.000000	0.159965	0.001370	29.2
885	-1.016686	0.000000	0.159965	0.001376	29.2
886	-1.016238	0.000000	0.159965	0.001118	29.2
887	-1.016453	0.000000	0.159965	0.000600	28.9
888	-1.016635	0.000000	0.159965	0.001364	29.2
889	-1.016312	0.000000	0.159965	0.001018	29.0
890	-1.016298	0.000000	0.159965	0.001229	29.1
891	-1.016449	0.000000	0.159965	0.001555	29.4
892	-1.016510	0.000000	0.159965	0.001076	29.0
893	-1.016509	0.000000	0.159965	0.001374	28.8
894	-1.015743	0.000000	0.159965	0.001513	28.7
895	-1.016602	0.000000	0.159965	0.001193	28.7
896	-1.016381	0.000000	0.159965	0.001250	29.2
897	-1.016386	0.000000	0.159965	0.001064	28.8
898	-1.016832	0.000000	0.159965	0.001202	29.2
899	-1.016104	0.000000	0.159965	0.001177	29.1
900	-1.015991	0.000000	0.159965	0.001246	29.4
901	-1.016428	0.000000	0.159965	0.001090	28.9
902	-1.016081	0.000000	0.159965	0.001124	29.1
903	-1.016404	0.000000	0.159965	0.001652	29.1
904	-1.016325	0.000000	0.159965	0.001016	29.1
905	-1.016030	0.000000	0.159965	0.001256	28.8
906	-1.016459	0.000000	0.159965	0.001098	29.5
907	-1.016504	0.000000	0.159965	0.001469	29.3
908	-1.016623	0.000000	0.159965	0.001298	29.4
909	-1.016499	0.000000	0.159965	0.000976	29.8
910	-1.015978	0.000000	0.159965	0.001539	29.7
911	-1.016215	0.000000	0.159965	0.001572	29.3
912	-1.016068	0.000000	0.159965	0.001453	29.2
913	-1.016390	0.000000	0.159965	0.001289	29.1
914	-1.015838	0.000000	0.159965	0.001367	28.8
915	-1.016067	0.000000	0.159965	0.001466	28.9
916	-1.016180	0.000000	0.159965	0.001329	28.9
917	-1.015723	0.000000	0.159965	0.000987	29.3
918	-1.016238	0.000000	0.159965	0.001034	29.2
919	-1.016718	0.000000	0.159965	0.001544	29.4
920	-1.016100	0.000000	0.159965	0.001060	29.4
921	-1.016200	0.000000	0.159965	0.000958	28.7
922	-1.016718	0.000000	0.159965	0.001786	28.8
923	-1.016623	0.000000	0.159965	0.001651	29.4
924	-1.015900	0.000000	0.159965	0.001255	29.0
925	-1.016729	0.000000	0.159965	0.001061	28.8
926	-1.016328	0.000000	0.159965	0.001002	29.3
927	-1.015854	0.000000	0.159965	0.000918	29.5
928	-1.016303	0.000000	0.159965	0.001573	29.4
929	-1.016104	0.000000	0.159965	0.001388	29.1
930	-1.016217	0.000000	0.159965	0.001378	29.1
931	-1.016538	0.000000	0.159965	0.001071	29.2
932	-1.016286	0.000000	0.159965	0.001594	29.0
933	-1.016717	0.000000	0.159965	0.001110	29.0
934	-1.015844	0.000000	0.159965	0.001467	28.8
935	-1.016440	0.000000	0.159965	0.001681	29.3
936	-1.016454	0.000000	0.159965	0.001071	29.3
937	-1.016238	0.000000	0.159965	0.001231	29.1
938	-1.016418	0.000000	0.159965	0.001301	29.5
939	-1.015999	0.000000	0.159965	0.001315	29.1
940	-1.015929	0.000000	0.159965	0.001857	28.9
941	-1.016164	0.000000	0.159965	0.001079	29.7
942	-1.016069	0.000000	0.159965	0.001292	29.1
943	-1.016956	0.000000	0.159965	0.000632	29.0
944	-1.016493	0.000000	0.159965	0.001279	29.9
945	-1.016393	0.000000	0.159965	0.001388	29.5
946	-1.016351	0.000000	0.159965	0.001370	29.0
947	-1.015685	0.000000	0.159965	0.001124	29.0
948	-1.015895	0.000000	0.159965	0.001130	29.1
949	-1.015977	0.000000	0.159965	0.001108	29.0
950	-1.016302	0.000000	0.159965	0.001418	29.3
951	-1.016400	0.000000	0.159965	0.001304	29.4
952	-1.016187	0.000000	0.159965	0.001173	28.9
953	-1.015990	0.000000	0.159965	0.000961	29.6
954	-1.016476	0.000000	0.159965	0.001282	29.2
955	-1.016642	0.000000	0.159965	0.001646	28.7
956	-1.016844	0.000000	0.159965	0.001571	29.2
957	-1.016408	0.000000	0.159965	0.001173	29.3
958	-1.016039	0.000000	0.159965	0.001500	29.0
959	-1.016274	0.000000	0.159965	0.001590	29.4
960	-1.016324	0.000000	0.159965	0.001156	29.0
961	-1.016338	0.000000	0.159965	0.001379	28.9
962	-1.016654	0.000000	0.159965	0.000994	29.2
963	-1.016720	0.000000	0.159965	0.001510	29.4
964	-1.016374	0.000000	0.159965	0.001063	29.2
965	-1.016859	0.000000	0.159965	0.001762	29.5
966	-1.015797	0.000000	0.159965	0.000997	29.2
967	-1.015790	0.000000	0.159965	0.001307	29.0
968	-1.016250	0.000000	0.159965	0.001409	28.9
969	-1.015850	0.000000	0.159965	0.001346	28.9
970	-1.016254	0.000000	0.159965	0.001475	29.1
971	-1.016068	0.000000	0.159965	0.001530	29.2
972	-1.016042	0.000000	0.159965	0.001022	29.4
973	-1.016225	0.000000	0.159965	0.001288	29.0
974	-1.016526	0.000000	0.159965	0.001372	28.8
975	-1.016641	0.000000	0.159965	0.001324	29.7
976	-1.016679	0.000000	0.159965	0.001596	29.3
977	-1.016200	0.000000	0.159965	0.001235	29.0
978	-1.016030	0.000000	0.159965	0.001506	29.1
979	-1.016265	0.000000	0.159965	0.001356	29.1
980	-1.016215	0.000000	0.159965	0.001463	29.5
981	-1.016032	0.000000	0.159965	0.001432	29.4
982	-1.016631	0.000000	0.159965	0.001705	29.2
983	-1.016283	0.000000	0.159965	0.001499	28.7
984	-1.016162	0.000000	0.159965	0.001399	28.8
985	-1.016500	0.000000	0.159965	0.001047	28.9
986	-1.016571	0.000000	0.159965	0.001372	29.0
987	-1.016183	0.000000	0.159965	0.001276	28.9
988	-1.016932	0.000000	0.159965	0.001240	29.1
989	-1.016572	0.000000	0.159965	0.001415	29.1
990	-1.016224	0.000000	0.159965	0.001211	29.3
991	-1.016747	0.000000	0.159965	0.001476	28.9
992	-1.016418	0.000000	0.159965	0.001239	29.1
993	-1.016426	0.000000	0.159965	0.001171	29.3
994	-1.016563	0.000000	0.159965	0.001031	29.1
995	-1.016765	0.000000	0.159965	0.000640	29.2
996	-1.016083	0.000000	0.159965	0.001271	29.5
997	-1.016253	0.000000	0.159965	0.000976	28.9
998	-1.015786	0.000000	0.159965	0.001700	29.5
999	-1.016351	0.000000	0.159965	0.001307	29.8
