1:ItNr	2:Metric	3a:Time	3b:StepSize	4:||Gradient||	Time[ms]
0	-0.081736	0.000000	0.159965	0.004527	2.7
1	-0.083830	0.000000	0.159965	0.005356	1.4
2	-0.081979	0.000000	0.159965	0.008704	1.4
3	-0.088834	0.000000	0.159965	0.006506	1.4
4	-0.086076	0.000000	0.159965	0.005910	1.6
5	-0.082769	0.000000	0.159965	0.004593	1.6
6	-0.082910	0.000000	0.159965	0.004264	1.7
7	-0.085513	0.000000	0.159965	0.006842	1.7
8	-0.081610	0.000000	0.159965	0.005527	1.7
9	-0.079578	0.000000	0.159965	0.004903	1.6
10	-0.081565	0.000000	0.159965	0.005755	1.7
11	-0.086387	0.000000	0.159965	0.006519	1.6
12	-0.076218	0.000000	0.159965	0.006152	1.6
13	-0.082503	0.000000	0.159965	0.005406	1.6
14	-0.086615	0.000000	0.159965	0.004727	1.6
15	-0.073073	0.000000	0.159965	0.005069	1.6
16	-0.085756	0.000000	0.159965	0.006583	1.6
17	-0.081724	0.000000	0.159965	0.009048	1.7
18	-0.086010	0.000000	0.159965	0.006553	1.9
19	-0.086826	0.000000	0.159965	0.006025	1.9
20	-0.085427	0.000000	0.159965	0.004080	1.9
21	-0.082722	0.000000	0.159965	0.008636	2.0
22	-0.075785	0.000000	0.159965	0.004039	2.0
23	-0.085039	0.000000	0.159965	0.007714	2.1
24	-0.083869	0.000000	0.159965	0.005704	2.3
25	-0.084688	0.000000	0.159965	0.007125	1.8
26	-0.082608	0.000000	0.159965	0.005605	2.1
27	-0.080209	0.000000	0.159965	0.005693	2.4
28	-0.087252	0.000000	0.159965	0.005724	2.2
29	-0.080642	0.000000	0.159965	0.005850	2.0
30	-0.084864	0.000000	0.159965	0.005479	2.4
31	-0.081122	0.000000	0.159965	0.004409	2.4
32	-0.076378	0.000000	0.159965	0.005724	2.6
33	-0.084054	0.000000	0.159965	0.006982	2.5
34	-0.085374	0.000000	0.159965	0.006998	2.6
35	-0.083955	0.000000	0.159965	0.004440	2.7
36	-0.085468	0.000000	0.159965	0.004209	2.7
37	-0.081600	0.000000	0.159965	0.004267	2.7
38	-0.086150	0.000000	0.159965	0.004183	2.5
39	-0.085999	0.000000	0.159965	0.003627	2.5
40	-0.086790	0.000000	0.159965	0.004004	2.6
41	-0.084860	0.000000	0.159965	0.003708	3.4
42	-0.082471	0.000000	0.159965	0.004562	3.4
43	-0.083255	0.000000	0.159965	0.004814	2.9
44	-0.087078	0.000000	0.159965	0.010755	3.4
45	-0.083854	0.000000	0.159965	0.004617	2.9
46	-0.084570	0.000000	0.159965	0.004200	3.0
47	-0.089530	0.000000	0.159965	0.004744	3.5
48	-0.087137	0.000000	0.159965	0.006363	2.8
49	-0.087041	0.000000	0.159965	0.006832	2.7
50	-0.087589	0.000000	0.159965	0.009432	2.8
51	-0.090871	0.000000	0.159965	0.004191	2.8
52	-0.086886	0.000000	0.159965	0.005338	3.2
53	-0.084763	0.000000	0.159965	0.005559	3.6
54	-0.086869	0.000000	0.159965	0.003867	3.6
55	-0.081300	0.000000	0.159965	0.003211	3.6
56	-0.085591	0.000000	0.159965	0.004922	3.8
57	-0.084298	0.000000	0.159965	0.007686	3.7
58	-0.085177	0.000000	0.159965	0.006061	3.7
59	-0.087992	0.000000	0.159965	0.006442	3.3
60	-0.084253	0.000000	0.159965	0.006054	3.1
61	-0.082185	0.000000	0.159965	0.006108	3.1
62	-0.086568	0.000000	0.159965	0.003939	3.7
63	-0.083782	0.000000	0.159965	0.006998	2.7
64	-0.077355	0.000000	0.159965	0.005075	2.8
65	-0.082791	0.000000	0.159965	0.006116	2.8
66	-0.086924	0.000000	0.159965	0.006963	2.6
67	-0.081588	0.000000	0.159965	0.005048	2.6
68	-0.086274	0.000000	0.159965	0.006262	2.9
69	-0.084427	0.000000	0.159965	0.004243	3.1
70	-0.086464	0.000000	0.159965	0.004470	3.1
71	-0.085238	0.000000	0.159965	0.005016	2.9
72	-0.082310	0.000000	0.159965	0.004105	2.5
73	-0.086454	0.000000	0.159965	0.005898	2.4
74	-0.088469	0.000000	0.159965	0.004492	2.5
75	-0.078217	0.000000	0.159965	0.005241	2.9
76	-0.086659	0.000000	0.159965	0.004721	2.3
77	-0.086130	0.000000	0.159965	0.005461	2.5
78	-0.081682	0.000000	0.159965	0.003422	2.5
79	-0.080384	0.000000	0.159965	0.006172	2.8
80	-0.086940	0.000000	0.159965	0.005918	3.4
81	-0.087978	0.000000	0.159965	0.004228	3.4
82	-0.086409	0.000000	0.159965	0.006220	3.2
83	-0.084700	0.000000	0.159965	0.006170	3.5
84	-0.087817	0.000000	0.159965	0.007549	3.3
85	-0.081341	0.000000	0.159965	0.004808	3.5
86	-0.084409	0.000000	0.159965	0.005932	3.4
87	-0.088136	0.000000	0.159965	0.007225	3.2
88	-0.084657	0.000000	0.159965	0.005447	3.3
89	-0.081193	0.000000	0.159965	0.006419	3.2
90	-0.088306	0.000000	0.159965	0.005004	3.1
91	-0.082439	0.000000	0.159965	0.006527	3.2
92	-0.089963	0.000000	0.159965	0.003181	2.8
93	-0.086148	0.000000	0.159965	0.007891	2.8
94	-0.080427	0.000000	0.159965	0.005848	2.8
95	-0.082818	0.000000	0.159965	0.008502	2.9
96	-0.082342	0.000000	0.159965	0.002364	3.5
97	-0.085965	0.000000	0.159965	0.005151	3.2
98	-0.086534	0.000000	0.159965	0.006228	2.8
99	-0.082005	0.000000	0.159965	0.005749	2.9
100	-0.090611	0.000000	0.159965	0.004838	3.5
101	-0.084052	0.000000	0.159965	0.004896	3.1
102	-0.081686	0.000000	0.159965	0.004875	3.2
103	-0.086375	0.000000	0.159965	0.004337	3.3
104	-0.082020	0.000000	0.159965	0.005132	3.1
105	-0.083915	0.000000	0.159965	0.004996	3.1
106	-0.085211	0.000000	0.159965	0.005889	3.2
107	-0.086532	0.000000	0.159965	0.005037	3.0
108	-0.092022	0.000000	0.159965	0.005774	3.1
109	-0.087020	0.000000	0.159965	0.005628	3.4
110	-0.083552	0.000000	0.159965	0.007074	2.8
111	-0.078364	0.000000	0.159965	0.006455	3.5
112	-0.082861	0.000000	0.159965	0.002753	3.4
113	-0.080682	0.000000	0.159965	0.003835	2.9
114	-0.083377	0.000000	0.159965	0.004265	2.9
115	-0.087411	0.000000	0.159965	0.006265	2.9
116	-0.078735	0.000000	0.159965	0.005502	3.4
117	-0.084406	0.000000	0.159965	0.003691	3.0
118	-0.079496	0.000000	0.159965	0.004238	3.5
119	-0.085509	0.000000	0.159965	0.004601	2.7
120	-0.084811	0.000000	0.159965	0.007197	3.6
121	-0.082071	0.000000	0.159965	0.004462	3.6
122	-0.086166	0.000000	0.159965	0.007001	3.6
123	-0.084042	0.000000	0.159965	0.003617	3.5
124	-0.084456	0.000000	0.159965	0.007367	2.9
125	-0.087008	0.000000	0.159965	0.002828	2.9
126	-0.082350	0.000000	0.159965	0.007430	2.8
127	-0.088289	0.000000	0.159965	0.006917	2.9
128	-0.080533	0.000000	0.159965	0.005074	3.2
129	-0.083834	0.000000	0.159965	0.004789	3.2
130	-0.079655	0.000000	0.159965	0.003396	3.1
131	-0.083741	0.000000	0.159965	0.002137	3.4
132	-0.083533	0.000000	0.159965	0.005204	3.2
133	-0.088550	0.000000	0.159965	0.004195	3.2
134	-0.081754	0.000000	0.159965	0.005383	3.2
135	-0.081902	0.000000	0.159965	0.005411	3.3
136	-0.087595	0.000000	0.159965	0.007239	3.5
137	-0.082558	0.000000	0.159965	0.003515	3.5
138	-0.082150	0.000000	0.159965	0.005567	3.1
139	-0.084327	0.000000	0.159965	0.005172	2.9
140	-0.085802	0.000000	0.159965	0.005679	2.8
141	-0.084662	0.000000	0.159965	0.006597	2.6
142	-0.082556	0.000000	0.159965	0.003055	2.9
143	-0.076479	0.000000	0.159965	0.005766	2.8
144	-0.083456	0.000000	0.159965	0.005838	3.1
145	-0.083492	0.000000	0.159965	0.006618	3.5
146	-0.082105	0.000000	0.159965	0.003778	3.5
147	-0.080475	0.000000	0.159965	0.006898	3.5
148	-0.086746	0.000000	0.159965	0.004694	3.2
149	-0.082966	0.000000	0.159965	0.003427	3.1
150	-0.084748	0.000000	0.159965	0.004549	2.9
151	-0.085904	0.000000	0.159965	0.005263	2.8
152	-0.081982	0.000000	0.159965	0.004114	2.8
153	-0.087493	0.000000	0.159965	0.007100	2.8
154	-0.087254	0.000000	0.159965	0.004156	2.9
155	-0.080969	0.000000	0.159965	0.006305	2.5
156	-0.085248	0.000000	0.159965	0.006525	2.5
157	-0.081904	0.000000	0.159965	0.004744	2.5
158	-0.086137	0.000000	0.159965	0.004965	2.4
159	-0.086186	0.000000	0.159965	0.006071	2.4
160	-0.085221	0.000000	0.159965	0.005925	3.3
161	-0.080195	0.000000	0.159965	0.005716	3.3
162	-0.087526	0.000000	0.159965	0.004259	3.0
163	-0.084401	0.000000	0.159965	0.005255	3.7
164	-0.086299	0.000000	0.159965	0.006930	3.0
165	-0.084104	0.000000	0.159965	0.005179	3.0
166	-0.078124	0.000000	0.159965	0.006457	3.4
167	-0.087576	0.000000	0.159965	0.003750	3.5
168	-0.084246	0.000000	0.159965	0.004693	3.4
169	-0.084411	0.000000	0.159965	0.006350	2.7
170	-0.084401	0.000000	0.159965	0.004813	2.9
171	-0.087898	0.000000	0.159965	0.003744	2.8
172	-0.080021	0.000000	0.159965	0.006076	2.9
173	-0.088512	0.000000	0.159965	0.004856	2.8
174	-0.087184	0.000000	0.159965	0.005016	2.9
175	-0.085047	0.000000	0.159965	0.004286	3.1
176	-0.084059	0.000000	0.159965	0.005975	3.6
177	-0.085881	0.000000	0.159965	0.007196	3.5
178	-0.085953	0.000000	0.159965	0.005678	3.5
179	-0.080489	0.000000	0.159965	0.003991	3.5
180	-0.084704	0.000000	0.159965	0.004834	3.0
181	-0.081376	0.000000	0.159965	0.008465	3.0
182	-0.082168	0.000000	0.159965	0.002724	3.4
183	-0.086800	0.000000	0.159965	0.005905	2.7
184	-0.078436	0.000000	0.159965	0.001999	2.6
185	-0.083871	0.000000	0.159965	0.004774	3.3
186	-0.083772	0.000000	0.159965	0.005971	3.1
187	-0.087220	0.000000	0.159965	0.004119	3.1
188	-0.079033	1.000000	0.155547	0.005404	3.4
189	-0.087969	0.200000	0.159054	0.006751	3.5
190	-0.078837	0.000000	0.159965	0.005201	3.3
191	-0.083454	0.000000	0.159965	0.003921	2.6
192	-0.087400	0.000000	0.159965	0.006273	3.3
193	-0.087053	0.000000	0.159965	0.004387	3.4
194	-0.082890	0.000000	0.159965	0.004053	3.5
195	-0.075459	0.000000	0.159965	0.006462	3.5
196	-0.083008	0.000000	0.159965	0.004935	3.4
197	-0.086753	0.000000	0.159965	0.006862	2.5
198	-0.082314	0.000000	0.159965	0.005302	2.5
199	-0.084889	0.000000	0.159965	0.003741	2.4
200	-0.084984	0.000000	0.159965	0.003800	2.5
201	-0.081119	0.000000	0.159965	0.004420	2.5
202	-0.084253	0.000000	0.159965	0.005806	2.4
203	-0.088251	0.000000	0.159965	0.008178	2.2
204	-0.083757	0.000000	0.159965	0.004776	2.2
205	-0.086695	0.000000	0.159965	0.003694	2.5
206	-0.083966	0.000000	0.159965	0.003899	2.3
207	-0.085381	0.000000	0.159965	0.004913	2.3
208	-0.079554	0.000000	0.159965	0.006015	2.3
209	-0.085017	0.000000	0.159965	0.005926	2.5
210	-0.084326	0.000000	0.159965	0.005766	3.0
211	-0.087048	0.000000	0.159965	0.008787	2.9
212	-0.077345	0.000000	0.159965	0.007452	3.0
213	-0.086469	0.000000	0.159965	0.004353	3.3
214	-0.086873	0.000000	0.159965	0.006819	3.4
215	-0.087517	0.000000	0.159965	0.007099	2.6
216	-0.086667	0.000000	0.159965	0.005727	2.6
217	-0.085102	0.000000	0.159965	0.005018	2.5
218	-0.083479	0.000000	0.159965	0.003157	2.4
219	-0.085644	0.000000	0.159965	0.002944	2.5
220	-0.087942	0.000000	0.159965	0.004714	3.1
221	-0.085318	0.000000	0.159965	0.006118	3.3
222	-0.085712	0.000000	0.159965	0.005173	3.4
223	-0.085691	0.000000	0.159965	0.003947	2.8
224	-0.084082	0.000000	0.159965	0.004517	2.8
225	-0.076588	0.000000	0.159965	0.004370	3.3
226	-0.083203	0.000000	0.159965	0.005934	3.3
227	-0.083335	0.000000	0.159965	0.005634	3.2
228	-0.084651	0.000000	0.159965	0.007358	3.2
229	-0.085495	0.000000	0.159965	0.006591	3.1
230	-0.082636	0.000000	0.159965	0.005420	3.5
231	-0.088870	0.000000	0.159965	0.005620	3.4
232	-0.087304	0.000000	0.159965	0.005265	2.9
233	-0.081198	0.000000	0.159965	0.007737	2.9
234	-0.078827	0.000000	0.159965	0.005662	2.7
235	-0.089374	0.000000	0.159965	0.007830	3.8
236	-0.083940	0.000000	0.159965	0.004707	3.3
237	-0.086125	0.000000	0.159965	0.004297	2.7
238	-0.088087	0.000000	0.159965	0.004127	2.8
239	-0.079748	0.000000	0.159965	0.004738	2.5
240	-0.085450	0.000000	0.159965	0.006811	2.5
241	-0.084018	0.000000	0.159965	0.005436	2.4
242	-0.082905	0.000000	0.159965	0.006099	2.5
243	-0.088652	0.000000	0.159965	0.006396	2.3
244	-0.084104	0.000000	0.159965	0.002828	2.5
245	-0.084656	0.000000	0.159965	0.004943	2.3
246	-0.088779	0.000000	0.159965	0.005732	2.3
247	-0.083856	0.000000	0.159965	0.006310	2.4
248	-0.082853	0.000000	0.159965	0.007947	2.4
249	-0.078739	0.000000	0.159965	0.006986	2.4
250	-0.085836	0.000000	0.159965	0.004450	2.4
251	-0.092113	0.000000	0.159965	0.003921	2.5
252	-0.080444	0.000000	0.159965	0.006148	2.4
253	-0.083555	0.000000	0.159965	0.004993	2.5
254	-0.083761	0.000000	0.159965	0.003056	3.1
255	-0.084579	0.000000	0.159965	0.004593	3.2
256	-0.086573	0.000000	0.159965	0.006824	3.0
257	-0.084717	0.000000	0.159965	0.003859	2.7
258	-0.082812	0.000000	0.159965	0.005866	2.7
259	-0.086752	0.000000	0.159965	0.004450	2.7
260	-0.087131	0.000000	0.159965	0.003636	2.7
261	-0.091492	0.000000	0.159965	0.004368	2.9
262	-0.084671	0.000000	0.159965	0.006195	2.7
263	-0.093135	0.000000	0.159965	0.006268	2.3
264	-0.081312	0.000000	0.159965	0.006656	2.4
265	-0.088263	0.000000	0.159965	0.003586	2.5
266	-0.082941	0.000000	0.159965	0.005424	2.3
267	-0.084619	0.000000	0.159965	0.006914	2.2
268	-0.081787	0.000000	0.159965	0.003665	2.2
269	-0.079956	0.000000	0.159965	0.004365	2.2
270	-0.083907	0.000000	0.159965	0.005037	2.1
271	-0.084623	0.000000	0.159965	0.004060	2.2
272	-0.088646	0.000000	0.159965	0.005277	2.2
273	-0.091514	0.000000	0.159965	0.004420	2.1
274	-0.079753	0.000000	0.159965	0.003144	2.7
275	-0.083564	0.000000	0.159965	0.004787	2.8
276	-0.085094	0.000000	0.159965	0.004457	3.0
277	-0.087559	0.000000	0.159965	0.006021	2.5
278	-0.081489	0.000000	0.159965	0.006105	2.7
279	-0.083537	0.000000	0.159965	0.003792	2.7
280	-0.081690	0.000000	0.159965	0.004806	2.7
281	-0.084211	0.000000	0.159965	0.006995	2.8
282	-0.081098	0.000000	0.159965	0.006349	3.4
283	-0.082004	0.000000	0.159965	0.004188	2.8
284	-0.084351	0.000000	0.159965	0.006497	3.3
285	-0.084728	0.000000	0.159965	0.006011	3.1
286	-0.085330	0.000000	0.159965	0.004023	3.5
287	-0.084558	0.000000	0.159965	0.005726	3.5
288	-0.086388	0.000000	0.159965	0.004513	3.5
289	-0.086219	0.000000	0.159965	0.005718	3.5
290	-0.085199	0.000000	0.159965	0.007683	3.4
291	-0.080939	0.000000	0.159965	0.006787	3.2
292	-0.080031	0.000000	0.159965	0.004673	3.1
293	-0.084631	0.000000	0.159965	0.005654	3.0
294	-0.080554	0.000000	0.159965	0.006250	3.0
295	-0.082940	0.000000	0.159965	0.003722	2.5
296	-0.084065	0.000000	0.159965	0.006109	2.8
297	-0.082907	0.000000	0.159965	0.006881	2.8
298	-0.084655	0.000000	0.159965	0.006548	3.4
299	-0.086092	0.000000	0.159965	0.004279	2.8
300	-0.085832	0.000000	0.159965	0.005945	2.9
301	-0.084466	0.000000	0.159965	0.005370	3.7
302	-0.087054	0.000000	0.159965	0.004795	2.8
303	-0.081468	0.000000	0.159965	0.004402	2.9
304	-0.084434	0.000000	0.159965	0.004959	2.9
305	-0.086794	0.000000	0.159965	0.003278	3.2
306	-0.087766	0.000000	0.159965	0.003159	3.0
307	-0.080223	0.000000	0.159965	0.005679	2.7
308	-0.085322	0.000000	0.159965	0.008753	3.6
309	-0.080246	0.000000	0.159965	0.007901	3.6
310	-0.085945	0.000000	0.159965	0.003142	3.4
311	-0.079632	0.000000	0.159965	0.006264	3.5
312	-0.082106	0.000000	0.159965	0.006289	3.1
313	-0.083198	0.000000	0.159965	0.006324	2.9
314	-0.087578	0.000000	0.159965	0.008540	2.9
315	-0.085240	0.000000	0.159965	0.005965	3.0
316	-0.086256	0.000000	0.159965	0.004478	3.5
317	-0.091450	0.000000	0.159965	0.005460	3.5
318	-0.087526	0.000000	0.159965	0.003661	3.2
319	-0.083136	0.000000	0.159965	0.007131	2.8
320	-0.084190	0.000000	0.159965	0.009481	2.4
321	-0.082042	0.000000	0.159965	0.005209	2.7
322	-0.086358	0.000000	0.159965	0.005206	2.9
323	-0.083796	0.000000	0.159965	0.003819	2.9
324	-0.083002	0.000000	0.159965	0.005146	2.4
325	-0.088343	0.000000	0.159965	0.007920	2.6
326	-0.083551	0.000000	0.159965	0.007553	3.3
327	-0.080597	0.000000	0.159965	0.004289	3.2
328	-0.084397	0.000000	0.159965	0.005851	3.1
329	-0.084305	0.000000	0.159965	0.005337	2.8
330	-0.085575	0.000000	0.159965	0.005725	2.9
331	-0.082533	0.000000	0.159965	0.004439	2.6
332	-0.084714	0.000000	0.159965	0.006623	2.5
333	-0.087565	0.000000	0.159965	0.003732	2.6
334	-0.089950	0.000000	0.159965	0.007570	2.7
335	-0.083892	0.000000	0.159965	0.005032	2.6
336	-0.080611	0.000000	0.159965	0.005235	2.5
337	-0.089104	0.000000	0.159965	0.006815	2.6
338	-0.084638	0.000000	0.159965	0.003241	2.5
339	-0.089222	0.000000	0.159965	0.008303	2.8
340	-0.089252	0.000000	0.159965	0.008054	3.4
341	-0.081166	0.000000	0.159965	0.003679	3.5
342	-0.078056	0.000000	0.159965	0.004355	3.2
343	-0.082469	0.000000	0.159965	0.004834	3.4
344	-0.086110	0.000000	0.159965	0.002794	2.8
345	-0.083077	0.000000	0.159965	0.006312	3.5
346	-0.082667	0.000000	0.159965	0.004915	3.6
347	-0.086433	0.000000	0.159965	0.006550	3.3
348	-0.082973	0.000000	0.159965	0.005219	2.9
349	-0.084899	0.000000	0.159965	0.004768	2.6
350	-0.080149	0.000000	0.159965	0.004331	2.5
351	-0.081396	0.000000	0.159965	0.004771	3.6
352	-0.082686	0.000000	0.159965	0.006491	3.5
353	-0.082607	0.000000	0.159965	0.004676	3.5
354	-0.083671	0.000000	0.159965	0.004407	3.3
355	-0.082590	0.000000	0.159965	0.006597	2.7
356	-0.081993	0.000000	0.159965	0.007846	2.6
357	-0.086120	0.000000	0.159965	0.005401	2.6
358	-0.089088	0.000000	0.159965	0.003843	2.6
359	-0.083458	0.000000	0.159965	0.002749	2.8
360	-0.078578	0.000000	0.159965	0.004523	2.7
361	-0.084493	0.000000	0.159965	0.006285	2.9
362	-0.079199	0.000000	0.159965	0.004665	2.8
363	-0.081190	0.000000	0.159965	0.006885	2.5
364	-0.084021	0.000000	0.159965	0.003937	3.0
365	-0.081135	0.000000	0.159965	0.007103	3.3
366	-0.088809	0.000000	0.159965	0.005029	2.6
367	-0.086731	0.000000	0.159965	0.007031	3.3
368	-0.086474	0.000000	0.159965	0.003851	3.0
369	-0.081323	0.000000	0.159965	0.005270	2.9
370	-0.088252	0.000000	0.159965	0.005935	3.3
371	-0.085147	0.000000	0.159965	0.004991	3.3
372	-0.084724	0.000000	0.159965	0.004432	3.6
373	-0.080108	0.000000	0.159965	0.006551	2.8
374	-0.080464	0.000000	0.159965	0.005182	3.3
375	-0.087993	0.000000	0.159965	0.004337	3.0
376	-0.084880	0.000000	0.159965	0.005529	3.5
377	-0.082524	0.000000	0.159965	0.005540	3.4
378	-0.086940	0.000000	0.159965	0.006516	2.8
379	-0.081309	0.000000	0.159965	0.006013	3.5
380	-0.082636	0.000000	0.159965	0.006425	3.5
381	-0.085703	0.000000	0.159965	0.006221	3.3
382	-0.083390	0.000000	0.159965	0.008381	2.3
383	-0.088822	0.000000	0.159965	0.004453	2.4
384	-0.082531	0.000000	0.159965	0.005239	2.3
385	-0.081759	0.000000	0.159965	0.006761	2.6
386	-0.086280	0.000000	0.159965	0.005108	3.3
387	-0.080283	0.000000	0.159965	0.003318	3.3
388	-0.080907	0.000000	0.159965	0.003873	2.5
389	-0.082364	0.000000	0.159965	0.006893	2.6
390	-0.086549	0.000000	0.159965	0.003368	2.8
391	-0.087641	0.000000	0.159965	0.005044	3.4
392	-0.084751	0.000000	0.159965	0.002991	3.4
393	-0.086159	0.000000	0.159965	0.004907	3.3
394	-0.083078	0.000000	0.159965	0.007616	2.9
395	-0.083736	0.000000	0.159965	0.006181	2.8
396	-0.082985	0.000000	0.159965	0.004817	2.9
397	-0.088746	0.000000	0.159965	0.005271	3.4
398	-0.082166	0.000000	0.159965	0.003522	3.0
399	-0.084709	0.000000	0.159965	0.005704	3.3
400	-0.087727	0.000000	0.159965	0.003942	3.5
401	-0.083993	0.000000	0.159965	0.006354	3.3
402	-0.086153	0.000000	0.159965	0.004615	3.5
403	-0.089949	0.000000	0.159965	0.004690	3.3
404	-0.079587	0.000000	0.159965	0.002843	2.4
405	-0.085199	0.000000	0.159965	0.003849	2.5
406	-0.082596	0.000000	0.159965	0.004314	2.5
407	-0.084498	0.000000	0.159965	0.006073	3.1
408	-0.085910	0.000000	0.159965	0.004188	3.8
409	-0.086316	0.000000	0.159965	0.004437	3.7
410	-0.092167	0.000000	0.159965	0.006079	3.5
411	-0.085169	0.000000	0.159965	0.006290	2.9
412	-0.086071	0.000000	0.159965	0.005737	2.5
413	-0.082878	0.000000	0.159965	0.004499	3.5
414	-0.086665	0.000000	0.159965	0.006361	3.3
415	-0.082381	0.000000	0.159965	0.003061	2.8
416	-0.081996	0.000000	0.159965	0.007220	2.9
417	-0.085121	0.000000	0.159965	0.006658	2.9
418	-0.083289	0.000000	0.159965	0.003637	3.2
419	-0.084629	0.000000	0.159965	0.007581	3.5
420	-0.083887	0.000000	0.159965	0.005598	3.3
421	-0.087727	0.000000	0.159965	0.004128	2.7
422	-0.081374	0.000000	0.159965	0.004165	2.8
423	-0.088866	0.000000	0.159965	0.004916	2.9
424	-0.082815	0.000000	0.159965	0.005994	2.9
425	-0.085219	0.000000	0.159965	0.005705	3.2
426	-0.086484	0.000000	0.159965	0.007839	2.8
427	-0.081401	0.000000	0.159965	0.007252	2.9
428	-0.081374	0.000000	0.159965	0.006495	2.8
429	-0.084578	0.000000	0.159965	0.007296	2.8
430	-0.084832	0.000000	0.159965	0.005602	2.8
431	-0.088255	0.000000	0.159965	0.004820	2.8
432	-0.083303	0.000000	0.159965	0.003667	2.9
433	-0.081410	0.000000	0.159965	0.006136	3.0
434	-0.088245	0.000000	0.159965	0.006040	3.2
435	-0.082080	0.000000	0.159965	0.005710	3.2
436	-0.087069	0.000000	0.159965	0.006607	3.2
437	-0.081011	0.000000	0.159965	0.003851	3.2
438	-0.080242	0.000000	0.159965	0.005190	3.4
439	-0.087742	0.000000	0.159965	0.007627	2.9
440	-0.084814	0.000000	0.159965	0.002900	2.8
441	-0.081789	0.000000	0.159965	0.005453	2.9
442	-0.084600	0.000000	0.159965	0.006277	2.9
443	-0.079604	0.000000	0.159965	0.006718	3.6
444	-0.088930	0.000000	0.159965	0.005795	2.5
445	-0.086720	0.000000	0.159965	0.003284	2.5
446	-0.087996	0.000000	0.159965	0.005623	2.5
447	-0.081255	0.000000	0.159965	0.003396	3.2
448	-0.084874	1.000000	0.155547	0.004700	3.3
449	-0.083121	0.200000	0.159054	0.006161	3.3
450	-0.079555	0.000000	0.159965	0.005148	2.5
451	-0.082397	0.000000	0.159965	0.004537	3.3
452	-0.083670	0.000000	0.159965	0.005198	3.5
453	-0.084305	0.000000	0.159965	0.003046	3.4
454	-0.083352	0.000000	0.159965	0.006095	3.3
455	-0.081120	0.000000	0.159965	0.006977	2.9
456	-0.083200	0.000000	0.159965	0.007506	2.6
457	-0.088767	0.000000	0.159965	0.004573	2.5
458	-0.085473	0.000000	0.159965	0.005642	2.4
459	-0.083564	0.000000	0.159965	0.004426	2.3
460	-0.084443	0.000000	0.159965	0.004580	2.5
461	-0.085384	0.000000	0.159965	0.006161	2.5
462	-0.083626	0.000000	0.159965	0.005321	2.2
463	-0.085172	0.000000	0.159965	0.004857	2.3
464	-0.084285	0.000000	0.159965	0.005525	2.3
465	-0.083467	0.000000	0.159965	0.004433	3.2
466	-0.082954	0.000000	0.159965	0.006471	3.0
467	-0.086053	0.000000	0.159965	0.005604	3.1
468	-0.086880	0.000000	0.159965	0.008986	3.0
469	-0.085698	0.000000	0.159965	0.004604	2.9
470	-0.079036	0.000000	0.159965	0.005911	3.3
471	-0.084132	0.000000	0.159965	0.008796	2.7
472	-0.084144	0.000000	0.159965	0.006620	3.3
473	-0.086925	0.000000	0.159965	0.005923	2.7
474	-0.083921	0.000000	0.159965	0.005173	2.6
475	-0.082426	0.000000	0.159965	0.008566	2.6
476	-0.083566	0.000000	0.159965	0.004792	2.8
477	-0.082594	0.000000	0.159965	0.005636	2.4
478	-0.082252	0.000000	0.159965	0.004384	2.3
479	-0.087871	0.000000	0.159965	0.004068	2.6
480	-0.087660	0.000000	0.159965	0.005574	2.9
481	-0.083968	0.000000	0.159965	0.006963	2.8
482	-0.079877	0.000000	0.159965	0.005737	2.6
483	-0.086063	0.000000	0.159965	0.004422	3.4
484	-0.082478	0.000000	0.159965	0.006337	3.2
485	-0.082811	0.000000	0.159965	0.006021	2.7
486	-0.084692	0.000000	0.159965	0.008330	3.0
487	-0.089808	0.000000	0.159965	0.004157	3.2
488	-0.083760	0.000000	0.159965	0.004012	3.2
489	-0.085307	0.000000	0.159965	0.003786	3.0
490	-0.080234	0.000000	0.159965	0.006457	3.0
491	-0.083582	0.000000	0.159965	0.004528	3.0
492	-0.082637	0.000000	0.159965	0.007363	3.0
493	-0.089897	0.000000	0.159965	0.007914	2.8
494	-0.085616	0.000000	0.159965	0.005938	2.8
495	-0.081410	0.000000	0.159965	0.004100	2.9
496	-0.089797	0.000000	0.159965	0.004002	2.3
497	-0.085415	0.000000	0.159965	0.005510	2.4
498	-0.083391	0.000000	0.159965	0.005897	2.8
499	-0.089698	0.000000	0.159965	0.003315	3.5
500	-0.083050	0.000000	0.159965	0.006432	3.3
501	-0.084806	0.000000	0.159965	0.004971	3.3
502	-0.086128	0.000000	0.159965	0.005982	2.4
503	-0.085224	0.000000	0.159965	0.007851	2.5
504	-0.083613	0.000000	0.159965	0.007811	2.7
505	-0.082170	0.000000	0.159965	0.005070	2.9
506	-0.085853	0.000000	0.159965	0.005168	3.3
507	-0.084173	0.000000	0.159965	0.006313	2.5
508	-0.082741	0.000000	0.159965	0.005242	2.3
509	-0.083207	0.000000	0.159965	0.005496	2.4
510	-0.084982	0.000000	0.159965	0.004899	2.3
511	-0.083129	0.000000	0.159965	0.004529	2.4
512	-0.088738	0.000000	0.159965	0.009313	2.6
513	-0.086908	0.000000	0.159965	0.006021	2.5
514	-0.082314	0.000000	0.159965	0.006540	2.4
515	-0.084155	0.000000	0.159965	0.005817	2.2
516	-0.090540	0.000000	0.159965	0.006312	2.7
517	-0.084629	0.000000	0.159965	0.007362	2.7
518	-0.076823	0.000000	0.159965	0.005601	3.1
519	-0.089033	0.000000	0.159965	0.006929	3.3
520	-0.086620	0.000000	0.159965	0.007438	3.1
521	-0.087151	0.000000	0.159965	0.005198	3.0
522	-0.085284	0.000000	0.159965	0.005123	3.4
523	-0.081867	0.000000	0.159965	0.004530	3.0
524	-0.086276	0.000000	0.159965	0.002982	3.2
525	-0.082621	0.000000	0.159965	0.006624	2.5
526	-0.083818	0.000000	0.159965	0.006664	2.3
527	-0.087055	0.000000	0.159965	0.005763	2.3
528	-0.089664	0.000000	0.159965	0.006053	2.3
529	-0.084261	0.000000	0.159965	0.005275	2.6
530	-0.089402	0.000000	0.159965	0.005593	2.7
531	-0.087396	0.000000	0.159965	0.007251	2.5
532	-0.085061	0.000000	0.159965	0.004407	3.1
533	-0.079812	0.000000	0.159965	0.006714	3.0
534	-0.085622	0.000000	0.159965	0.005713	2.9
535	-0.081996	0.000000	0.159965	0.010511	2.8
536	-0.082295	0.000000	0.159965	0.005949	3.4
537	-0.081671	0.000000	0.159965	0.006744	3.0
538	-0.079882	0.000000	0.159965	0.005947	2.8
539	-0.085531	0.000000	0.159965	0.005041	3.3
540	-0.078221	0.000000	0.159965	0.004517	3.3
541	-0.083561	0.000000	0.159965	0.004874	3.1
542	-0.079976	0.000000	0.159965	0.007618	3.1
543	-0.084994	0.000000	0.159965	0.006554	3.1
544	-0.084286	0.000000	0.159965	0.004939	2.6
545	-0.080941	0.000000	0.159965	0.005559	3.5
546	-0.087624	0.000000	0.159965	0.007720	3.5
547	-0.089845	0.000000	0.159965	0.007614	2.8
548	-0.085300	0.000000	0.159965	0.004042	2.8
549	-0.088432	0.000000	0.159965	0.004887	3.0
550	-0.085271	0.000000	0.159965	0.004131	3.5
551	-0.080317	0.000000	0.159965	0.005363	3.3
552	-0.077792	0.000000	0.159965	0.006569	3.4
553	-0.084036	0.000000	0.159965	0.005012	3.3
554	-0.083975	0.000000	0.159965	0.005969	3.0
555	-0.083048	0.000000	0.159965	0.005055	3.4
556	-0.082443	0.000000	0.159965	0.005025	3.2
557	-0.089740	0.000000	0.159965	0.008591	2.8
558	-0.090948	0.000000	0.159965	0.003461	2.7
559	-0.084204	0.000000	0.159965	0.008043	2.4
560	-0.083784	0.000000	0.159965	0.007467	2.4
561	-0.082496	0.000000	0.159965	0.007502	2.5
562	-0.083992	0.000000	0.159965	0.006744	2.3
563	-0.085127	0.000000	0.159965	0.008958	2.3
564	-0.083214	0.000000	0.159965	0.005537	2.2
565	-0.081545	0.000000	0.159965	0.004934	2.2
566	-0.083126	0.000000	0.159965	0.006483	2.9
567	-0.083110	0.000000	0.159965	0.003628	2.8
568	-0.086401	0.000000	0.159965	0.006707	2.7
569	-0.086814	0.000000	0.159965	0.006572	2.7
570	-0.083715	0.000000	0.159965	0.005598	2.7
571	-0.084381	0.000000	0.159965	0.004506	2.7
572	-0.080400	0.000000	0.159965	0.004448	2.4
573	-0.084881	0.000000	0.159965	0.005584	2.7
574	-0.080200	0.000000	0.159965	0.005196	3.4
575	-0.079864	0.000000	0.159965	0.004381	3.1
576	-0.084201	0.000000	0.159965	0.006253	3.2
577	-0.085417	0.000000	0.159965	0.005125	2.7
578	-0.089906	0.000000	0.159965	0.006725	2.9
579	-0.084359	0.000000	0.159965	0.003632	3.3
580	-0.084462	0.000000	0.159965	0.006497	3.0
581	-0.083722	0.000000	0.159965	0.008659	3.5
582	-0.083960	0.000000	0.159965	0.005322	3.4
583	-0.082082	0.000000	0.159965	0.006467	3.3
584	-0.079970	0.000000	0.159965	0.004831	3.0
585	-0.085519	0.000000	0.159965	0.006462	3.3
586	-0.082678	0.000000	0.159965	0.004194	3.2
587	-0.082895	0.000000	0.159965	0.005889	3.1
588	-0.083191	0.000000	0.159965	0.003591	2.8
589	-0.084726	0.000000	0.159965	0.004844	2.9
590	-0.083420	0.000000	0.159965	0.006697	2.8
591	-0.085070	0.000000	0.159965	0.006839	3.1
592	-0.082714	0.000000	0.159965	0.003553	3.0
593	-0.081010	0.000000	0.159965	0.003194	2.9
594	-0.083198	0.000000	0.159965	0.006173	2.4
595	-0.086298	0.000000	0.159965	0.004330	2.5
596	-0.082939	0.000000	0.159965	0.007303	2.5
597	-0.088657	0.000000	0.159965	0.005550	2.7
598	-0.082733	0.000000	0.159965	0.006014	2.3
599	-0.087463	0.000000	0.159965	0.006295	2.5
600	-0.078755	0.000000	0.159965	0.006518	2.2
601	-0.087786	0.000000	0.159965	0.006257	2.2
602	-0.080191	0.000000	0.159965	0.006193	2.4
603	-0.085790	0.000000	0.159965	0.003874	2.4
604	-0.084177	0.000000	0.159965	0.004719	2.6
605	-0.081740	0.000000	0.159965	0.008684	2.9
606	-0.088450	0.000000	0.159965	0.005675	3.3
607	-0.084042	0.000000	0.159965	0.007128	3.3
608	-0.087533	0.000000	0.159965	0.004931	2.7
609	-0.083206	0.000000	0.159965	0.007318	2.7
610	-0.084707	0.000000	0.159965	0.005521	2.7
611	-0.087900	0.000000	0.159965	0.006678	2.7
612	-0.085546	0.000000	0.159965	0.005832	2.7
613	-0.082652	0.000000	0.159965	0.003906	2.7
614	-0.080413	0.000000	0.159965	0.002764	3.2
615	-0.082597	0.000000	0.159965	0.004780	2.2
616	-0.087017	0.000000	0.159965	0.006619	2.5
617	-0.085517	0.000000	0.159965	0.003577	2.3
618	-0.080346	0.000000	0.159965	0.006336	2.3
619	-0.087249	0.000000	0.159965	0.004895	2.6
620	-0.087456	0.000000	0.159965	0.005217	3.2
621	-0.084416	0.000000	0.159965	0.004704	2.4
622	-0.083573	0.000000	0.159965	0.004473	2.4
623	-0.081613	0.000000	0.159965	0.004389	2.3
624	-0.085028	0.000000	0.159965	0.003990	2.4
625	-0.087410	0.000000	0.159965	0.003603	2.3
626	-0.083532	0.000000	0.159965	0.006153	2.3
627	-0.087224	0.000000	0.159965	0.006824	3.0
628	-0.081054	0.000000	0.159965	0.006978	2.4
629	-0.082941	0.000000	0.159965	0.005863	2.4
630	-0.084250	0.000000	0.159965	0.006913	2.9
631	-0.083689	0.000000	0.159965	0.008292	2.9
632	-0.086960	0.000000	0.159965	0.004625	2.4
633	-0.086097	0.000000	0.159965	0.004639	3.2
634	-0.088399	0.000000	0.159965	0.004160	3.0
635	-0.086656	0.000000	0.159965	0.008233	3.1
636	-0.085424	0.000000	0.159965	0.005770	3.2
637	-0.088529	0.000000	0.159965	0.006166	3.4
638	-0.083956	0.000000	0.159965	0.005461	3.3
639	-0.086639	0.000000	0.159965	0.004642	3.1
640	-0.082155	0.000000	0.159965	0.007132	2.7
641	-0.086813	0.000000	0.159965	0.007257	3.2
642	-0.085251	0.000000	0.159965	0.003536	2.4
643	-0.087460	0.000000	0.159965	0.003888	2.7
644	-0.081783	0.000000	0.159965	0.004767	3.3
645	-0.087133	0.000000	0.159965	0.004282	2.5
646	-0.086259	0.000000	0.159965	0.003615	2.5
647	-0.087044	0.000000	0.159965	0.004720	2.6
648	-0.085313	0.000000	0.159965	0.007800	3.4
649	-0.085703	0.000000	0.159965	0.004194	3.4
650	-0.083782	0.000000	0.159965	0.008206	3.1
651	-0.080692	0.000000	0.159965	0.004331	2.4
652	-0.086697	0.000000	0.159965	0.006969	2.4
653	-0.085301	0.000000	0.159965	0.004762	2.5
654	-0.082899	0.000000	0.159965	0.005894	2.4
655	-0.083940	0.000000	0.159965	0.006461	2.3
656	-0.082824	0.000000	0.159965	0.006263	2.6
657	-0.083865	0.000000	0.159965	0.005798	3.4
658	-0.084335	0.000000	0.159965	0.007261	2.7
659	-0.082258	0.000000	0.159965	0.005300	3.2
660	-0.087494	0.000000	0.159965	0.004716	2.2
661	-0.080414	0.000000	0.159965	0.007090	2.3
662	-0.087215	0.000000	0.159965	0.005163	2.7
663	-0.087635	0.000000	0.159965	0.004862	3.5
664	-0.084885	0.000000	0.159965	0.006205	3.4
665	-0.081640	0.000000	0.159965	0.005824	3.5
666	-0.085978	0.000000	0.159965	0.008220	3.6
667	-0.081162	0.000000	0.159965	0.006649	3.4
668	-0.090722	0.000000	0.159965	0.006210	3.5
669	-0.079096	0.000000	0.159965	0.006980	3.2
670	-0.086802	0.000000	0.159965	0.005699	3.7
671	-0.081515	0.000000	0.159965	0.007233	3.5
672	-0.078866	0.000000	0.159965	0.003440	3.4
673	-0.081936	0.000000	0.159965	0.003340	3.3
674	-0.083603	0.000000	0.159965	0.005141	3.2
675	-0.082929	0.000000	0.159965	0.004563	3.3
676	-0.080635	0.000000	0.159965	0.005182	3.1
677	-0.082210	0.000000	0.159965	0.005677	3.4
678	-0.087305	0.000000	0.159965	0.002987	3.5
679	-0.080100	0.000000	0.159965	0.005332	3.4
680	-0.084955	0.000000	0.159965	0.004794	3.2
681	-0.081713	0.000000	0.159965	0.005123	3.0
682	-0.087207	0.000000	0.159965	0.006016	3.5
683	-0.081692	0.000000	0.159965	0.004544	3.5
684	-0.085056	0.000000	0.159965	0.005927	3.1
685	-0.085656	0.000000	0.159965	0.003815	2.8
686	-0.082126	0.000000	0.159965	0.004575	3.4
687	-0.085124	0.000000	0.159965	0.006062	3.6
688	-0.088061	0.000000	0.159965	0.004063	3.2
689	-0.090902	0.000000	0.159965	0.005866	2.8
690	-0.085857	0.000000	0.159965	0.008070	2.9
691	-0.083337	0.000000	0.159965	0.006998	3.5
692	-0.082565	0.000000	0.159965	0.005912	3.2
693	-0.080662	0.000000	0.159965	0.005729	3.4
694	-0.085052	0.000000	0.159965	0.007839	3.3
695	-0.080444	0.000000	0.159965	0.004830	2.8
696	-0.081767	0.000000	0.159965	0.005126	3.1
697	-0.080557	0.000000	0.159965	0.004681	3.0
698	-0.077484	0.000000	0.159965	0.004182	3.1
699	-0.080883	0.000000	0.159965	0.004081	3.5
700	-0.087970	0.000000	0.159965	0.006359	3.2
701	-0.084213	0.000000	0.159965	0.006258	2.9
702	-0.082466	0.000000	0.159965	0.005387	2.9
703	-0.081973	0.000000	0.159965	0.004987	2.8
704	-0.083651	0.000000	0.159965	0.007699	2.8
705	-0.082954	0.000000	0.159965	0.002208	2.9
706	-0.086899	0.000000	0.159965	0.007402	2.9
707	-0.088394	0.000000	0.159965	0.005531	3.0
708	-0.085423	0.000000	0.159965	0.005990	2.8
709	-0.080583	0.000000	0.159965	0.005560	2.8
710	-0.083546	0.000000	0.159965	0.005281	2.8
711	-0.083666	0.000000	0.159965	0.004108	2.8
712	-0.086403	0.000000	0.159965	0.003748	2.8
713	-0.089680	0.000000	0.159965	0.007998	3.1
714	-0.082533	0.000000	0.159965	0.005448	3.2
715	-0.083586	0.000000	0.159965	0.005564	2.9
716	-0.084782	0.000000	0.159965	0.003544	3.0
717	-0.081775	0.000000	0.159965	0.006456	3.5
718	-0.085946	0.000000	0.159965	0.004294	3.4
719	-0.086829	0.000000	0.159965	0.004406	3.4
720	-0.082816	0.000000	0.159965	0.006248	3.5
721	-0.084547	0.000000	0.159965	0.006789	3.1
722	-0.080489	0.000000	0.159965	0.003610	2.8
723	-0.083602	0.000000	0.159965	0.006407	2.8
724	-0.083532	0.000000	0.159965	0.004134	2.7
725	-0.084854	0.000000	0.159965	0.005790	2.7
726	-0.084439	0.000000	0.159965	0.004955	2.9
727	-0.079550	0.000000	0.159965	0.004710	3.4
728	-0.088572	0.000000	0.159965	0.003647	3.5
729	-0.081024	0.000000	0.159965	0.005977	3.3
730	-0.080589	0.000000	0.159965	0.004011	3.4
731	-0.086086	0.000000	0.159965	0.003194	3.4
732	-0.076823	0.000000	0.159965	0.004240	3.2
733	-0.088977	0.000000	0.159965	0.004803	3.4
734	-0.087294	0.000000	0.159965	0.007455	2.8
735	-0.079514	0.000000	0.159965	0.007175	3.5
736	-0.079024	0.000000	0.159965	0.006640	3.5
737	-0.085542	0.000000	0.159965	0.006131	3.5
738	-0.090795	0.000000	0.159965	0.002416	3.5
739	-0.077369	0.000000	0.159965	0.005362	3.3
740	-0.085683	0.000000	0.159965	0.005608	3.3
741	-0.085226	0.000000	0.159965	0.004216	2.8
742	-0.079854	0.000000	0.159965	0.006130	2.8
743	-0.088616	0.000000	0.159965	0.004283	2.7
744	-0.080782	0.000000	0.159965	0.004433	3.0
745	-0.080992	0.000000	0.159965	0.007088	2.7
746	-0.080715	0.000000	0.159965	0.004047	2.5
747	-0.086559	0.000000	0.159965	0.003078	3.3
748	-0.086817	0.000000	0.159965	0.004476	2.6
749	-0.086423	0.000000	0.159965	0.007778	3.3
750	-0.081942	0.000000	0.159965	0.006126	3.5
751	-0.083718	0.000000	0.159965	0.005011	3.5
752	-0.087403	0.000000	0.159965	0.005472	3.4
753	-0.081308	0.000000	0.159965	0.004837	3.2
754	-0.086174	0.000000	0.159965	0.003993	3.3
755	-0.090264	0.000000	0.159965	0.009428	3.5
756	-0.083311	0.000000	0.159965	0.006930	3.5
757	-0.083609	0.000000	0.159965	0.005541	3.3
758	-0.085885	0.000000	0.159965	0.004744	2.6
759	-0.083950	0.000000	0.159965	0.005804	3.4
760	-0.080282	0.000000	0.159965	0.004135	3.5
761	-0.084323	0.000000	0.159965	0.004962	3.4
762	-0.080974	0.000000	0.159965	0.006199	3.0
763	-0.080673	0.000000	0.159965	0.005222	2.5
764	-0.085203	0.000000	0.159965	0.008499	2.5
765	-0.088265	0.000000	0.159965	0.004888	3.3
766	-0.081223	0.000000	0.159965	0.006828	2.7
767	-0.084751	0.000000	0.159965	0.005239	2.9
768	-0.085946	0.000000	0.159965	0.006372	2.9
769	-0.089166	0.000000	0.159965	0.005364	2.4
770	-0.080955	0.000000	0.159965	0.004265	2.4
771	-0.084244	0.000000	0.159965	0.004599	3.6
772	-0.084445	0.000000	0.159965	0.005363	2.5
773	-0.085649	0.000000	0.159965	0.004696	2.5
774	-0.079254	0.000000	0.159965	0.005313	2.6
775	-0.085004	0.000000	0.159965	0.007781	2.5
776	-0.085096	0.000000	0.159965	0.009327	2.2
777	-0.086484	0.000000	0.159965	0.005179	2.2
778	-0.089991	0.000000	0.159965	0.004946	2.2
779	-0.080328	0.000000	0.159965	0.005465	2.2
780	-0.081048	0.000000	0.159965	0.005320	2.2
781	-0.082770	0.000000	0.159965	0.004332	2.2
782	-0.079499	0.000000	0.159965	0.008881	2.4
783	-0.088482	0.000000	0.159965	0.006047	3.0
784	-0.084452	0.000000	0.159965	0.006832	2.9
785	-0.085950	0.000000	0.159965	0.005321	3.3
786	-0.085328	0.000000	0.159965	0.008231	3.2
787	-0.083211	0.000000	0.159965	0.005820	3.3
788	-0.087203	0.000000	0.159965	0.004799	3.4
789	-0.078619	0.000000	0.159965	0.002921	3.3
790	-0.085028	0.000000	0.159965	0.006076	3.2
791	-0.080570	0.000000	0.159965	0.004818	2.7
792	-0.083255	0.000000	0.159965	0.003608	2.7
793	-0.085001	0.000000	0.159965	0.005090	2.8
794	-0.079867	0.000000	0.159965	0.007782	2.8
795	-0.080494	0.000000	0.159965	0.006001	2.7
796	-0.086461	0.000000	0.159965	0.007559	2.7
797	-0.083095	0.000000	0.159965	0.004837	3.0
798	-0.077597	0.000000	0.159965	0.004739	3.7
799	-0.083841	0.000000	0.159965	0.004805	2.7
800	-0.083708	0.000000	0.159965	0.005586	2.8
801	-0.086220	0.000000	0.159965	0.004851	2.8
802	-0.083490	0.000000	0.159965	0.004587	2.8
803	-0.079611	0.000000	0.159965	0.004442	3.5
804	-0.081146	0.000000	0.159965	0.004759	3.5
805	-0.082129	0.000000	0.159965	0.005785	3.3
806	-0.083949	0.000000	0.159965	0.004497	2.8
807	-0.081465	0.000000	0.159965	0.004934	2.6
808	-0.087151	0.000000	0.159965	0.005308	2.4
809	-0.084332	0.000000	0.159965	0.008090	2.4
810	-0.084256	0.000000	0.159965	0.005463	2.6
811	-0.085510	0.000000	0.159965	0.006211	3.1
812	-0.086537	0.000000	0.159965	0.004147	3.1
813	-0.083000	0.000000	0.159965	0.008374	2.3
814	-0.084797	0.000000	0.159965	0.006998	3.4
815	-0.080492	0.000000	0.159965	0.005219	2.9
816	-0.084707	0.000000	0.159965	0.004045	3.6
817	-0.082624	0.000000	0.159965	0.004791	3.2
818	-0.085447	0.000000	0.159965	0.004653	2.7
819	-0.089405	0.000000	0.159965	0.006866	3.2
820	-0.087940	0.000000	0.159965	0.005627	2.3
821	-0.080271	0.000000	0.159965	0.004516	2.4
822	-0.087897	0.000000	0.159965	0.006179	2.6
823	-0.089715	0.000000	0.159965	0.004218	2.8
824	-0.087751	0.000000	0.159965	0.004795	2.7
825	-0.086658	0.000000	0.159965	0.004908	2.5
826	-0.088118	0.000000	0.159965	0.005183	2.4
827	-0.084378	0.000000	0.159965	0.005627	2.4
828	-0.084440	0.000000	0.159965	0.006738	2.4
829	-0.083412	0.000000	0.159965	0.007495	2.4
830	-0.086313	0.000000	0.159965	0.003898	2.6
831	-0.082658	0.000000	0.159965	0.006436	2.5
832	-0.086597	0.000000	0.159965	0.005358	3.1
833	-0.079623	0.000000	0.159965	0.004728	2.4
834	-0.080536	0.000000	0.159965	0.004024	2.3
835	-0.086134	0.000000	0.159965	0.006310	2.2
836	-0.086451	0.000000	0.159965	0.003000	2.4
837	-0.082138	0.000000	0.159965	0.005464	2.6
838	-0.082202	0.000000	0.159965	0.006533	2.9
839	-0.085415	0.000000	0.159965	0.005866	2.6
840	-0.085766	0.000000	0.159965	0.003926	3.4
841	-0.085569	0.000000	0.159965	0.009977	3.2
842	-0.085765	0.000000	0.159965	0.003949	3.2
843	-0.083031	0.000000	0.159965	0.004539	2.7
844	-0.081677	0.000000	0.159965	0.006782	3.4
845	-0.082557	0.000000	0.159965	0.006929	2.7
846	-0.086404	0.000000	0.159965	0.005305	2.5
847	-0.084273	0.000000	0.159965	0.004265	2.4
848	-0.083268	0.000000	0.159965	0.005287	2.6
849	-0.079405	0.000000	0.159965	0.006791	3.2
850	-0.084076	0.000000	0.159965	0.005400	2.5
851	-0.083901	0.000000	0.159965	0.004539	2.4
852	-0.086905	0.000000	0.159965	0.005159	2.4
853	-0.080501	0.000000	0.159965	0.004453	2.5
854	-0.080595	0.000000	0.159965	0.005313	2.4
855	-0.084858	0.000000	0.159965	0.004880	2.3
856	-0.085269	0.000000	0.159965	0.006140	2.5
857	-0.084392	0.000000	0.159965	0.005147	2.5
858	-0.086374	0.000000	0.159965	0.005193	3.1
859	-0.082448	0.000000	0.159965	0.005755	3.1
860	-0.081929	0.000000	0.159965	0.005211	3.0
861	-0.083587	0.000000	0.159965	0.004006	2.6
862	-0.088411	0.000000	0.159965	0.005620	2.7
863	-0.086718	0.000000	0.159965	0.005101	3.5
864	-0.083175	0.000000	0.159965	0.005069	3.1
865	-0.084071	0.000000	0.159965	0.005416	2.8
866	-0.088177	0.000000	0.159965	0.004980	2.8
867	-0.086777	0.000000	0.159965	0.005021	2.9
868	-0.081893	0.000000	0.159965	0.006298	3.0
869	-0.083460	0.000000	0.159965	0.003437	3.0
870	-0.086579	0.000000	0.159965	0.006545	3.4
871	-0.085809	0.000000	0.159965	0.004287	3.1
872	-0.082116	0.000000	0.159965	0.006518	2.9
873	-0.082306	0.000000	0.159965	0.004575	2.9
874	-0.087390	0.000000	0.159965	0.005705	2.7
875	-0.079538	0.000000	0.159965	0.004479	3.4
876	-0.082539	0.000000	0.159965	0.003911	3.1
877	-0.082562	0.000000	0.159965	0.007113	2.5
878	-0.080361	0.000000	0.159965	0.003131	2.5
879	-0.085420	0.000000	0.159965	0.003782	3.0
880	-0.083491	0.000000	0.159965	0.006647	3.4
881	-0.082098	0.000000	0.159965	0.005899	3.4
882	-0.087508	0.000000	0.159965	0.005431	3.6
883	-0.081475	0.000000	0.159965	0.006612	2.9
884	-0.082374	0.000000	0.159965	0.004097	2.7
885	-0.082870	0.000000	0.159965	0.004047	3.4
886	-0.084358	0.000000	0.159965	0.004728	3.4
887	-0.087620	0.000000	0.159965	0.006599	3.3
888	-0.087473	0.000000	0.159965	0.005797	3.4
889	-0.083009	0.000000	0.159965	0.005830	3.2
890	-0.081840	0.000000	0.159965	0.003878	3.1
891	-0.084848	0.000000	0.159965	0.005290	3.2
892	-0.080922	0.000000	0.159965	0.007864	3.0
893	-0.081244	0.000000	0.159965	0.004842	2.7
894	-0.082917	0.000000	0.159965	0.007537	2.3
895	-0.081119	0.000000	0.159965	0.006191	2.4
896	-0.082894	0.000000	0.159965	0.007259	3.3
897	-0.087292	0.000000	0.159965	0.007476	2.6
898	-0.085017	0.000000	0.159965	0.004473	3.4
899	-0.086318	0.000000	0.159965	0.005160	3.4
900	-0.083651	0.000000	0.159965	0.005322	2.9
901	-0.083267	0.000000	0.159965	0.004351	3.1
902	-0.085877	0.000000	0.159965	0.007539	3.1
903	-0.081402	0.000000	0.159965	0.004545	3.4
904	-0.080495	0.000000	0.159965	0.005273	3.4
905	-0.085118	0.000000	0.159965	0.004414	3.4
906	-0.085300	0.000000	0.159965	0.004279	2.7
907	-0.082649	0.000000	0.159965	0.007659	2.8
908	-0.089288	0.000000	0.159965	0.004533	3.4
909	-0.082540	0.000000	0.159965	0.008740	3.4
910	-0.084419	0.000000	0.159965	0.005883	3.4
911	-0.086885	0.000000	0.159965	0.003597	3.2
912	-0.085781	0.000000	0.159965	0.004253	3.3
913	-0.085325	0.000000	0.159965	0.005217	3.1
914	-0.084945	0.000000	0.159965	0.005966	3.1
915	-0.086594	0.000000	0.159965	0.006013	3.3
916	-0.085562	0.000000	0.159965	0.007144	3.3
917	-0.082380	0.000000	0.159965	0.006039	3.3
918	-0.080333	0.000000	0.159965	0.005397	3.2
919	-0.081681	0.000000	0.159965	0.009406	3.2
920	-0.081356	0.000000	0.159965	0.004215	3.5
921	-0.081341	0.000000	0.159965	0.006247	3.4
922	-0.085282	0.000000	0.159965	0.007606	2.9
923	-0.084773	0.000000	0.159965	0.004672	3.4
924	-0.086290	0.000000	0.159965	0.004636	3.4
925	-0.084286	0.000000	0.159965	0.008166	2.7
926	-0.086890	0.000000	0.159965	0.005475	3.3
927	-0.083018	0.000000	0.159965	0.005977	2.7
928	-0.092482	0.000000	0.159965	0.009298	3.4
929	-0.083933	0.000000	0.159965	0.007019	3.4
930	-0.081067	0.000000	0.159965	0.005886	3.2
931	-0.085225	0.000000	0.159965	0.004966	3.0
932	-0.080363	0.000000	0.159965	0.007113	2.3
933	-0.085385	0.000000	0.159965	0.005318	2.7
934	-0.089020	0.000000	0.159965	0.009141	2.9
935	-0.085481	0.000000	0.159965	0.004456	2.7
936	-0.084659	0.000000	0.159965	0.008748	2.8
937	-0.086402	0.000000	0.159965	0.004985	2.6
938	-0.086866	0.000000	0.159965	0.003443	3.0
939	-0.083498	0.000000	0.159965	0.004739	3.6
940	-0.087009	0.000000	0.159965	0.004582	3.4
941	-0.086550	0.000000	0.159965	0.005034	3.4
942	-0.084686	0.000000	0.159965	0.005566	3.3
943	-0.080816	0.000000	0.159965	0.005384	2.9
944	-0.084829	0.000000	0.159965	0.005788	3.1
945	-0.087066	0.000000	0.159965	0.006026	3.4
946	-0.081225	0.000000	0.159965	0.003717	2.8
947	-0.085476	0.000000	0.159965	0.004847	3.0
948	-0.088693	0.000000	0.159965	0.003896	3.4
949	-0.086697	0.000000	0.159965	0.004830	2.8
950	-0.081907	0.000000	0.159965	0.005003	2.8
951	-0.082171	0.000000	0.159965	0.005319	2.4
952	-0.084425	0.000000	0.159965	0.003190	3.5
953	-0.079478	0.000000	0.159965	0.004307	3.1
954	-0.085483	0.000000	0.159965	0.008225	3.5
955	-0.088949	0.000000	0.159965	0.004892	3.4
956	-0.082676	0.000000	0.159965	0.004741	3.4
957	-0.083305	0.000000	0.159965	0.002994	3.4
958	-0.080231	0.000000	0.159965	0.005429	2.4
959	-0.086763	0.000000	0.159965	0.003084	3.1
960	-0.080570	0.000000	0.159965	0.005300	4.2
961	-0.086252	0.000000	0.159965	0.004950	3.5
962	-0.083886	0.000000	0.159965	0.005851	3.5
963	-0.083291	0.000000	0.159965	0.005480	3.2
964	-0.079678	0.000000	0.159965	0.008312	3.0
965	-0.087125	0.000000	0.159965	0.004970	3.3
966	-0.084909	0.000000	0.159965	0.006181	3.1
967	-0.084756	0.000000	0.159965	0.005804	3.4
968	-0.085277	0.000000	0.159965	0.005232	3.2
969	-0.087042	0.000000	0.159965	0.005061	3.7
970	-0.084745	0.000000	0.159965	0.005058	3.7
971	-0.089402	0.000000	0.159965	0.004011	3.3
972	-0.081847	0.000000	0.159965	0.005437	2.8
973	-0.085115	0.000000	0.159965	0.006515	2.9
974	-0.087263	0.000000	0.159965	0.006082	3.1
975	-0.080818	0.000000	0.159965	0.008819	2.7
976	-0.085364	0.000000	0.159965	0.011913	2.9
977	-0.081456	0.000000	0.159965	0.004192	3.1
978	-0.084281	0.000000	0.159965	0.004950	2.6
979	-0.091099	0.000000	0.159965	0.003922	3.0
980	-0.084021	0.000000	0.159965	0.009256	3.0
981	-0.080687	0.000000	0.159965	0.003427	3.2
982	-0.083940	0.000000	0.159965	0.004509	2.8
983	-0.086783	0.000000	0.159965	0.006193	2.8
984	-0.083890	0.000000	0.159965	0.006843	2.5
985	-0.081380	0.000000	0.159965	0.008743	3.3
986	-0.084679	0.000000	0.159965	0.003080	2.6
987	-0.087308	0.000000	0.159965	0.005019	2.5
988	-0.084634	0.000000	0.159965	0.006113	2.7
989	-0.084837	0.000000	0.159965	0.005034	3.1
990	-0.084798	0.000000	0.159965	0.004247	2.7
991	-0.086687	0.000000	0.159965	0.008556	2.4
992	-0.085401	0.000000	0.159965	0.009528	3.1
993	-0.088118	0.000000	0.159965	0.006643	3.2
994	-0.080011	0.000000	0.159965	0.005367	3.3
995	-0.088587	0.000000	0.159965	0.006879	2.6
996	-0.082322	0.000000	0.159965	0.005257	2.7
997	-0.085687	0.000000	0.159965	0.004432	3.0
998	-0.077769	0.000000	0.159965	0.004601	3.3
999	-0.085233	0.000000	0.159965	0.004554	3.1
