1:ItNr	2:Metric	3a:Time	3b:StepSize	4:||Gradient||	Time[ms]
0	-0.055320	0.000000	0.159965	0.004065	91.9
1	-0.056323	0.000000	0.159965	0.001817	3.8
2	-0.057234	0.000000	0.159965	0.007505	3.7
3	-0.060905	1.000000	0.155547	0.003839	3.9
4	-0.057768	0.200000	0.159054	0.007849	4.0
5	-0.059384	0.000000	0.159965	0.007325	4.4
6	-0.059633	0.000000	0.159965	0.004249	4.1
7	-0.056713	0.000000	0.159965	0.006074	4.4
8	-0.056839	0.000000	0.159965	0.009874	5.2
9	-0.056553	0.000000	0.159965	0.006475	4.1
10	-0.058201	0.000000	0.159965	0.002164	4.5
11	-0.057203	1.000000	0.155547	0.003934	4.6
12	-0.052106	0.200000	0.159054	0.004060	4.1
13	-0.058215	0.000000	0.159965	0.008380	4.8
14	-0.059158	0.000000	0.159965	0.004525	4.0
15	-0.055194	0.000000	0.159965	0.008904	5.2
16	-0.053152	0.000000	0.159965	0.004584	4.3
17	-0.055131	0.000000	0.159965	0.003133	5.8
18	-0.060032	1.000000	0.155547	0.006039	5.2
19	-0.058168	0.200000	0.159054	0.008095	4.7
20	-0.059821	0.000000	0.159965	0.005761	5.4
21	-0.055865	0.000000	0.159965	0.007031	6.2
22	-0.054336	0.000000	0.159965	0.006268	5.5
23	-0.053713	0.000000	0.159965	0.003812	5.1
24	-0.057023	0.000000	0.159965	0.005753	5.3
25	-0.055137	0.000000	0.159965	0.003837	4.8
26	-0.057049	0.000000	0.159965	0.006371	4.8
27	-0.057204	0.000000	0.159965	0.006374	4.4
28	-0.058037	0.000000	0.159965	0.008347	4.6
29	-0.055526	0.000000	0.159965	0.003103	4.5
30	-0.053694	0.000000	0.159965	0.006046	4.0
31	-0.060832	0.000000	0.159965	0.004662	3.9
32	-0.057358	1.000000	0.155547	0.006182	3.9
33	-0.059850	0.200000	0.159054	0.005122	4.9
34	-0.055837	0.000000	0.159965	0.004514	5.2
35	-0.057232	0.000000	0.159965	0.005221	5.0
36	-0.056851	0.000000	0.159965	0.003132	3.7
37	-0.057770	0.000000	0.159965	0.003100	4.1
38	-0.055066	0.000000	0.159965	0.006337	5.5
39	-0.062642	0.000000	0.159965	0.003818	5.2
40	-0.057814	0.000000	0.159965	0.005087	4.3
41	-0.056835	0.000000	0.159965	0.005480	4.8
42	-0.057880	0.000000	0.159965	0.004598	4.9
43	-0.050165	0.000000	0.159965	0.004533	4.3
44	-0.060220	0.000000	0.159965	0.004136	4.7
45	-0.059175	0.000000	0.159965	0.002339	4.4
46	-0.054389	0.000000	0.159965	0.006786	4.1
47	-0.055797	0.000000	0.159965	0.009421	4.1
48	-0.059577	0.000000	0.159965	0.005826	3.9
49	-0.058474	0.000000	0.159965	0.002084	5.0
50	-0.060624	0.000000	0.159965	0.004304	4.7
51	-0.055397	0.000000	0.159965	0.003859	4.0
52	-0.052981	0.000000	0.159965	0.006288	4.4
53	-0.058211	0.000000	0.159965	0.005114	3.7
54	-0.057275	0.000000	0.159965	0.005984	3.7
55	-0.054668	0.000000	0.159965	0.004439	3.7
56	-0.060154	0.000000	0.159965	0.005527	3.7
57	-0.058533	0.000000	0.159965	0.004203	3.7
58	-0.057151	0.000000	0.159965	0.008718	3.6
59	-0.057605	0.000000	0.159965	0.006765	3.5
60	-0.056718	0.000000	0.159965	0.009820	3.8
61	-0.055984	0.000000	0.159965	0.002297	3.5
62	-0.055615	0.000000	0.159965	0.004906	3.5
63	-0.054693	0.000000	0.159965	0.003521	3.5
64	-0.054875	0.000000	0.159965	0.006748	3.8
65	-0.056315	0.000000	0.159965	0.008200	4.8
66	-0.057763	0.000000	0.159965	0.005259	4.6
67	-0.053195	0.000000	0.159965	0.002496	5.2
68	-0.053639	0.000000	0.159965	0.006397	3.9
69	-0.056344	0.000000	0.159965	0.007193	5.1
70	-0.056034	0.000000	0.159965	0.009477	4.4
71	-0.056375	0.000000	0.159965	0.003743	4.1
72	-0.055348	0.000000	0.159965	0.004765	5.1
73	-0.058195	0.000000	0.159965	0.004305	4.9
74	-0.060268	0.000000	0.159965	0.003653	4.8
75	-0.058896	0.000000	0.159965	0.004809	5.1
76	-0.056876	1.000000	0.155547	0.008023	4.9
77	-0.054074	0.200000	0.159054	0.007613	4.5
78	-0.056842	0.000000	0.159965	0.005553	5.3
79	-0.058924	0.000000	0.159965	0.001964	4.7
80	-0.060003	0.000000	0.159965	0.004836	5.0
81	-0.054585	0.000000	0.159965	0.005565	5.1
82	-0.056374	0.000000	0.159965	0.005612	5.1
83	-0.058879	0.000000	0.159965	0.005525	4.9
84	-0.056836	0.000000	0.159965	0.004310	4.8
85	-0.053650	0.000000	0.159965	0.003590	4.8
86	-0.062263	0.000000	0.159965	0.007350	4.6
87	-0.057867	0.000000	0.159965	0.005471	4.8
88	-0.057478	0.000000	0.159965	0.008907	4.6
89	-0.058984	0.000000	0.159965	0.005769	4.6
90	-0.060069	0.000000	0.159965	0.005722	4.9
91	-0.056302	0.000000	0.159965	0.004937	5.1
92	-0.056793	0.000000	0.159965	0.005337	4.9
93	-0.056956	0.000000	0.159965	0.006597	5.3
94	-0.057387	0.000000	0.159965	0.006682	5.1
95	-0.059244	0.000000	0.159965	0.004742	5.0
96	-0.053044	0.000000	0.159965	0.009415	5.0
97	-0.055549	0.000000	0.159965	0.007231	5.2
98	-0.057586	0.000000	0.159965	0.002774	5.0
99	-0.055125	0.000000	0.159965	0.005406	5.5
100	-0.058362	0.000000	0.159965	0.005184	5.1
101	-0.056433	0.000000	0.159965	0.002784	5.5
102	-0.059425	0.000000	0.159965	0.004221	5.3
103	-0.059956	0.000000	0.159965	0.007396	4.9
104	-0.059194	0.000000	0.159965	0.008035	4.8
105	-0.051503	0.000000	0.159965	0.004857	4.2
106	-0.057424	0.000000	0.159965	0.004016	4.5
107	-0.059145	0.000000	0.159965	0.006872	4.4
108	-0.054554	0.000000	0.159965	0.007469	5.0
109	-0.056944	0.000000	0.159965	0.004011	5.0
110	-0.055539	0.000000	0.159965	0.006319	5.2
111	-0.060350	0.000000	0.159965	0.008573	4.4
112	-0.061299	0.000000	0.159965	0.006852	4.9
113	-0.058945	0.000000	0.159965	0.006759	4.9
114	-0.056671	0.000000	0.159965	0.007311	5.2
115	-0.057902	0.000000	0.159965	0.005069	4.8
116	-0.058412	0.000000	0.159965	0.006458	5.1
117	-0.062076	0.000000	0.159965	0.006852	5.1
118	-0.055431	0.000000	0.159965	0.003391	4.9
119	-0.055457	0.000000	0.159965	0.005386	5.2
120	-0.055332	0.000000	0.159965	0.006755	5.0
121	-0.055403	0.000000	0.159965	0.006974	4.7
122	-0.057169	0.000000	0.159965	0.008949	4.6
123	-0.056332	0.000000	0.159965	0.004428	4.6
124	-0.058593	0.000000	0.159965	0.004015	4.2
125	-0.052540	0.000000	0.159965	0.004704	3.9
126	-0.058931	0.000000	0.159965	0.003862	4.0
127	-0.060375	0.000000	0.159965	0.005743	3.6
128	-0.056876	0.000000	0.159965	0.003931	4.0
129	-0.056756	0.000000	0.159965	0.009481	3.7
130	-0.059559	0.000000	0.159965	0.005429	3.7
131	-0.056637	0.000000	0.159965	0.005417	3.8
132	-0.055172	0.000000	0.159965	0.005815	4.9
133	-0.055365	0.000000	0.159965	0.008378	4.8
134	-0.054368	0.000000	0.159965	0.005621	4.3
135	-0.056212	0.000000	0.159965	0.006933	3.9
136	-0.056599	0.000000	0.159965	0.005295	4.0
137	-0.055926	0.000000	0.159965	0.007921	4.8
138	-0.058814	0.000000	0.159965	0.008810	5.0
139	-0.059939	0.000000	0.159965	0.005885	4.5
140	-0.056527	0.000000	0.159965	0.004282	4.5
141	-0.062281	0.000000	0.159965	0.005657	4.5
142	-0.058070	0.000000	0.159965	0.006189	5.0
143	-0.054456	0.000000	0.159965	0.006923	4.4
144	-0.055427	0.000000	0.159965	0.004238	3.9
145	-0.057103	0.000000	0.159965	0.006761	3.9
146	-0.055920	0.000000	0.159965	0.005052	3.9
147	-0.056335	0.000000	0.159965	0.005006	4.9
148	-0.061610	0.000000	0.159965	0.007559	4.5
149	-0.055866	0.000000	0.159965	0.007331	4.6
150	-0.055790	0.000000	0.159965	0.006538	4.3
151	-0.055878	0.000000	0.159965	0.005541	4.5
152	-0.055843	0.000000	0.159965	0.005969	4.4
153	-0.059986	0.000000	0.159965	0.010315	4.9
154	-0.056428	0.000000	0.159965	0.003096	5.2
155	-0.054980	0.000000	0.159965	0.004878	4.6
156	-0.056170	0.000000	0.159965	0.003878	3.8
157	-0.057065	0.000000	0.159965	0.004194	3.9
158	-0.055085	0.000000	0.159965	0.004990	3.6
159	-0.058686	0.000000	0.159965	0.008078	3.8
160	-0.058737	0.000000	0.159965	0.007006	3.8
161	-0.059919	0.000000	0.159965	0.005450	4.6
162	-0.058812	0.000000	0.159965	0.005614	4.4
163	-0.056901	0.000000	0.159965	0.003917	4.1
164	-0.056119	0.000000	0.159965	0.002600	3.7
165	-0.058959	1.000000	0.155547	0.006820	4.2
166	-0.059419	2.000000	0.151440	0.006409	4.9
167	-0.055578	1.200000	0.154702	0.005233	4.2
168	-0.056670	0.400000	0.158158	0.006637	4.5
169	-0.056934	0.000000	0.159965	0.005073	4.6
170	-0.056555	0.000000	0.159965	0.004782	4.2
171	-0.055938	0.000000	0.159965	0.004768	4.3
172	-0.055415	0.000000	0.159965	0.007095	4.4
173	-0.055348	0.000000	0.159965	0.003137	5.2
174	-0.053493	0.000000	0.159965	0.003251	5.1
175	-0.057716	0.000000	0.159965	0.006135	5.0
176	-0.057257	0.000000	0.159965	0.006053	4.9
177	-0.057712	0.000000	0.159965	0.006603	4.9
178	-0.060689	0.000000	0.159965	0.006068	4.7
179	-0.057401	0.000000	0.159965	0.006061	5.0
180	-0.059542	0.000000	0.159965	0.006146	5.0
181	-0.051776	0.000000	0.159965	0.005310	4.8
182	-0.057302	0.000000	0.159965	0.003851	5.5
183	-0.055404	0.000000	0.159965	0.008324	5.0
184	-0.062165	0.000000	0.159965	0.006134	5.1
185	-0.053921	0.000000	0.159965	0.004649	5.2
186	-0.055805	0.000000	0.159965	0.005959	5.0
187	-0.057358	0.000000	0.159965	0.009311	4.9
188	-0.058704	0.000000	0.159965	0.005483	4.9
189	-0.057008	0.000000	0.159965	0.007649	4.4
190	-0.055852	0.000000	0.159965	0.004336	4.2
191	-0.059187	0.000000	0.159965	0.002477	4.4
192	-0.056892	0.000000	0.159965	0.007460	4.9
193	-0.055576	0.000000	0.159965	0.007789	4.5
194	-0.057781	0.000000	0.159965	0.003750	5.0
195	-0.057737	0.000000	0.159965	0.004414	4.8
196	-0.059223	0.000000	0.159965	0.006617	4.8
197	-0.054666	0.000000	0.159965	0.004757	4.2
198	-0.059226	0.000000	0.159965	0.006535	5.2
199	-0.053879	0.000000	0.159965	0.005407	4.3
200	-0.053604	0.000000	0.159965	0.004950	5.2
201	-0.056450	0.000000	0.159965	0.003006	5.0
202	-0.058144	0.000000	0.159965	0.008250	4.7
203	-0.056864	0.000000	0.159965	0.005278	5.0
204	-0.056084	0.000000	0.159965	0.003757	4.8
205	-0.057945	0.000000	0.159965	0.008180	4.5
206	-0.057348	0.000000	0.159965	0.007118	3.7
207	-0.058197	0.000000	0.159965	0.006068	3.5
208	-0.060885	0.000000	0.159965	0.009576	3.5
209	-0.056139	0.000000	0.159965	0.004122	3.5
210	-0.058699	0.000000	0.159965	0.008399	3.5
211	-0.053318	0.000000	0.159965	0.005843	3.5
212	-0.059864	0.000000	0.159965	0.004129	3.6
213	-0.060877	0.000000	0.159965	0.007952	4.6
214	-0.058969	0.000000	0.159965	0.007996	4.4
215	-0.061264	0.000000	0.159965	0.003947	3.6
216	-0.058736	0.000000	0.159965	0.006589	4.6
217	-0.057712	0.000000	0.159965	0.002577	4.7
218	-0.055386	0.000000	0.159965	0.004917	4.2
219	-0.057729	0.000000	0.159965	0.009357	3.8
220	-0.057337	0.000000	0.159965	0.005095	4.1
221	-0.058540	0.000000	0.159965	0.007108	4.7
222	-0.055752	0.000000	0.159965	0.006928	3.9
223	-0.056404	0.000000	0.159965	0.003959	4.3
224	-0.055925	0.000000	0.159965	0.002613	3.9
225	-0.058655	1.000000	0.155547	0.002951	3.9
226	-0.058757	0.200000	0.159054	0.006554	4.9
227	-0.056463	0.000000	0.159965	0.005901	5.1
228	-0.054246	0.000000	0.159965	0.006617	4.8
229	-0.055556	0.000000	0.159965	0.006378	4.4
230	-0.058573	0.000000	0.159965	0.006924	3.5
231	-0.056728	0.000000	0.159965	0.003571	3.7
232	-0.057923	0.000000	0.159965	0.003378	4.2
233	-0.059379	0.000000	0.159965	0.006292	4.2
234	-0.057865	0.000000	0.159965	0.007249	3.9
235	-0.056898	0.000000	0.159965	0.006247	3.8
236	-0.058131	0.000000	0.159965	0.007752	3.5
237	-0.061352	0.000000	0.159965	0.006706	3.4
238	-0.056059	0.000000	0.159965	0.010446	3.6
239	-0.053832	0.000000	0.159965	0.004212	3.6
240	-0.058810	0.000000	0.159965	0.007515	3.6
241	-0.058426	0.000000	0.159965	0.004921	3.5
242	-0.057092	0.000000	0.159965	0.009618	3.7
243	-0.054997	0.000000	0.159965	0.006013	4.7
244	-0.061432	0.000000	0.159965	0.005018	3.5
245	-0.059628	0.000000	0.159965	0.004360	3.7
246	-0.059551	0.000000	0.159965	0.009887	3.6
247	-0.054755	0.000000	0.159965	0.004116	4.1
248	-0.060838	0.000000	0.159965	0.004230	4.0
249	-0.060277	0.000000	0.159965	0.004441	4.0
250	-0.057698	0.000000	0.159965	0.006118	4.8
251	-0.057182	0.000000	0.159965	0.005294	4.6
252	-0.062095	0.000000	0.159965	0.009100	4.1
253	-0.053703	0.000000	0.159965	0.002075	4.2
254	-0.055590	0.000000	0.159965	0.006479	4.2
255	-0.056659	0.000000	0.159965	0.003577	4.4
256	-0.057288	0.000000	0.159965	0.006305	4.2
257	-0.056589	0.000000	0.159965	0.003974	4.8
258	-0.054525	0.000000	0.159965	0.007772	4.0
259	-0.055625	0.000000	0.159965	0.005293	3.9
260	-0.055445	0.000000	0.159965	0.005647	4.0
261	-0.051841	0.000000	0.159965	0.002105	4.4
262	-0.057685	0.000000	0.159965	0.005449	3.8
263	-0.057922	0.000000	0.159965	0.008533	3.5
264	-0.056350	0.000000	0.159965	0.009367	3.5
265	-0.057104	0.000000	0.159965	0.007860	3.8
266	-0.057488	0.000000	0.159965	0.008743	4.8
267	-0.053873	0.000000	0.159965	0.003819	3.7
268	-0.055652	0.000000	0.159965	0.003266	3.5
269	-0.057391	0.000000	0.159965	0.004489	3.5
270	-0.057644	0.000000	0.159965	0.004285	3.5
271	-0.058393	0.000000	0.159965	0.009260	3.6
272	-0.058574	0.000000	0.159965	0.006058	3.9
273	-0.056266	0.000000	0.159965	0.004636	4.8
274	-0.056212	0.000000	0.159965	0.003716	4.6
275	-0.058526	0.000000	0.159965	0.004776	4.7
276	-0.057342	0.000000	0.159965	0.004012	3.4
277	-0.059281	0.000000	0.159965	0.005790	3.4
278	-0.064050	1.000000	0.155547	0.009542	3.4
279	-0.057070	0.200000	0.159054	0.004023	3.4
280	-0.057669	0.000000	0.159965	0.002977	3.6
281	-0.060095	0.000000	0.159965	0.004455	3.5
282	-0.055256	0.000000	0.159965	0.003557	4.4
283	-0.061487	0.000000	0.159965	0.004928	3.5
284	-0.056349	0.000000	0.159965	0.005012	4.7
285	-0.057204	0.000000	0.159965	0.004317	3.8
286	-0.054113	0.000000	0.159965	0.004877	3.6
287	-0.058462	0.000000	0.159965	0.007753	3.5
288	-0.060706	0.000000	0.159965	0.008387	3.5
289	-0.056270	0.000000	0.159965	0.006502	3.6
290	-0.059332	0.000000	0.159965	0.008867	3.7
291	-0.054748	0.000000	0.159965	0.008300	3.6
292	-0.060934	0.000000	0.159965	0.006677	3.5
293	-0.057709	0.000000	0.159965	0.005610	3.5
294	-0.057165	0.000000	0.159965	0.007484	3.4
295	-0.059268	0.000000	0.159965	0.006059	3.5
296	-0.055200	0.000000	0.159965	0.005268	3.3
297	-0.058872	0.000000	0.159965	0.006738	3.4
298	-0.058973	0.000000	0.159965	0.007745	3.5
299	-0.057735	0.000000	0.159965	0.004678	3.4
300	-0.059881	0.000000	0.159965	0.006603	3.8
301	-0.059800	0.000000	0.159965	0.004804	4.5
302	-0.055222	0.000000	0.159965	0.005649	4.1
303	-0.059479	0.000000	0.159965	0.003719	3.6
304	-0.056510	0.000000	0.159965	0.004809	3.8
305	-0.054397	0.000000	0.159965	0.005826	4.7
306	-0.059630	0.000000	0.159965	0.005886	4.6
307	-0.057941	0.000000	0.159965	0.004514	4.6
308	-0.055835	0.000000	0.159965	0.007521	3.7
309	-0.057599	1.000000	0.155547	0.003039	3.9
310	-0.062615	0.200000	0.159054	0.003944	4.7
311	-0.060083	0.000000	0.159965	0.007812	4.9
312	-0.056529	0.000000	0.159965	0.003381	3.5
313	-0.056712	0.000000	0.159965	0.003762	3.5
314	-0.059749	0.000000	0.159965	0.005610	3.6
315	-0.059840	0.000000	0.159965	0.006052	5.0
316	-0.053650	0.000000	0.159965	0.004635	3.7
317	-0.056282	0.000000	0.159965	0.003630	4.8
318	-0.054872	0.000000	0.159965	0.005805	5.4
319	-0.056903	0.000000	0.159965	0.003350	5.1
320	-0.056020	0.000000	0.159965	0.007303	5.0
321	-0.056392	0.000000	0.159965	0.006359	4.1
322	-0.054564	0.000000	0.159965	0.002719	5.1
323	-0.058339	0.000000	0.159965	0.007276	5.7
324	-0.054793	0.000000	0.159965	0.005270	5.6
325	-0.053672	0.000000	0.159965	0.005647	5.4
326	-0.058624	0.000000	0.159965	0.007876	5.1
327	-0.057597	0.000000	0.159965	0.005308	5.3
328	-0.056837	0.000000	0.159965	0.004802	5.8
329	-0.055287	0.000000	0.159965	0.008237	5.0
330	-0.061476	0.000000	0.159965	0.004962	5.6
331	-0.058763	0.000000	0.159965	0.008762	5.8
332	-0.054551	0.000000	0.159965	0.008054	4.4
333	-0.059118	0.000000	0.159965	0.004154	4.6
334	-0.057214	0.000000	0.159965	0.007252	4.5
335	-0.061228	0.000000	0.159965	0.006797	5.2
336	-0.061831	0.000000	0.159965	0.007029	5.3
337	-0.057831	0.000000	0.159965	0.005039	5.1
338	-0.055956	0.000000	0.159965	0.006419	5.7
339	-0.054264	0.000000	0.159965	0.009718	5.4
340	-0.057178	0.000000	0.159965	0.004368	5.6
341	-0.059465	0.000000	0.159965	0.006669	5.4
342	-0.057911	0.000000	0.159965	0.006149	5.6
343	-0.055683	0.000000	0.159965	0.005038	5.1
344	-0.056165	0.000000	0.159965	0.005598	5.0
345	-0.060715	0.000000	0.159965	0.005496	4.8
346	-0.058688	0.000000	0.159965	0.004326	5.0
347	-0.055211	0.000000	0.159965	0.004322	4.6
348	-0.055304	0.000000	0.159965	0.005950	5.2
349	-0.056573	0.000000	0.159965	0.002169	5.3
350	-0.054831	0.000000	0.159965	0.007420	5.3
351	-0.056148	0.000000	0.159965	0.006505	5.1
352	-0.057477	0.000000	0.159965	0.005476	5.1
353	-0.057162	0.000000	0.159965	0.007261	4.6
354	-0.058626	0.000000	0.159965	0.004493	4.9
355	-0.054161	0.000000	0.159965	0.004482	4.8
356	-0.058767	0.000000	0.159965	0.007599	4.7
357	-0.055507	0.000000	0.159965	0.003999	4.4
358	-0.053987	0.000000	0.159965	0.003563	4.1
359	-0.059939	0.000000	0.159965	0.006643	4.0
360	-0.057257	0.000000	0.159965	0.007194	3.7
361	-0.059556	0.000000	0.159965	0.004682	4.8
362	-0.057149	0.000000	0.159965	0.006697	4.2
363	-0.058994	0.000000	0.159965	0.004701	4.7
364	-0.057005	0.000000	0.159965	0.003912	4.4
365	-0.059904	0.000000	0.159965	0.007561	4.9
366	-0.059447	0.000000	0.159965	0.007245	4.7
367	-0.056072	0.000000	0.159965	0.005402	4.5
368	-0.053137	0.000000	0.159965	0.004319	4.3
369	-0.057851	0.000000	0.159965	0.005963	4.0
370	-0.053822	0.000000	0.159965	0.004460	4.1
371	-0.059566	0.000000	0.159965	0.006567	4.8
372	-0.054024	0.000000	0.159965	0.005767	4.8
373	-0.058794	0.000000	0.159965	0.006430	5.1
374	-0.057614	0.000000	0.159965	0.005908	5.2
375	-0.056711	0.000000	0.159965	0.003558	5.5
376	-0.054009	0.000000	0.159965	0.003596	4.7
377	-0.059433	0.000000	0.159965	0.006733	5.0
378	-0.057803	0.000000	0.159965	0.007593	5.0
379	-0.058321	0.000000	0.159965	0.010628	4.7
380	-0.055388	0.000000	0.159965	0.005426	5.1
381	-0.063427	0.000000	0.159965	0.008971	4.7
382	-0.055572	0.000000	0.159965	0.007311	5.3
383	-0.058818	0.000000	0.159965	0.003838	4.5
384	-0.058071	0.000000	0.159965	0.004086	4.5
385	-0.059639	0.000000	0.159965	0.004176	4.1
386	-0.057557	0.000000	0.159965	0.007961	3.8
387	-0.053866	0.000000	0.159965	0.005394	4.4
388	-0.057671	0.000000	0.159965	0.003890	3.8
389	-0.057972	0.000000	0.159965	0.005888	3.9
390	-0.057903	0.000000	0.159965	0.008024	3.9
391	-0.054314	0.000000	0.159965	0.005323	3.9
392	-0.054761	0.000000	0.159965	0.008176	4.5
393	-0.063273	0.000000	0.159965	0.005626	4.0
394	-0.055390	0.000000	0.159965	0.003720	4.8
395	-0.054914	0.000000	0.159965	0.004686	4.8
396	-0.055260	0.000000	0.159965	0.006360	4.1
397	-0.059809	0.000000	0.159965	0.005234	3.9
398	-0.059251	0.000000	0.159965	0.007198	4.4
399	-0.059213	0.000000	0.159965	0.005035	3.5
400	-0.062744	0.000000	0.159965	0.004758	3.7
401	-0.057646	0.000000	0.159965	0.004592	3.8
402	-0.059604	0.000000	0.159965	0.002937	3.7
403	-0.056030	0.000000	0.159965	0.003961	3.9
404	-0.058089	0.000000	0.159965	0.007760	3.8
405	-0.059516	0.000000	0.159965	0.009071	3.7
406	-0.056953	0.000000	0.159965	0.004901	4.0
407	-0.057424	0.000000	0.159965	0.009990	4.4
408	-0.056841	0.000000	0.159965	0.004394	3.7
409	-0.055855	0.000000	0.159965	0.007251	3.7
410	-0.054354	0.000000	0.159965	0.008062	3.6
411	-0.056203	0.000000	0.159965	0.004708	3.7
412	-0.061263	0.000000	0.159965	0.006011	3.6
413	-0.056941	0.000000	0.159965	0.007863	3.6
414	-0.058321	0.000000	0.159965	0.006517	3.4
415	-0.052381	0.000000	0.159965	0.003194	3.5
416	-0.059666	1.000000	0.155547	0.006415	3.4
417	-0.053868	0.200000	0.159054	0.004116	3.5
418	-0.055512	0.000000	0.159965	0.006809	4.2
419	-0.062259	0.000000	0.159965	0.007159	4.0
420	-0.059631	0.000000	0.159965	0.004242	4.3
421	-0.055292	0.000000	0.159965	0.003085	4.3
422	-0.056702	0.000000	0.159965	0.005825	4.0
423	-0.057612	0.000000	0.159965	0.004190	4.3
424	-0.061530	0.000000	0.159965	0.004671	3.5
425	-0.056431	0.000000	0.159965	0.002933	3.7
426	-0.051627	0.000000	0.159965	0.006319	3.8
427	-0.053301	0.000000	0.159965	0.002759	4.0
428	-0.058153	0.000000	0.159965	0.005945	4.7
429	-0.055350	0.000000	0.159965	0.006062	4.2
430	-0.055898	0.000000	0.159965	0.004355	4.7
431	-0.056022	0.000000	0.159965	0.005487	4.7
432	-0.062170	1.000000	0.155547	0.003522	4.6
433	-0.056445	0.200000	0.159054	0.006150	4.5
434	-0.055906	0.000000	0.159965	0.005414	4.1
435	-0.060736	0.000000	0.159965	0.006000	4.5
436	-0.057965	0.000000	0.159965	0.004747	4.8
437	-0.056997	0.000000	0.159965	0.004889	4.6
438	-0.059047	0.000000	0.159965	0.008889	4.5
439	-0.058169	0.000000	0.159965	0.006858	4.2
440	-0.056432	0.000000	0.159965	0.005963	4.1
441	-0.057462	0.000000	0.159965	0.009196	3.9
442	-0.060394	0.000000	0.159965	0.005794	4.0
443	-0.057248	0.000000	0.159965	0.005446	4.0
444	-0.058753	0.000000	0.159965	0.005921	4.4
445	-0.056268	0.000000	0.159965	0.002094	3.8
446	-0.058746	0.000000	0.159965	0.003759	4.0
447	-0.059402	0.000000	0.159965	0.005236	4.9
448	-0.060096	0.000000	0.159965	0.006101	4.8
449	-0.055177	0.000000	0.159965	0.006396	4.7
450	-0.056973	0.000000	0.159965	0.008778	5.2
451	-0.058942	0.000000	0.159965	0.002845	4.3
452	-0.060493	0.000000	0.159965	0.007935	5.3
453	-0.059095	0.000000	0.159965	0.007967	5.1
454	-0.057626	0.000000	0.159965	0.007266	4.9
455	-0.055654	0.000000	0.159965	0.007096	4.4
456	-0.054282	0.000000	0.159965	0.006543	4.9
457	-0.059919	0.000000	0.159965	0.006597	5.2
458	-0.056573	0.000000	0.159965	0.005028	4.6
459	-0.056970	0.000000	0.159965	0.006901	4.5
460	-0.059495	0.000000	0.159965	0.005247	4.5
461	-0.060448	0.000000	0.159965	0.004476	5.6
462	-0.057311	0.000000	0.159965	0.005422	4.3
463	-0.055723	0.000000	0.159965	0.004931	4.2
464	-0.058302	0.000000	0.159965	0.007238	4.1
465	-0.058577	0.000000	0.159965	0.006157	3.9
466	-0.054019	0.000000	0.159965	0.002943	4.4
467	-0.057643	0.000000	0.159965	0.006216	4.2
468	-0.054324	0.000000	0.159965	0.006842	4.9
469	-0.057902	0.000000	0.159965	0.007723	4.6
470	-0.058809	0.000000	0.159965	0.007886	4.8
471	-0.055179	0.000000	0.159965	0.004117	5.0
472	-0.057761	0.000000	0.159965	0.005397	4.9
473	-0.058233	0.000000	0.159965	0.005247	4.6
474	-0.060571	0.000000	0.159965	0.008256	4.4
475	-0.056486	0.000000	0.159965	0.006189	4.8
476	-0.058019	0.000000	0.159965	0.007159	4.9
477	-0.057895	0.000000	0.159965	0.006745	5.0
478	-0.055731	0.000000	0.159965	0.005037	4.8
479	-0.058082	0.000000	0.159965	0.004294	4.8
480	-0.055302	0.000000	0.159965	0.007923	4.6
481	-0.056216	0.000000	0.159965	0.004420	4.2
482	-0.057287	0.000000	0.159965	0.005933	4.2
483	-0.059792	0.000000	0.159965	0.006962	3.8
484	-0.054706	0.000000	0.159965	0.005367	3.9
485	-0.057408	0.000000	0.159965	0.006843	4.7
486	-0.059203	0.000000	0.159965	0.006902	4.7
487	-0.061737	0.000000	0.159965	0.004340	4.7
488	-0.057174	0.000000	0.159965	0.010813	4.5
489	-0.056766	0.000000	0.159965	0.005228	4.2
490	-0.053890	0.000000	0.159965	0.009079	4.1
491	-0.058040	0.000000	0.159965	0.004849	4.3
492	-0.054129	0.000000	0.159965	0.004566	5.5
493	-0.058039	0.000000	0.159965	0.005248	5.5
494	-0.054439	0.000000	0.159965	0.008887	4.6
495	-0.054172	0.000000	0.159965	0.006195	5.7
496	-0.060323	0.000000	0.159965	0.007981	5.2
497	-0.055365	0.000000	0.159965	0.010024	5.3
498	-0.055972	0.000000	0.159965	0.003515	5.1
499	-0.057004	0.000000	0.159965	0.006794	4.4
500	-0.057955	0.000000	0.159965	0.007556	4.2
501	-0.058673	0.000000	0.159965	0.007377	4.2
502	-0.061632	0.000000	0.159965	0.005544	3.9
503	-0.056999	0.000000	0.159965	0.006888	4.1
504	-0.054521	0.000000	0.159965	0.004576	4.7
505	-0.057344	0.000000	0.159965	0.007969	4.6
506	-0.052540	0.000000	0.159965	0.003743	3.9
507	-0.061921	0.000000	0.159965	0.007672	4.3
508	-0.056388	0.000000	0.159965	0.004305	3.7
509	-0.058565	0.000000	0.159965	0.010598	3.8
510	-0.056786	0.000000	0.159965	0.004478	4.0
511	-0.054434	0.000000	0.159965	0.007657	5.7
512	-0.058094	0.000000	0.159965	0.008658	5.2
513	-0.062010	0.000000	0.159965	0.005206	4.8
514	-0.056414	0.000000	0.159965	0.006840	4.7
515	-0.054764	0.000000	0.159965	0.005392	5.0
516	-0.056974	0.000000	0.159965	0.004678	4.8
517	-0.055465	0.000000	0.159965	0.004617	4.8
518	-0.060132	0.000000	0.159965	0.005773	5.0
519	-0.055116	0.000000	0.159965	0.005445	4.9
520	-0.057834	0.000000	0.159965	0.004530	4.9
521	-0.056899	0.000000	0.159965	0.008031	4.9
522	-0.057902	0.000000	0.159965	0.008006	4.8
523	-0.053680	0.000000	0.159965	0.004013	4.4
524	-0.054527	0.000000	0.159965	0.006448	4.4
525	-0.055097	0.000000	0.159965	0.005676	3.9
526	-0.059766	0.000000	0.159965	0.004569	4.0
527	-0.057474	0.000000	0.159965	0.007043	4.6
528	-0.060624	0.000000	0.159965	0.006140	4.7
529	-0.057742	0.000000	0.159965	0.005012	4.2
530	-0.057743	0.000000	0.159965	0.003344	4.6
531	-0.056028	0.000000	0.159965	0.005912	5.0
532	-0.058074	0.000000	0.159965	0.004890	4.9
533	-0.057881	0.000000	0.159965	0.006680	4.0
534	-0.055424	0.000000	0.159965	0.006795	4.2
535	-0.055033	0.000000	0.159965	0.006170	4.9
536	-0.060566	0.000000	0.159965	0.007800	5.2
537	-0.056942	0.000000	0.159965	0.005133	4.2
538	-0.061403	0.000000	0.159965	0.005333	4.5
539	-0.056499	0.000000	0.159965	0.007264	5.5
540	-0.060217	0.000000	0.159965	0.003939	5.4
541	-0.060935	0.000000	0.159965	0.002790	5.3
542	-0.060636	0.000000	0.159965	0.003750	4.7
543	-0.056212	0.000000	0.159965	0.002272	4.4
544	-0.056187	0.000000	0.159965	0.006545	4.4
545	-0.060543	0.000000	0.159965	0.005212	4.2
546	-0.057592	0.000000	0.159965	0.004907	4.1
547	-0.054794	0.000000	0.159965	0.005281	4.5
548	-0.058672	0.000000	0.159965	0.006416	4.3
549	-0.056423	0.000000	0.159965	0.004942	4.9
550	-0.053142	0.000000	0.159965	0.004032	4.9
551	-0.062030	0.000000	0.159965	0.007742	4.3
552	-0.055112	0.000000	0.159965	0.002920	4.1
553	-0.058580	0.000000	0.159965	0.004801	4.2
554	-0.058574	0.000000	0.159965	0.008887	4.9
555	-0.056014	0.000000	0.159965	0.004154	4.2
556	-0.057879	0.000000	0.159965	0.005264	4.6
557	-0.063081	0.000000	0.159965	0.004797	5.1
558	-0.059651	0.000000	0.159965	0.004518	4.9
559	-0.059998	0.000000	0.159965	0.004890	4.9
560	-0.056946	0.000000	0.159965	0.006618	4.7
561	-0.059320	0.000000	0.159965	0.008313	5.1
562	-0.059226	0.000000	0.159965	0.006138	5.0
563	-0.056604	0.000000	0.159965	0.008074	5.0
564	-0.059888	0.000000	0.159965	0.006382	4.9
565	-0.058719	0.000000	0.159965	0.006943	4.7
566	-0.055214	0.000000	0.159965	0.006848	4.9
567	-0.054861	0.000000	0.159965	0.006058	4.9
568	-0.061346	0.000000	0.159965	0.004738	4.8
569	-0.059835	0.000000	0.159965	0.005209	4.6
570	-0.058536	0.000000	0.159965	0.003903	4.8
571	-0.056883	0.000000	0.159965	0.011105	4.7
572	-0.058592	0.000000	0.159965	0.006571	4.5
573	-0.060307	0.000000	0.159965	0.001691	4.5
574	-0.059330	1.000000	0.155547	0.004838	4.2
575	-0.058508	0.200000	0.159054	0.006929	3.8
576	-0.061403	0.000000	0.159965	0.002827	4.0
577	-0.059430	0.000000	0.159965	0.004615	4.8
578	-0.059478	0.000000	0.159965	0.002953	4.7
579	-0.059745	0.000000	0.159965	0.006687	4.6
580	-0.059870	0.000000	0.159965	0.005648	3.8
581	-0.055610	0.000000	0.159965	0.002575	3.9
582	-0.054619	0.000000	0.159965	0.004070	3.9
583	-0.056317	0.000000	0.159965	0.005696	3.7
584	-0.057830	0.000000	0.159965	0.005563	3.5
585	-0.060651	0.000000	0.159965	0.003405	3.5
586	-0.058177	0.000000	0.159965	0.003830	3.6
587	-0.058067	0.000000	0.159965	0.007516	3.6
588	-0.059366	0.000000	0.159965	0.006202	4.0
589	-0.059250	0.000000	0.159965	0.006096	3.9
590	-0.056166	0.000000	0.159965	0.005222	3.6
591	-0.059474	0.000000	0.159965	0.007078	3.6
592	-0.057035	0.000000	0.159965	0.004458	3.6
593	-0.060053	0.000000	0.159965	0.006331	3.5
594	-0.056813	0.000000	0.159965	0.004073	4.0
595	-0.058891	0.000000	0.159965	0.005221	4.8
596	-0.053376	0.000000	0.159965	0.005931	3.9
597	-0.058273	0.000000	0.159965	0.003530	4.1
598	-0.056075	0.000000	0.159965	0.006766	4.8
599	-0.056455	0.000000	0.159965	0.006325	4.1
600	-0.056009	0.000000	0.159965	0.004963	3.9
601	-0.058018	0.000000	0.159965	0.003091	4.3
602	-0.061233	0.000000	0.159965	0.009568	5.0
603	-0.057385	0.000000	0.159965	0.008241	4.8
604	-0.057086	0.000000	0.159965	0.007696	4.9
605	-0.059644	0.000000	0.159965	0.004782	5.2
606	-0.058141	0.000000	0.159965	0.009218	5.2
607	-0.053614	0.000000	0.159965	0.005207	5.1
608	-0.058322	0.000000	0.159965	0.004412	4.8
609	-0.057927	0.000000	0.159965	0.005299	4.1
610	-0.060257	0.000000	0.159965	0.007252	5.1
611	-0.057513	0.000000	0.159965	0.007988	5.3
612	-0.058843	0.000000	0.159965	0.002550	5.1
613	-0.056475	0.000000	0.159965	0.005176	5.2
614	-0.058280	0.000000	0.159965	0.005516	5.0
615	-0.060690	0.000000	0.159965	0.005484	4.4
616	-0.056393	0.000000	0.159965	0.006395	4.4
617	-0.056646	0.000000	0.159965	0.002770	4.4
618	-0.057191	0.000000	0.159965	0.005913	4.9
619	-0.057956	0.000000	0.159965	0.008360	4.9
620	-0.059547	0.000000	0.159965	0.003787	4.4
621	-0.058456	0.000000	0.159965	0.005738	4.7
622	-0.059916	0.000000	0.159965	0.004151	5.0
623	-0.060698	0.000000	0.159965	0.006998	5.0
624	-0.059914	0.000000	0.159965	0.004372	5.1
625	-0.055162	0.000000	0.159965	0.006054	5.0
626	-0.061991	0.000000	0.159965	0.006099	4.8
627	-0.058171	0.000000	0.159965	0.005442	4.7
628	-0.057472	0.000000	0.159965	0.003955	4.8
629	-0.062537	0.000000	0.159965	0.010784	4.7
630	-0.060809	0.000000	0.159965	0.007015	4.3
631	-0.059097	0.000000	0.159965	0.003227	4.9
632	-0.062031	0.000000	0.159965	0.003818	5.0
633	-0.058762	0.000000	0.159965	0.006993	4.9
634	-0.057994	0.000000	0.159965	0.004062	5.0
635	-0.057925	0.000000	0.159965	0.006271	4.6
636	-0.058910	0.000000	0.159965	0.007208	4.7
637	-0.060692	0.000000	0.159965	0.006878	5.3
638	-0.056334	0.000000	0.159965	0.009800	4.7
639	-0.057416	0.000000	0.159965	0.004400	4.9
640	-0.061155	0.000000	0.159965	0.007870	5.0
641	-0.059526	0.000000	0.159965	0.007407	4.7
642	-0.060682	0.000000	0.159965	0.005731	5.0
643	-0.056843	0.000000	0.159965	0.006000	5.0
644	-0.058636	0.000000	0.159965	0.010366	4.8
645	-0.057157	0.000000	0.159965	0.003828	4.3
646	-0.058031	1.000000	0.155547	0.005622	4.1
647	-0.057441	2.000000	0.151440	0.005607	4.1
648	-0.063948	1.200000	0.154702	0.007430	4.7
649	-0.059489	0.400000	0.158158	0.005270	4.9
650	-0.061363	0.000000	0.159965	0.006405	4.3
651	-0.058095	0.000000	0.159965	0.004268	4.3
652	-0.056705	0.000000	0.159965	0.005556	4.0
653	-0.056693	0.000000	0.159965	0.004699	4.1
654	-0.057261	0.000000	0.159965	0.005742	3.9
655	-0.062519	0.000000	0.159965	0.002138	3.7
656	-0.060185	0.000000	0.159965	0.003366	4.1
657	-0.059312	0.000000	0.159965	0.004153	4.9
658	-0.061378	0.000000	0.159965	0.004687	4.8
659	-0.057081	0.000000	0.159965	0.008477	4.0
660	-0.056842	0.000000	0.159965	0.004882	3.9
661	-0.057359	0.000000	0.159965	0.003927	4.1
662	-0.058426	0.000000	0.159965	0.005794	4.8
663	-0.059646	0.000000	0.159965	0.008459	4.8
664	-0.052575	0.000000	0.159965	0.008564	4.6
665	-0.057749	0.000000	0.159965	0.006957	4.8
666	-0.058089	0.000000	0.159965	0.007675	5.0
667	-0.058159	0.000000	0.159965	0.008620	5.0
668	-0.056205	0.000000	0.159965	0.004328	4.9
669	-0.057844	0.000000	0.159965	0.009566	5.0
670	-0.058888	0.000000	0.159965	0.008015	4.8
671	-0.056314	0.000000	0.159965	0.007197	4.4
672	-0.051612	0.000000	0.159965	0.005404	4.3
673	-0.055498	0.000000	0.159965	0.004498	4.8
674	-0.057594	0.000000	0.159965	0.004620	4.8
675	-0.058386	0.000000	0.159965	0.003494	4.6
676	-0.054837	0.000000	0.159965	0.005754	4.2
677	-0.054913	0.000000	0.159965	0.003239	4.2
678	-0.058637	0.000000	0.159965	0.005062	4.1
679	-0.056663	0.000000	0.159965	0.003304	4.1
680	-0.059546	0.000000	0.159965	0.003439	4.8
681	-0.056364	0.000000	0.159965	0.007362	4.7
682	-0.059170	0.000000	0.159965	0.003632	4.8
683	-0.055900	0.000000	0.159965	0.004406	4.7
684	-0.054869	0.000000	0.159965	0.006164	4.1
685	-0.058125	0.000000	0.159965	0.006368	4.0
686	-0.058603	0.000000	0.159965	0.007362	4.1
687	-0.058849	0.000000	0.159965	0.006715	4.0
688	-0.055478	0.000000	0.159965	0.006423	3.8
689	-0.058695	0.000000	0.159965	0.006601	4.0
690	-0.055140	0.000000	0.159965	0.005761	3.8
691	-0.057211	0.000000	0.159965	0.010231	4.4
692	-0.058387	0.000000	0.159965	0.001907	4.9
693	-0.056883	0.000000	0.159965	0.007291	4.7
694	-0.056334	0.000000	0.159965	0.005680	3.7
695	-0.056637	0.000000	0.159965	0.003330	4.2
696	-0.056954	0.000000	0.159965	0.002555	5.0
697	-0.058462	0.000000	0.159965	0.005841	4.9
698	-0.060218	0.000000	0.159965	0.008540	4.0
699	-0.059623	0.000000	0.159965	0.005664	3.9
700	-0.060877	0.000000	0.159965	0.007756	4.1
701	-0.055920	0.000000	0.159965	0.006011	4.5
702	-0.057203	0.000000	0.159965	0.006326	5.3
703	-0.058054	0.000000	0.159965	0.007792	5.2
704	-0.055944	0.000000	0.159965	0.005384	5.2
705	-0.058314	0.000000	0.159965	0.006033	3.8
706	-0.056100	1.000000	0.155547	0.003610	3.8
707	-0.059906	0.200000	0.159054	0.005332	3.9
708	-0.054915	0.000000	0.159965	0.007439	5.0
709	-0.059765	0.000000	0.159965	0.006070	4.6
710	-0.057532	0.000000	0.159965	0.008716	5.3
711	-0.059891	0.000000	0.159965	0.006020	5.4
712	-0.060035	0.000000	0.159965	0.007697	5.3
713	-0.059487	0.000000	0.159965	0.003283	4.3
714	-0.055352	0.000000	0.159965	0.007566	4.1
715	-0.054164	0.000000	0.159965	0.004425	4.6
716	-0.058399	0.000000	0.159965	0.008493	3.7
717	-0.052759	0.000000	0.159965	0.004308	4.0
718	-0.058346	0.000000	0.159965	0.007233	4.0
719	-0.057009	0.000000	0.159965	0.006232	3.7
720	-0.063059	0.000000	0.159965	0.010499	3.8
721	-0.061621	0.000000	0.159965	0.004823	4.1
722	-0.057684	0.000000	0.159965	0.004276	5.4
723	-0.062633	0.000000	0.159965	0.003376	5.3
724	-0.057268	0.000000	0.159965	0.006505	5.5
725	-0.058965	0.000000	0.159965	0.009276	5.2
726	-0.056232	0.000000	0.159965	0.002983	5.3
727	-0.060289	0.000000	0.159965	0.008074	4.8
728	-0.061697	0.000000	0.159965	0.004902	5.2
729	-0.056309	0.000000	0.159965	0.004900	5.4
730	-0.057696	0.000000	0.159965	0.006380	5.4
731	-0.059499	0.000000	0.159965	0.007730	5.0
732	-0.058059	0.000000	0.159965	0.009294	5.4
733	-0.060481	0.000000	0.159965	0.005154	5.3
734	-0.057069	0.000000	0.159965	0.006245	5.3
735	-0.054629	0.000000	0.159965	0.009171	5.0
736	-0.058479	0.000000	0.159965	0.006617	5.3
737	-0.060612	0.000000	0.159965	0.003697	5.5
738	-0.060115	0.000000	0.159965	0.005184	5.0
739	-0.060036	0.000000	0.159965	0.006565	5.7
740	-0.056424	0.000000	0.159965	0.007290	5.7
741	-0.055916	0.000000	0.159965	0.007595	4.8
742	-0.059112	0.000000	0.159965	0.003260	5.5
743	-0.057172	0.000000	0.159965	0.005115	5.1
744	-0.056875	0.000000	0.159965	0.004161	6.2
745	-0.055754	0.000000	0.159965	0.007169	5.1
746	-0.058409	0.000000	0.159965	0.009332	5.0
747	-0.059450	0.000000	0.159965	0.004672	5.1
748	-0.055254	0.000000	0.159965	0.004709	5.3
749	-0.057807	0.000000	0.159965	0.004707	5.1
750	-0.058943	0.000000	0.159965	0.003689	4.1
751	-0.056257	0.000000	0.159965	0.003926	4.2
752	-0.058899	1.000000	0.155547	0.006958	4.7
753	-0.061218	0.200000	0.159054	0.007860	4.4
754	-0.057550	0.000000	0.159965	0.005445	4.7
755	-0.060851	0.000000	0.159965	0.006661	4.9
756	-0.058929	0.000000	0.159965	0.008038	4.5
757	-0.062307	0.000000	0.159965	0.004426	5.1
758	-0.059603	0.000000	0.159965	0.005621	5.0
759	-0.054991	0.000000	0.159965	0.008179	4.3
760	-0.057907	0.000000	0.159965	0.007462	4.0
761	-0.055759	0.000000	0.159965	0.005242	4.1
762	-0.057066	0.000000	0.159965	0.006062	5.5
763	-0.056458	0.000000	0.159965	0.005310	4.4
764	-0.060844	0.000000	0.159965	0.010522	4.5
765	-0.058515	0.000000	0.159965	0.005883	4.7
766	-0.061260	0.000000	0.159965	0.007765	4.7
767	-0.059387	0.000000	0.159965	0.009727	4.4
768	-0.053711	0.000000	0.159965	0.005941	4.3
769	-0.060586	0.000000	0.159965	0.004013	4.4
770	-0.059039	1.000000	0.155547	0.005705	4.4
771	-0.058045	2.000000	0.151440	0.004811	4.8
772	-0.059643	1.200000	0.154702	0.007495	5.5
773	-0.053964	0.400000	0.158158	0.008716	5.6
774	-0.054328	0.000000	0.159965	0.002703	6.0
775	-0.056570	0.000000	0.159965	0.006687	4.8
776	-0.056848	0.000000	0.159965	0.003129	5.0
777	-0.059862	0.000000	0.159965	0.007835	5.2
778	-0.057550	0.000000	0.159965	0.006728	5.7
779	-0.058530	0.000000	0.159965	0.005717	5.7
780	-0.056362	0.000000	0.159965	0.005465	5.5
781	-0.059867	0.000000	0.159965	0.003432	4.5
782	-0.057331	0.000000	0.159965	0.003688	4.4
783	-0.055153	0.000000	0.159965	0.007901	4.5
784	-0.060946	0.000000	0.159965	0.004366	4.7
785	-0.053902	0.000000	0.159965	0.006251	4.3
786	-0.058161	0.000000	0.159965	0.007564	4.9
787	-0.056486	0.000000	0.159965	0.003863	4.8
788	-0.056762	0.000000	0.159965	0.007194	4.7
789	-0.060073	0.000000	0.159965	0.008829	4.3
790	-0.058454	0.000000	0.159965	0.006209	4.1
791	-0.060255	0.000000	0.159965	0.010581	4.0
792	-0.058240	0.000000	0.159965	0.004679	3.8
793	-0.057189	0.000000	0.159965	0.003419	3.8
794	-0.059795	0.000000	0.159965	0.007200	3.9
795	-0.057442	0.000000	0.159965	0.010119	4.9
796	-0.058439	0.000000	0.159965	0.005546	4.7
797	-0.059992	0.000000	0.159965	0.001401	4.5
798	-0.059654	0.000000	0.159965	0.004536	3.9
799	-0.057719	0.000000	0.159965	0.006200	4.3
800	-0.057223	0.000000	0.159965	0.008626	5.3
801	-0.058188	0.000000	0.159965	0.004487	4.3
802	-0.059083	0.000000	0.159965	0.005776	4.1
803	-0.059199	0.000000	0.159965	0.005351	4.2
804	-0.062053	0.000000	0.159965	0.008539	4.9
805	-0.055703	0.000000	0.159965	0.003678	4.9
806	-0.058956	0.000000	0.159965	0.005006	5.0
807	-0.056266	0.000000	0.159965	0.005337	5.0
808	-0.057941	0.000000	0.159965	0.005480	5.0
809	-0.057178	0.000000	0.159965	0.007504	4.4
810	-0.060865	0.000000	0.159965	0.006367	4.1
811	-0.059841	0.000000	0.159965	0.007345	4.1
812	-0.059705	0.000000	0.159965	0.005575	5.1
813	-0.059473	0.000000	0.159965	0.007031	4.9
814	-0.055580	0.000000	0.159965	0.006742	4.1
815	-0.059120	0.000000	0.159965	0.005507	4.2
816	-0.056714	0.000000	0.159965	0.006284	4.2
817	-0.058750	0.000000	0.159965	0.004908	4.1
818	-0.057899	0.000000	0.159965	0.004118	4.1
819	-0.053705	0.000000	0.159965	0.007251	4.9
820	-0.056924	0.000000	0.159965	0.006623	5.3
821	-0.059575	0.000000	0.159965	0.008455	5.2
822	-0.061183	0.000000	0.159965	0.005742	5.2
823	-0.057992	0.000000	0.159965	0.007116	5.2
824	-0.062508	0.000000	0.159965	0.007789	5.3
825	-0.063119	0.000000	0.159965	0.008164	4.6
826	-0.058805	0.000000	0.159965	0.006318	4.8
827	-0.055693	0.000000	0.159965	0.007872	4.9
828	-0.057201	0.000000	0.159965	0.005296	4.5
829	-0.057529	0.000000	0.159965	0.004525	4.3
830	-0.055552	0.000000	0.159965	0.005613	3.9
831	-0.056748	0.000000	0.159965	0.006236	4.3
832	-0.060238	0.000000	0.159965	0.005688	5.0
833	-0.058760	0.000000	0.159965	0.006476	5.0
834	-0.058815	0.000000	0.159965	0.005640	5.1
835	-0.057729	0.000000	0.159965	0.005126	4.9
836	-0.056988	0.000000	0.159965	0.003924	4.8
837	-0.054628	0.000000	0.159965	0.003982	4.5
838	-0.057372	0.000000	0.159965	0.008419	4.8
839	-0.057421	0.000000	0.159965	0.007573	4.2
840	-0.055748	0.000000	0.159965	0.004742	3.8
841	-0.060507	0.000000	0.159965	0.006271	4.1
842	-0.059588	0.000000	0.159965	0.008075	4.4
843	-0.055557	0.000000	0.159965	0.006032	4.7
844	-0.058289	0.000000	0.159965	0.003563	5.3
845	-0.057915	0.000000	0.159965	0.002064	4.3
846	-0.056893	1.000000	0.155547	0.005375	4.4
847	-0.059395	2.000000	0.151440	0.007884	5.5
848	-0.057097	1.200000	0.154702	0.008408	4.0
849	-0.055092	0.400000	0.158158	0.005648	5.0
850	-0.058521	0.000000	0.159965	0.008580	4.1
851	-0.056971	0.000000	0.159965	0.006401	5.1
852	-0.058602	0.000000	0.159965	0.004279	5.1
853	-0.060465	0.000000	0.159965	0.003272	4.6
854	-0.057396	0.000000	0.159965	0.005020	4.7
855	-0.058272	0.000000	0.159965	0.003543	4.9
856	-0.056617	0.000000	0.159965	0.005370	5.0
857	-0.057298	0.000000	0.159965	0.005238	5.1
858	-0.054619	0.000000	0.159965	0.004337	5.0
859	-0.059772	0.000000	0.159965	0.008404	4.7
860	-0.057641	0.000000	0.159965	0.006276	4.4
861	-0.054150	0.000000	0.159965	0.005618	4.2
862	-0.058027	0.000000	0.159965	0.004164	3.9
863	-0.061405	0.000000	0.159965	0.007495	4.8
864	-0.056502	0.000000	0.159965	0.003961	4.5
865	-0.057893	0.000000	0.159965	0.008282	3.7
866	-0.060244	0.000000	0.159965	0.002326	3.8
867	-0.056216	0.000000	0.159965	0.005250	4.1
868	-0.057273	0.000000	0.159965	0.007035	4.8
869	-0.056317	0.000000	0.159965	0.007871	4.0
870	-0.055895	0.000000	0.159965	0.006291	3.8
871	-0.061188	0.000000	0.159965	0.002858	3.8
872	-0.056022	0.000000	0.159965	0.006831	4.7
873	-0.059318	0.000000	0.159965	0.006419	4.6
874	-0.055518	0.000000	0.159965	0.004520	4.2
875	-0.055335	0.000000	0.159965	0.005056	4.1
876	-0.058845	0.000000	0.159965	0.004187	4.3
877	-0.056446	0.000000	0.159965	0.005676	4.5
878	-0.054538	0.000000	0.159965	0.005881	3.9
879	-0.063239	0.000000	0.159965	0.008867	4.0
880	-0.058189	0.000000	0.159965	0.007202	3.8
881	-0.054884	0.000000	0.159965	0.004088	3.9
882	-0.058903	0.000000	0.159965	0.006469	3.9
883	-0.058486	0.000000	0.159965	0.004293	3.9
884	-0.058844	0.000000	0.159965	0.007675	3.8
885	-0.059935	0.000000	0.159965	0.009200	4.7
886	-0.056542	0.000000	0.159965	0.006625	4.6
887	-0.060305	0.000000	0.159965	0.005728	4.6
888	-0.056279	0.000000	0.159965	0.005274	4.0
889	-0.058797	0.000000	0.159965	0.004557	3.8
890	-0.056177	0.000000	0.159965	0.002795	3.9
891	-0.057184	0.000000	0.159965	0.006107	3.8
892	-0.059509	0.000000	0.159965	0.003695	3.8
893	-0.059508	0.000000	0.159965	0.005474	3.5
894	-0.060903	0.000000	0.159965	0.007880	3.5
895	-0.057461	0.000000	0.159965	0.004893	3.8
896	-0.056541	0.000000	0.159965	0.004074	4.8
897	-0.059398	0.000000	0.159965	0.004722	4.9
898	-0.061286	1.000000	0.155547	0.003955	5.0
899	-0.057346	0.200000	0.159054	0.005827	4.8
900	-0.058190	0.000000	0.159965	0.010140	4.3
901	-0.060457	0.000000	0.159965	0.003044	4.1
902	-0.062333	0.000000	0.159965	0.006899	4.1
903	-0.053510	0.000000	0.159965	0.007540	4.8
904	-0.056741	0.000000	0.159965	0.010628	4.7
905	-0.060419	0.000000	0.159965	0.010020	4.7
906	-0.059602	0.000000	0.159965	0.005092	4.7
907	-0.056540	0.000000	0.159965	0.006051	5.0
908	-0.058796	0.000000	0.159965	0.008407	4.9
909	-0.056519	0.000000	0.159965	0.003781	4.7
910	-0.058883	0.000000	0.159965	0.006878	4.9
911	-0.059931	0.000000	0.159965	0.005118	4.8
912	-0.059501	0.000000	0.159965	0.007115	4.4
913	-0.058651	0.000000	0.159965	0.007535	4.3
914	-0.053270	0.000000	0.159965	0.005245	4.0
915	-0.056365	0.000000	0.159965	0.006137	4.0
916	-0.061337	0.000000	0.159965	0.005390	4.3
917	-0.059180	0.000000	0.159965	0.004035	4.8
918	-0.059250	0.000000	0.159965	0.005751	3.9
919	-0.056754	0.000000	0.159965	0.003860	4.1
920	-0.060141	0.000000	0.159965	0.005328	5.1
921	-0.053165	0.000000	0.159965	0.003973	5.4
922	-0.058176	0.000000	0.159965	0.005163	5.0
923	-0.059914	0.000000	0.159965	0.002822	4.7
924	-0.056682	0.000000	0.159965	0.004021	4.2
925	-0.053518	0.000000	0.159965	0.005477	4.6
926	-0.057656	0.000000	0.159965	0.007459	4.8
927	-0.060447	0.000000	0.159965	0.005408	4.6
928	-0.059987	0.000000	0.159965	0.005763	4.6
929	-0.063063	0.000000	0.159965	0.004715	4.5
930	-0.056806	0.000000	0.159965	0.002929	4.0
931	-0.058527	0.000000	0.159965	0.004726	3.9
932	-0.054095	0.000000	0.159965	0.005831	3.8
933	-0.056479	0.000000	0.159965	0.005038	3.7
934	-0.057876	0.000000	0.159965	0.004825	3.7
935	-0.055008	0.000000	0.159965	0.002654	3.8
936	-0.056852	0.000000	0.159965	0.003873	4.6
937	-0.058252	0.000000	0.159965	0.004877	4.6
938	-0.057708	0.000000	0.159965	0.006235	3.8
939	-0.059582	0.000000	0.159965	0.006361	4.1
940	-0.059369	0.000000	0.159965	0.003884	4.7
941	-0.059541	0.000000	0.159965	0.006841	4.6
942	-0.057259	0.000000	0.159965	0.007066	4.4
943	-0.058478	0.000000	0.159965	0.006494	4.9
944	-0.056643	0.000000	0.159965	0.007364	4.9
945	-0.056567	0.000000	0.159965	0.006734	4.8
946	-0.056950	0.000000	0.159965	0.003706	5.0
947	-0.058112	0.000000	0.159965	0.006315	5.1
948	-0.057486	0.000000	0.159965	0.009021	4.8
949	-0.057856	0.000000	0.159965	0.005100	5.0
950	-0.059665	0.000000	0.159965	0.005648	4.9
951	-0.056829	0.000000	0.159965	0.005991	4.9
952	-0.061573	0.000000	0.159965	0.002195	4.7
953	-0.057910	0.000000	0.159965	0.007070	4.7
954	-0.057060	0.000000	0.159965	0.005831	4.8
955	-0.059831	0.000000	0.159965	0.004164	5.5
956	-0.054325	0.000000	0.159965	0.006874	5.1
957	-0.055850	0.000000	0.159965	0.004687	5.3
958	-0.058622	0.000000	0.159965	0.005759	4.8
959	-0.058579	0.000000	0.159965	0.005871	5.0
960	-0.058866	0.000000	0.159965	0.005929	4.9
961	-0.056391	0.000000	0.159965	0.003958	5.1
962	-0.057122	0.000000	0.159965	0.007184	5.0
963	-0.062529	0.000000	0.159965	0.002563	4.7
964	-0.062360	0.000000	0.159965	0.005569	4.4
965	-0.061898	0.000000	0.159965	0.004031	4.7
966	-0.056725	0.000000	0.159965	0.007743	4.1
967	-0.059905	0.000000	0.159965	0.007444	4.7
968	-0.052803	0.000000	0.159965	0.007623	4.8
969	-0.058344	0.000000	0.159965	0.008172	4.5
970	-0.058090	0.000000	0.159965	0.007637	5.2
971	-0.056328	0.000000	0.159965	0.005057	5.0
972	-0.058795	0.000000	0.159965	0.005538	4.7
973	-0.057373	0.000000	0.159965	0.007019	4.2
974	-0.055468	0.000000	0.159965	0.006800	4.1
975	-0.057956	0.000000	0.159965	0.006023	5.2
976	-0.060098	0.000000	0.159965	0.006447	4.3
977	-0.060110	0.000000	0.159965	0.010736	5.2
978	-0.060324	0.000000	0.159965	0.004431	5.0
979	-0.059597	0.000000	0.159965	0.006445	4.9
980	-0.055236	0.000000	0.159965	0.005319	4.9
981	-0.053914	0.000000	0.159965	0.005027	5.0
982	-0.060302	0.000000	0.159965	0.003822	5.0
983	-0.055032	0.000000	0.159965	0.005064	4.4
984	-0.060556	0.000000	0.159965	0.005676	4.6
985	-0.057265	0.000000	0.159965	0.005372	4.7
986	-0.061193	0.000000	0.159965	0.003710	4.8
987	-0.059369	0.000000	0.159965	0.007707	3.8
988	-0.058491	0.000000	0.159965	0.003833	5.0
989	-0.057376	0.000000	0.159965	0.005276	4.9
990	-0.056159	0.000000	0.159965	0.010100	4.8
991	-0.057582	0.000000	0.159965	0.004408	5.1
992	-0.059107	0.000000	0.159965	0.002514	5.0
993	-0.057031	0.000000	0.159965	0.005268	4.7
994	-0.061262	0.000000	0.159965	0.009092	5.2
995	-0.057821	0.000000	0.159965	0.004615	5.0
996	-0.055629	0.000000	0.159965	0.002811	5.0
997	-0.057196	0.000000	0.159965	0.005299	5.0
998	-0.059416	1.000000	0.155547	0.008866	5.0
999	-0.059386	0.200000	0.159054	0.004860	5.0
