1:ItNr	2:Metric	3a:Time	3b:StepSize	4:||Gradient||	Time[ms]
0	-0.054031	0.000000	0.159965	0.004491	573.3
1	-0.054730	0.000000	0.159965	0.004124	3.3
2	-0.054759	0.000000	0.159965	0.006822	3.2
3	-0.050820	0.000000	0.159965	0.006669	3.3
4	-0.050461	0.000000	0.159965	0.004824	3.2
5	-0.056469	0.000000	0.159965	0.003258	3.3
6	-0.053468	0.000000	0.159965	0.004181	3.5
7	-0.053393	1.000000	0.155547	0.003740	3.6
8	-0.054046	0.200000	0.159054	0.007742	3.4
9	-0.054241	0.000000	0.159965	0.009975	3.9
10	-0.055253	1.000000	0.155547	0.009526	3.9
11	-0.054758	0.200000	0.159054	0.005305	3.8
12	-0.053760	0.000000	0.159965	0.005978	4.0
13	-0.054179	0.000000	0.159965	0.006711	4.0
14	-0.054855	0.000000	0.159965	0.003432	4.1
15	-0.053849	0.000000	0.159965	0.004298	4.0
16	-0.053262	1.000000	0.155547	0.008974	4.0
17	-0.053807	2.000000	0.151440	0.005186	4.0
18	-0.054425	1.200000	0.154702	0.012069	4.1
19	-0.053753	0.400000	0.158158	0.007783	4.1
20	-0.055749	0.000000	0.159965	0.008001	4.2
21	-0.053048	0.000000	0.159965	0.007595	5.3
22	-0.053045	0.000000	0.159965	0.010360	4.3
23	-0.053534	0.000000	0.159965	0.007269	4.3
24	-0.056130	0.000000	0.159965	0.007068	4.2
25	-0.054614	0.000000	0.159965	0.007836	5.5
26	-0.054720	0.000000	0.159965	0.009025	4.4
27	-0.057942	0.000000	0.159965	0.007621	4.3
28	-0.053403	1.000000	0.155547	0.003522	4.2
29	-0.053741	2.000000	0.151440	0.008158	4.4
30	-0.053163	1.200000	0.154702	0.007411	5.7
31	-0.053747	0.400000	0.158158	0.008683	5.6
32	-0.054511	0.000000	0.159965	0.006071	5.7
33	-0.058360	0.000000	0.159965	0.006263	5.8
34	-0.052107	0.000000	0.159965	0.002366	5.7
35	-0.052552	0.000000	0.159965	0.014762	5.7
36	-0.054174	1.000000	0.155547	0.010868	5.2
37	-0.055740	0.200000	0.159054	0.008050	5.7
38	-0.054332	0.000000	0.159965	0.006385	5.7
39	-0.053455	0.000000	0.159965	0.009122	5.9
40	-0.055199	0.000000	0.159965	0.008953	5.1
41	-0.053214	0.000000	0.159965	0.004780	4.8
42	-0.049632	0.000000	0.159965	0.009106	5.8
43	-0.049552	0.000000	0.159965	0.005892	5.7
44	-0.054976	0.000000	0.159965	0.005288	5.5
45	-0.057843	0.000000	0.159965	0.003278	5.7
46	-0.051813	0.000000	0.159965	0.004323	5.8
47	-0.049943	0.000000	0.159965	0.007226	5.8
48	-0.058470	0.000000	0.159965	0.008122	5.9
49	-0.053519	0.000000	0.159965	0.012692	6.1
50	-0.054905	0.000000	0.159965	0.001994	6.1
51	-0.054319	0.000000	0.159965	0.011667	5.6
52	-0.053309	0.000000	0.159965	0.003892	5.5
53	-0.057966	0.000000	0.159965	0.005074	5.2
54	-0.054942	0.000000	0.159965	0.005635	17.4
55	-0.052357	0.000000	0.159965	0.005297	9.3
56	-0.055145	0.000000	0.159965	0.004711	4.1
57	-0.051947	0.000000	0.159965	0.005631	3.5
58	-0.051949	0.000000	0.159965	0.008176	11.7
59	-0.056973	0.000000	0.159965	0.005271	7.9
60	-0.056007	0.000000	0.159965	0.006308	7.1
61	-0.054826	0.000000	0.159965	0.007787	7.1
62	-0.052479	0.000000	0.159965	0.005289	6.4
63	-0.049701	0.000000	0.159965	0.004928	5.1
64	-0.055062	0.000000	0.159965	0.005932	4.7
65	-0.055854	0.000000	0.159965	0.006418	4.6
66	-0.053882	0.000000	0.159965	0.004438	4.4
67	-0.051830	0.000000	0.159965	0.007787	4.2
68	-0.052835	1.000000	0.155547	0.004463	3.4
69	-0.053872	0.200000	0.159054	0.008955	3.3
70	-0.051648	1.200000	0.154702	0.005054	3.1
71	-0.054825	0.400000	0.158158	0.006484	8.6
72	-0.052279	0.000000	0.159965	0.010271	8.8
73	-0.053657	0.000000	0.159965	0.005600	9.1
74	-0.049417	0.000000	0.159965	0.004283	5.1
75	-0.054021	0.000000	0.159965	0.006167	10.1
76	-0.055486	0.000000	0.159965	0.008875	4.4
77	-0.057125	0.000000	0.159965	0.005039	4.0
78	-0.055107	0.000000	0.159965	0.006530	3.2
79	-0.054004	0.000000	0.159965	0.005067	3.1
80	-0.052357	0.000000	0.159965	0.006950	3.1
81	-0.056176	0.000000	0.159965	0.009104	3.0
82	-0.054337	0.000000	0.159965	0.004455	3.0
83	-0.053303	0.000000	0.159965	0.003315	3.2
84	-0.054407	0.000000	0.159965	0.006163	3.3
85	-0.051979	0.000000	0.159965	0.005949	3.6
86	-0.055044	0.000000	0.159965	0.005582	3.6
87	-0.052633	0.000000	0.159965	0.011076	3.6
88	-0.056679	0.000000	0.159965	0.007657	3.6
89	-0.052226	0.000000	0.159965	0.004406	3.6
90	-0.053958	0.000000	0.159965	0.003835	3.6
91	-0.054758	0.000000	0.159965	0.003148	3.8
92	-0.054666	0.000000	0.159965	0.007926	3.9
93	-0.052316	0.000000	0.159965	0.009499	4.0
94	-0.057258	0.000000	0.159965	0.004951	4.6
95	-0.053410	0.000000	0.159965	0.008574	4.0
96	-0.053864	0.000000	0.159965	0.004938	4.5
97	-0.051840	0.000000	0.159965	0.002829	5.5
98	-0.055373	0.000000	0.159965	0.005263	5.7
99	-0.055436	0.000000	0.159965	0.007319	5.8
100	-0.052675	1.000000	0.155547	0.005325	5.1
101	-0.051109	2.000000	0.151440	0.004402	5.1
102	-0.053320	3.000000	0.147609	0.006755	5.8
103	-0.053117	4.000000	0.144026	0.006344	5.4
104	-0.050873	3.200000	0.146873	0.005752	5.4
105	-0.054074	2.400000	0.149876	0.007004	5.1
106	-0.054892	1.600000	0.153048	0.006205	5.0
107	-0.053483	2.600000	0.149110	0.007645	5.6
108	-0.054404	3.600000	0.145431	0.006699	5.7
109	-0.053969	2.800000	0.148354	0.003644	5.5
110	-0.054998	2.000000	0.151440	0.007546	5.8
111	-0.053211	1.200000	0.154702	0.010258	5.9
112	-0.053947	0.400000	0.158158	0.007011	5.8
113	-0.050251	0.000000	0.159965	0.004959	5.8
114	-0.059047	0.000000	0.159965	0.006638	5.9
115	-0.057637	0.000000	0.159965	0.001785	6.1
116	-0.049027	0.000000	0.159965	0.002150	5.8
117	-0.054115	1.000000	0.155547	0.006321	5.2
118	-0.053414	2.000000	0.151440	0.011652	5.0
119	-0.058311	1.200000	0.154702	0.004217	4.6
120	-0.055037	0.400000	0.158158	0.004854	4.3
121	-0.052159	0.000000	0.159965	0.005566	4.2
122	-0.055702	0.000000	0.159965	0.008958	4.0
123	-0.052808	0.000000	0.159965	0.005553	4.0
124	-0.053215	0.000000	0.159965	0.004942	4.1
125	-0.049727	0.000000	0.159965	0.007918	4.0
126	-0.050523	0.000000	0.159965	0.006946	4.1
127	-0.054021	0.000000	0.159965	0.011476	4.0
128	-0.051988	0.000000	0.159965	0.007013	4.1
129	-0.054557	0.000000	0.159965	0.005828	4.0
130	-0.054190	1.000000	0.155547	0.004783	4.1
131	-0.047495	0.200000	0.159054	0.004256	4.2
132	-0.051377	1.200000	0.154702	0.004302	5.0
133	-0.049858	0.400000	0.158158	0.005798	4.2
134	-0.055889	0.000000	0.159965	0.004643	4.3
135	-0.050494	0.000000	0.159965	0.007638	4.2
136	-0.056321	0.000000	0.159965	0.010116	4.1
137	-0.053850	0.000000	0.159965	0.004841	4.2
138	-0.052940	0.000000	0.159965	0.010267	4.5
139	-0.055461	0.000000	0.159965	0.004084	5.3
140	-0.051809	0.000000	0.159965	0.005557	4.1
141	-0.054638	0.000000	0.159965	0.005646	4.3
142	-0.051046	0.000000	0.159965	0.002287	4.9
143	-0.051366	0.000000	0.159965	0.006625	4.0
144	-0.055057	0.000000	0.159965	0.005263	4.1
145	-0.055485	0.000000	0.159965	0.002689	4.2
146	-0.055036	0.000000	0.159965	0.009591	4.1
147	-0.058240	0.000000	0.159965	0.003168	4.1
148	-0.050221	1.000000	0.155547	0.007300	4.1
149	-0.056840	2.000000	0.151440	0.007115	4.1
150	-0.051918	1.200000	0.154702	0.005084	4.1
151	-0.052767	0.400000	0.158158	0.007616	4.5
152	-0.054204	0.000000	0.159965	0.006801	5.5
153	-0.053695	0.000000	0.159965	0.005470	4.8
154	-0.053177	0.000000	0.159965	0.002517	5.4
155	-0.055269	0.000000	0.159965	0.009433	5.0
156	-0.056714	0.000000	0.159965	0.005806	4.5
157	-0.056414	0.000000	0.159965	0.008685	4.4
158	-0.054569	0.000000	0.159965	0.005939	4.7
159	-0.054637	0.000000	0.159965	0.005371	4.7
160	-0.055945	0.000000	0.159965	0.002873	5.2
161	-0.054834	1.000000	0.155547	0.001672	5.6
162	-0.054720	2.000000	0.151440	0.007930	4.4
163	-0.052849	3.000000	0.147609	0.004434	4.2
164	-0.054033	2.200000	0.150652	0.007123	4.2
165	-0.052381	1.400000	0.153869	0.005866	4.5
166	-0.056704	0.600000	0.157275	0.002646	5.4
167	-0.056086	1.597885	0.153056	0.007193	4.2
168	-0.052294	0.797885	0.156414	0.009043	4.5
169	-0.052457	0.000000	0.159965	0.005778	4.4
170	-0.055413	0.000000	0.159965	0.008409	4.5
171	-0.059109	0.000000	0.159965	0.008516	5.5
172	-0.055662	0.000000	0.159965	0.005690	5.5
173	-0.052632	0.000000	0.159965	0.007032	4.5
174	-0.052870	0.000000	0.159965	0.006539	4.6
175	-0.054245	0.000000	0.159965	0.009722	4.7
176	-0.054723	0.000000	0.159965	0.005811	4.7
177	-0.053614	0.000000	0.159965	0.010342	4.7
178	-0.057013	0.000000	0.159965	0.009290	4.4
179	-0.053682	0.000000	0.159965	0.009461	4.6
180	-0.053160	0.000000	0.159965	0.005153	5.6
181	-0.056077	0.000000	0.159965	0.009590	5.6
182	-0.053953	0.000000	0.159965	0.006478	4.5
183	-0.050334	0.000000	0.159965	0.006635	4.7
184	-0.053686	0.000000	0.159965	0.007150	5.4
185	-0.051588	0.000000	0.159965	0.005866	4.6
186	-0.051970	0.000000	0.159965	0.006916	5.5
187	-0.054587	0.000000	0.159965	0.012753	4.9
188	-0.050567	0.000000	0.159965	0.005893	5.8
189	-0.055695	0.000000	0.159965	0.006647	5.6
190	-0.053093	0.000000	0.159965	0.007323	5.1
191	-0.054084	0.000000	0.159965	0.005365	4.8
192	-0.054684	0.000000	0.159965	0.003255	4.6
193	-0.053380	1.000000	0.155547	0.007203	4.7
194	-0.053690	2.000000	0.151440	0.008751	4.3
195	-0.053063	1.200000	0.154702	0.006745	4.2
196	-0.053191	0.400000	0.158158	0.005804	4.2
197	-0.051996	0.000000	0.159965	0.005054	4.2
198	-0.052649	0.000000	0.159965	0.008205	4.1
199	-0.056367	0.000000	0.159965	0.004619	5.6
200	-0.055710	0.000000	0.159965	0.004301	5.4
201	-0.053616	1.000000	0.155547	0.006794	4.5
202	-0.057645	0.200000	0.159054	0.008970	5.2
203	-0.053050	0.000000	0.159965	0.005427	5.3
204	-0.054949	0.000000	0.159965	0.005487	4.7
205	-0.054433	0.000000	0.159965	0.005375	5.2
206	-0.052556	0.000000	0.159965	0.007746	5.0
207	-0.052941	0.000000	0.159965	0.006359	4.9
208	-0.053235	1.000000	0.155547	0.006031	4.8
209	-0.059144	0.200000	0.159054	0.010628	5.3
210	-0.051864	0.000000	0.159965	0.004484	5.4
211	-0.053060	0.000000	0.159965	0.005827	5.4
212	-0.056053	0.000000	0.159965	0.004636	5.1
213	-0.054389	0.000000	0.159965	0.004833	5.7
214	-0.056114	1.000000	0.155547	0.004074	5.6
215	-0.054439	2.000000	0.151440	0.010671	5.5
216	-0.054268	1.200000	0.154702	0.003333	4.9
217	-0.055277	0.400000	0.158158	0.006814	5.0
218	-0.051961	0.000000	0.159965	0.005145	5.5
219	-0.052592	0.000000	0.159965	0.007513	5.6
220	-0.057164	0.000000	0.159965	0.006104	5.1
221	-0.054864	0.000000	0.159965	0.008445	5.7
222	-0.052330	0.000000	0.159965	0.004540	5.7
223	-0.054264	0.000000	0.159965	0.011629	5.7
224	-0.050656	0.000000	0.159965	0.005994	5.8
225	-0.053750	0.000000	0.159965	0.007291	5.8
226	-0.052720	0.000000	0.159965	0.003616	5.6
227	-0.052076	0.000000	0.159965	0.004962	5.6
228	-0.054882	0.000000	0.159965	0.004727	5.6
229	-0.056054	0.000000	0.159965	0.006298	5.6
230	-0.058121	0.000000	0.159965	0.005222	5.1
231	-0.053261	0.000000	0.159965	0.002607	5.0
232	-0.049152	0.000000	0.159965	0.006787	4.6
233	-0.054355	0.000000	0.159965	0.004450	4.6
234	-0.051992	0.000000	0.159965	0.003023	4.4
235	-0.048873	1.000000	0.155547	0.009811	4.2
236	-0.052430	0.200000	0.159054	0.003863	4.1
237	-0.052663	0.000000	0.159965	0.006012	4.1
238	-0.050152	1.000000	0.155547	0.005377	5.3
239	-0.053090	0.200000	0.159054	0.005344	5.2
240	-0.049886	0.000000	0.159965	0.005704	4.5
241	-0.056964	0.000000	0.159965	0.008886	4.4
242	-0.054466	0.000000	0.159965	0.013131	4.3
243	-0.055072	0.000000	0.159965	0.007141	4.1
244	-0.052721	0.000000	0.159965	0.004763	5.5
245	-0.054464	0.000000	0.159965	0.006368	5.3
246	-0.054219	1.000000	0.155547	0.006158	4.4
247	-0.055633	2.000000	0.151440	0.007030	4.4
248	-0.051856	1.200000	0.154702	0.002784	4.5
249	-0.056922	0.400000	0.158158	0.006266	4.2
250	-0.056388	0.000000	0.159965	0.010547	4.3
251	-0.052843	0.000000	0.159965	0.003841	4.2
252	-0.053902	0.000000	0.159965	0.006950	4.5
253	-0.053845	0.000000	0.159965	0.008805	4.1
254	-0.057130	0.000000	0.159965	0.008308	4.0
255	-0.053008	0.000000	0.159965	0.007906	4.5
256	-0.050815	0.000000	0.159965	0.004187	5.5
257	-0.054777	0.000000	0.159965	0.008801	5.5
258	-0.051412	0.000000	0.159965	0.002911	5.4
259	-0.054958	0.000000	0.159965	0.007730	4.5
260	-0.050208	0.000000	0.159965	0.008434	5.6
261	-0.053514	0.000000	0.159965	0.008209	4.9
262	-0.056912	0.000000	0.159965	0.007824	5.9
263	-0.056229	0.000000	0.159965	0.004912	5.6
264	-0.053722	0.000000	0.159965	0.004184	6.0
265	-0.053890	0.000000	0.159965	0.004299	5.5
266	-0.054835	0.000000	0.159965	0.006161	5.9
267	-0.055741	1.000000	0.155547	0.007364	5.6
268	-0.054792	2.000000	0.151440	0.008385	5.8
269	-0.054590	1.200000	0.154702	0.010446	5.6
270	-0.055145	0.400000	0.158158	0.004547	5.8
271	-0.052498	0.000000	0.159965	0.004308	5.5
272	-0.055911	0.000000	0.159965	0.001370	5.9
273	-0.051384	0.000000	0.159965	0.005940	5.8
274	-0.055468	1.000000	0.155547	0.005865	5.8
275	-0.048610	0.200000	0.159054	0.010106	5.9
276	-0.051331	0.000000	0.159965	0.006105	5.9
277	-0.054158	0.000000	0.159965	0.008423	5.6
278	-0.053399	0.000000	0.159965	0.003387	5.1
279	-0.052009	0.000000	0.159965	0.006502	5.0
280	-0.053847	0.000000	0.159965	0.005688	5.6
281	-0.055913	0.000000	0.159965	0.007587	5.5
282	-0.054568	0.000000	0.159965	0.005088	5.4
283	-0.054017	0.000000	0.159965	0.009018	5.5
284	-0.051746	0.000000	0.159965	0.003299	5.8
285	-0.051876	0.000000	0.159965	0.005137	5.8
286	-0.052695	0.000000	0.159965	0.002988	5.6
287	-0.057630	0.000000	0.159965	0.005223	5.7
288	-0.053460	0.000000	0.159965	0.011913	5.7
289	-0.055024	0.000000	0.159965	0.006590	5.2
290	-0.052660	0.000000	0.159965	0.004278	5.0
291	-0.055220	0.000000	0.159965	0.003080	4.7
292	-0.054191	0.000000	0.159965	0.004685	5.6
293	-0.057891	1.000000	0.155547	0.007494	4.9
294	-0.053171	2.000000	0.151440	0.011732	5.0
295	-0.055787	1.200000	0.154702	0.005472	6.0
296	-0.056741	0.400000	0.158158	0.004573	4.9
297	-0.057202	0.000000	0.159965	0.010021	5.1
298	-0.054901	0.000000	0.159965	0.005926	4.9
299	-0.055590	0.000000	0.159965	0.003682	4.4
300	-0.051838	0.000000	0.159965	0.006392	4.5
301	-0.051640	0.000000	0.159965	0.008134	4.2
302	-0.055403	0.000000	0.159965	0.006716	4.1
303	-0.052902	0.000000	0.159965	0.007950	4.2
304	-0.056297	0.000000	0.159965	0.009090	4.6
305	-0.053617	0.000000	0.159965	0.010049	5.3
306	-0.051890	0.000000	0.159965	0.010080	5.7
307	-0.057571	0.000000	0.159965	0.007681	5.2
308	-0.053767	0.000000	0.159965	0.004947	4.9
309	-0.053528	0.000000	0.159965	0.005795	4.6
310	-0.058273	0.000000	0.159965	0.004082	5.7
311	-0.053462	0.000000	0.159965	0.004704	5.5
312	-0.051583	0.000000	0.159965	0.005281	5.3
313	-0.056842	0.000000	0.159965	0.007845	4.8
314	-0.057273	0.000000	0.159965	0.012703	5.0
315	-0.057331	0.000000	0.159965	0.005766	5.4
316	-0.054076	0.000000	0.159965	0.005302	4.7
317	-0.050990	1.000000	0.155547	0.005456	5.6
318	-0.055052	0.200000	0.159054	0.005721	5.7
319	-0.054114	0.000000	0.159965	0.007483	5.7
320	-0.054639	0.000000	0.159965	0.006010	5.6
321	-0.050356	0.000000	0.159965	0.001209	5.8
322	-0.054962	0.000000	0.159965	0.003266	5.6
323	-0.055636	0.999988	0.155547	0.006142	5.8
324	-0.053040	1.999988	0.151440	0.007440	5.3
325	-0.051310	1.199988	0.154702	0.005461	5.1
326	-0.051864	2.199988	0.150653	0.003195	4.9
327	-0.050050	1.399988	0.153869	0.008573	4.6
328	-0.055767	0.599988	0.157275	0.002635	4.2
329	-0.056370	0.000000	0.159965	0.006544	4.4
330	-0.056173	0.000000	0.159965	0.007627	4.2
331	-0.053468	0.000000	0.159965	0.007189	4.2
332	-0.051311	0.000000	0.159965	0.005957	5.6
333	-0.055298	0.000000	0.159965	0.009106	5.5
334	-0.054416	0.000000	0.159965	0.003925	5.5
335	-0.050076	0.000000	0.159965	0.007043	5.3
336	-0.048620	0.000000	0.159965	0.005710	5.4
337	-0.053930	0.000000	0.159965	0.008151	5.4
338	-0.052430	0.000000	0.159965	0.004035	4.9
339	-0.055856	0.000000	0.159965	0.009666	4.7
340	-0.054908	0.000000	0.159965	0.004380	5.4
341	-0.051396	0.000000	0.159965	0.005741	5.4
342	-0.053550	0.000000	0.159965	0.002804	5.6
343	-0.053424	0.000000	0.159965	0.008261	5.6
344	-0.053486	1.000000	0.155547	0.004355	5.4
345	-0.054961	0.200000	0.159054	0.005638	4.9
346	-0.053838	0.000000	0.159965	0.005218	4.8
347	-0.051542	0.000000	0.159965	0.005954	4.7
348	-0.050228	0.000000	0.159965	0.008730	5.4
349	-0.053974	0.000000	0.159965	0.005776	5.1
350	-0.054457	0.000000	0.159965	0.009172	5.7
351	-0.054835	0.000000	0.159965	0.009123	5.7
352	-0.051110	0.000000	0.159965	0.005824	5.3
353	-0.053780	0.000000	0.159965	0.006345	5.8
354	-0.056338	0.000000	0.159965	0.003816	5.7
355	-0.051545	0.000000	0.159965	0.006102	5.6
356	-0.051278	0.000000	0.159965	0.004702	4.8
357	-0.053428	0.000000	0.159965	0.005006	5.1
358	-0.054311	0.000000	0.159965	0.011373	4.7
359	-0.054349	0.000000	0.159965	0.002796	5.9
360	-0.055237	1.000000	0.155547	0.006849	4.8
361	-0.052221	2.000000	0.151440	0.010281	4.9
362	-0.055887	1.200000	0.154702	0.004450	4.5
363	-0.054796	2.200000	0.150652	0.004822	4.9
364	-0.052548	1.400000	0.153869	0.010936	5.6
365	-0.052233	0.600000	0.157275	0.009161	4.9
366	-0.051428	0.000000	0.159965	0.004036	4.7
367	-0.053419	0.000000	0.159965	0.005576	4.6
368	-0.050764	0.000000	0.159965	0.005576	6.5
369	-0.053736	0.000000	0.159965	0.004224	6.2
370	-0.052397	0.000000	0.159965	0.002592	5.8
371	-0.055274	0.000000	0.159965	0.006892	5.3
372	-0.058212	1.000000	0.155547	0.006170	5.7
373	-0.054128	0.200000	0.159054	0.003923	5.2
374	-0.047850	0.000000	0.159965	0.005934	5.8
375	-0.053017	0.000000	0.159965	0.007992	5.4
376	-0.056286	0.000000	0.159965	0.004743	5.5
377	-0.057813	0.000000	0.159965	0.002612	5.3
378	-0.055085	0.000000	0.159965	0.006859	5.7
379	-0.053130	0.000000	0.159965	0.007009	6.0
380	-0.060478	0.000000	0.159965	0.002740	5.9
381	-0.051302	1.000000	0.155547	0.003271	5.6
382	-0.053893	0.200000	0.159054	0.007025	5.7
383	-0.055753	0.000000	0.159965	0.005569	5.9
384	-0.053257	0.000000	0.159965	0.006141	4.8
385	-0.055017	0.000000	0.159965	0.005675	6.1
386	-0.051158	0.000000	0.159965	0.004862	5.8
387	-0.053641	0.000000	0.159965	0.003121	5.1
388	-0.053539	0.000000	0.159965	0.009904	5.9
389	-0.053439	0.000000	0.159965	0.004238	5.8
390	-0.057255	0.000000	0.159965	0.008617	5.5
391	-0.052561	0.000000	0.159965	0.006026	5.0
392	-0.053578	0.000000	0.159965	0.002559	5.2
393	-0.054077	0.000000	0.159965	0.008558	4.5
394	-0.051522	0.000000	0.159965	0.005835	5.2
395	-0.056915	0.000000	0.159965	0.006038	5.8
396	-0.050588	0.000000	0.159965	0.008175	4.9
397	-0.052376	0.000000	0.159965	0.006009	5.7
398	-0.051668	0.000000	0.159965	0.005909	5.7
399	-0.058727	0.000000	0.159965	0.002956	4.8
400	-0.054657	0.000000	0.159965	0.012193	4.8
401	-0.058099	0.000000	0.159965	0.007847	4.7
402	-0.054105	0.000000	0.159965	0.008549	6.0
403	-0.053644	0.000000	0.159965	0.002173	5.5
404	-0.053367	0.000000	0.159965	0.002500	4.9
405	-0.050166	1.000000	0.155547	0.005958	5.4
406	-0.055743	2.000000	0.151440	0.004896	5.7
407	-0.055000	3.000000	0.147609	0.007519	4.8
408	-0.055694	2.200000	0.150652	0.006583	5.7
409	-0.053394	1.400000	0.153869	0.007555	6.1
410	-0.052162	0.600000	0.157275	0.004934	5.8
411	-0.054747	0.000000	0.159965	0.002360	6.2
412	-0.057370	1.000000	0.155547	0.005741	6.0
413	-0.055835	2.000000	0.151440	0.009149	6.1
414	-0.052670	1.200000	0.154702	0.008704	6.2
415	-0.056769	0.400000	0.158158	0.007735	6.2
416	-0.057282	0.000000	0.159965	0.009899	6.4
417	-0.052446	0.000000	0.159965	0.004983	5.7
418	-0.053592	1.000000	0.155547	0.006646	5.6
419	-0.052879	0.200000	0.159054	0.007549	6.0
420	-0.054905	0.000000	0.159965	0.006993	5.6
421	-0.050695	0.000000	0.159965	0.006008	6.0
422	-0.052101	0.000000	0.159965	0.004657	5.9
423	-0.053332	0.000000	0.159965	0.005900	5.7
424	-0.054874	0.000000	0.159965	0.007476	5.7
425	-0.054960	0.000000	0.159965	0.005496	6.1
426	-0.050141	0.000000	0.159965	0.005495	5.8
427	-0.057396	0.000000	0.159965	0.003349	5.0
428	-0.053698	0.000000	0.159965	0.006049	5.6
429	-0.055162	0.000000	0.159965	0.006084	5.8
430	-0.054181	1.000000	0.155547	0.008181	5.5
431	-0.055297	0.200000	0.159054	0.007236	5.7
432	-0.056487	0.000000	0.159965	0.005924	6.2
433	-0.052644	0.000000	0.159965	0.005555	5.3
434	-0.052399	0.000000	0.159965	0.008363	5.2
435	-0.056264	0.000000	0.159965	0.004226	5.3
436	-0.053124	0.000000	0.159965	0.002919	4.9
437	-0.052496	0.000000	0.159965	0.002356	5.5
438	-0.055135	0.000000	0.159965	0.003560	5.9
439	-0.053072	0.000000	0.159965	0.005103	5.8
440	-0.049409	0.000000	0.159965	0.004418	4.6
441	-0.053724	1.000000	0.155547	0.003184	5.0
442	-0.055467	2.000000	0.151440	0.005827	5.7
443	-0.055568	1.200000	0.154702	0.004902	5.1
444	-0.054605	2.200000	0.150652	0.008930	4.8
445	-0.056862	1.400000	0.153869	0.004964	4.9
446	-0.056770	0.600000	0.157275	0.005985	5.3
447	-0.055416	0.000000	0.159965	0.004023	5.5
448	-0.055805	0.000000	0.159965	0.005388	4.6
449	-0.056498	0.000000	0.159965	0.004983	4.8
450	-0.053404	0.000000	0.159965	0.005742	4.7
451	-0.053475	0.000000	0.159965	0.009068	5.6
452	-0.057059	0.000000	0.159965	0.005183	5.6
453	-0.057396	0.000000	0.159965	0.012774	4.8
454	-0.055228	0.000000	0.159965	0.005728	4.5
455	-0.056911	0.000000	0.159965	0.008883	4.4
456	-0.055405	0.000000	0.159965	0.004245	5.0
457	-0.053625	0.000000	0.159965	0.007212	4.7
458	-0.057438	0.000000	0.159965	0.008254	4.9
459	-0.052961	0.000000	0.159965	0.008334	5.5
460	-0.055922	0.000000	0.159965	0.005805	4.8
461	-0.052719	0.000000	0.159965	0.005422	4.7
462	-0.052084	0.000000	0.159965	0.005055	5.6
463	-0.053257	0.000000	0.159965	0.010753	5.6
464	-0.056187	0.000000	0.159965	0.008362	6.2
465	-0.058950	0.000000	0.159965	0.009561	5.4
466	-0.055612	0.000000	0.159965	0.008332	4.5
467	-0.053790	0.000000	0.159965	0.006067	4.5
468	-0.052927	0.000000	0.159965	0.008133	4.7
469	-0.053885	0.000000	0.159965	0.008989	4.5
470	-0.057820	0.000000	0.159965	0.001795	4.4
471	-0.052428	0.000000	0.159965	0.005272	5.7
472	-0.056835	0.000000	0.159965	0.003964	4.8
473	-0.052555	0.000000	0.159965	0.011481	5.0
474	-0.051809	0.000000	0.159965	0.006533	5.0
475	-0.050813	0.000000	0.159965	0.003908	6.0
476	-0.057259	0.000000	0.159965	0.004900	6.4
477	-0.052370	0.000000	0.159965	0.004755	5.9
478	-0.053675	0.000000	0.159965	0.005644	6.3
479	-0.055445	0.000000	0.159965	0.006587	5.7
480	-0.051828	0.000000	0.159965	0.011864	6.3
481	-0.052751	0.000000	0.159965	0.005373	6.0
482	-0.057495	0.000000	0.159965	0.006283	6.3
483	-0.054641	0.000000	0.159965	0.006130	6.0
484	-0.057551	0.000000	0.159965	0.002288	5.9
485	-0.052787	0.000000	0.159965	0.005410	5.7
486	-0.056539	0.000000	0.159965	0.009797	6.1
487	-0.054932	0.000000	0.159965	0.005323	6.0
488	-0.055117	0.000000	0.159965	0.004510	5.2
489	-0.057091	0.000000	0.159965	0.008508	5.3
490	-0.055330	0.000000	0.159965	0.004673	6.4
491	-0.053731	0.000000	0.159965	0.007726	5.7
492	-0.052969	0.000000	0.159965	0.007136	5.6
493	-0.051851	0.000000	0.159965	0.005539	5.7
494	-0.053679	0.000000	0.159965	0.006120	5.5
495	-0.057969	0.000000	0.159965	0.007376	5.2
496	-0.057831	0.000000	0.159965	0.009729	6.1
497	-0.056972	0.000000	0.159965	0.010790	5.6
498	-0.050708	0.000000	0.159965	0.006384	6.7
499	-0.051728	0.000000	0.159965	0.008408	5.6
500	-0.053657	0.000000	0.159965	0.006434	6.0
501	-0.052808	1.000000	0.155547	0.007634	6.1
502	-0.052800	0.200000	0.159054	0.005314	4.9
503	-0.056213	0.000000	0.159965	0.007474	6.2
504	-0.053526	0.000000	0.159965	0.005117	5.7
505	-0.050195	0.000000	0.159965	0.005936	6.1
506	-0.054062	0.000000	0.159965	0.005268	5.6
507	-0.052156	1.000000	0.155547	0.002124	6.7
508	-0.055175	0.200000	0.159054	0.008038	5.6
509	-0.053433	0.000000	0.159965	0.009213	5.5
510	-0.055021	0.000000	0.159965	0.005586	5.3
511	-0.052549	1.000000	0.155547	0.006927	5.5
512	-0.052713	2.000000	0.151440	0.006497	5.5
513	-0.057432	1.200000	0.154702	0.003111	6.1
514	-0.055716	0.400000	0.158158	0.007433	6.4
515	-0.055515	0.000000	0.159965	0.004950	5.2
516	-0.052421	0.000000	0.159965	0.005922	5.7
517	-0.049234	0.000000	0.159965	0.003013	5.2
518	-0.051023	0.000000	0.159965	0.006590	6.4
519	-0.050961	0.000000	0.159965	0.002586	6.2
520	-0.055124	0.000000	0.159965	0.006342	6.1
521	-0.052945	0.000000	0.159965	0.006214	5.0
522	-0.052378	0.000000	0.159965	0.005893	4.5
523	-0.051879	0.000000	0.159965	0.004709	4.6
524	-0.054720	0.000000	0.159965	0.008053	5.3
525	-0.052932	0.000000	0.159965	0.004066	4.8
526	-0.057895	0.000000	0.159965	0.004404	5.9
527	-0.048984	0.000000	0.159965	0.006106	5.5
528	-0.057942	0.000000	0.159965	0.007390	5.3
529	-0.055648	0.000000	0.159965	0.008327	4.8
530	-0.055574	0.000000	0.159965	0.007671	4.6
531	-0.055095	0.000000	0.159965	0.006999	5.2
532	-0.056306	0.000000	0.159965	0.008796	4.9
533	-0.054013	0.000000	0.159965	0.006120	4.7
534	-0.054978	0.000000	0.159965	0.004192	5.4
535	-0.054284	0.000000	0.159965	0.004421	5.2
536	-0.057166	0.000000	0.159965	0.007849	5.8
537	-0.053947	0.000000	0.159965	0.005605	5.8
538	-0.054708	0.000000	0.159965	0.005838	4.5
539	-0.054532	0.000000	0.159965	0.009480	4.7
540	-0.054286	0.000000	0.159965	0.004961	5.3
541	-0.057422	0.000000	0.159965	0.010225	4.9
542	-0.052798	0.000000	0.159965	0.006975	5.4
543	-0.053055	0.000000	0.159965	0.008165	5.5
544	-0.052790	0.000000	0.159965	0.006010	4.6
545	-0.053880	0.000000	0.159965	0.009747	6.0
546	-0.052015	0.000000	0.159965	0.015143	6.0
547	-0.053841	0.000000	0.159965	0.004430	5.4
548	-0.058588	0.000000	0.159965	0.005458	5.0
549	-0.058294	0.000000	0.159965	0.004192	5.9
550	-0.057918	0.000000	0.159965	0.006420	5.6
551	-0.054294	0.000000	0.159965	0.008007	6.6
552	-0.052273	0.000000	0.159965	0.003101	6.0
553	-0.052639	0.000000	0.159965	0.003054	5.9
554	-0.054061	1.000000	0.155547	0.003775	6.2
555	-0.057359	0.200000	0.159054	0.004872	6.1
556	-0.059117	0.000000	0.159965	0.008746	5.6
557	-0.055628	0.000000	0.159965	0.003809	5.5
558	-0.054299	1.000000	0.155547	0.005338	5.0
559	-0.056071	2.000000	0.151440	0.009035	5.0
560	-0.055890	1.200000	0.154702	0.006154	4.2
561	-0.053742	0.400000	0.158158	0.003169	4.5
562	-0.056120	0.000000	0.159965	0.004458	4.9
563	-0.054161	0.000000	0.159965	0.004927	4.7
564	-0.054107	0.000000	0.159965	0.007837	5.0
565	-0.056799	0.000000	0.159965	0.003135	6.1
566	-0.056922	0.000000	0.159965	0.003861	5.0
567	-0.051895	0.000000	0.159965	0.008320	4.7
568	-0.057424	1.000000	0.155547	0.007635	5.5
569	-0.052112	0.200000	0.159054	0.006563	5.6
570	-0.058540	0.000000	0.159965	0.009173	5.6
571	-0.053856	0.000000	0.159965	0.008962	4.9
572	-0.053028	0.000000	0.159965	0.005350	5.6
573	-0.055156	0.000000	0.159965	0.003526	5.5
574	-0.055477	0.000000	0.159965	0.011459	6.3
575	-0.056142	0.000000	0.159965	0.008963	5.8
576	-0.056557	0.000000	0.159965	0.007321	5.8
577	-0.051925	0.000000	0.159965	0.004579	5.6
578	-0.054996	0.000000	0.159965	0.005129	5.9
579	-0.054671	0.000000	0.159965	0.006604	5.9
580	-0.052548	0.000000	0.159965	0.007587	6.1
581	-0.058856	0.000000	0.159965	0.006576	5.9
582	-0.057241	0.000000	0.159965	0.004752	5.8
583	-0.053159	0.000000	0.159965	0.007512	5.9
584	-0.055302	0.000000	0.159965	0.005197	6.0
585	-0.049009	1.000000	0.155547	0.004035	5.6
586	-0.052978	2.000000	0.151440	0.007665	5.2
587	-0.058576	1.200000	0.154702	0.005819	5.0
588	-0.052872	0.400000	0.158158	0.004585	5.7
589	-0.054857	0.000000	0.159965	0.004508	5.7
590	-0.053483	0.000000	0.159965	0.006867	5.7
591	-0.052161	0.000000	0.159965	0.004508	5.3
592	-0.056071	0.000000	0.159965	0.008052	5.0
593	-0.052369	0.000000	0.159965	0.003720	5.6
594	-0.053631	0.000000	0.159965	0.005944	6.0
595	-0.055418	0.000000	0.159965	0.011293	5.8
596	-0.054778	0.000000	0.159965	0.008802	4.9
597	-0.055136	0.000000	0.159965	0.007463	5.7
598	-0.052684	0.000000	0.159965	0.005481	5.8
599	-0.048701	0.000000	0.159965	0.007278	5.5
600	-0.052042	0.000000	0.159965	0.004342	6.5
601	-0.056547	0.000000	0.159965	0.005316	5.0
602	-0.053447	0.000000	0.159965	0.010875	6.1
603	-0.055139	0.000000	0.159965	0.003580	6.3
604	-0.054070	0.000000	0.159965	0.006430	6.5
605	-0.053333	0.000000	0.159965	0.004555	6.1
606	-0.058279	0.000000	0.159965	0.004239	6.3
607	-0.052763	0.000000	0.159965	0.004598	6.4
608	-0.054809	0.000000	0.159965	0.005724	6.0
609	-0.055437	0.000000	0.159965	0.006423	5.8
610	-0.052947	0.000000	0.159965	0.006317	5.9
611	-0.055057	0.000000	0.159965	0.003346	6.2
612	-0.052756	0.000000	0.159965	0.003072	6.0
613	-0.050462	0.000000	0.159965	0.004111	6.5
614	-0.052558	1.000000	0.155547	0.006229	6.3
615	-0.059489	0.200000	0.159054	0.007295	6.7
616	-0.050882	0.000000	0.159965	0.010506	5.4
617	-0.053847	0.000000	0.159965	0.005858	6.3
618	-0.048417	0.000000	0.159965	0.009077	5.2
619	-0.055537	0.000000	0.159965	0.007098	5.9
620	-0.054474	0.000000	0.159965	0.003199	5.8
621	-0.049560	0.000000	0.159965	0.007629	5.8
622	-0.054453	1.000000	0.155547	0.004373	6.1
623	-0.052986	0.200000	0.159054	0.007202	6.1
624	-0.054836	0.000000	0.159965	0.008634	5.9
625	-0.057973	0.000000	0.159965	0.009833	5.6
626	-0.051647	0.000000	0.159965	0.005862	5.2
627	-0.053590	0.000000	0.159965	0.005094	5.4
628	-0.054227	0.000000	0.159965	0.008478	6.2
629	-0.056904	1.000000	0.155547	0.007716	6.3
630	-0.055736	0.200000	0.159054	0.007743	6.3
631	-0.052412	0.000000	0.159965	0.003612	5.3
632	-0.052077	1.000000	0.155547	0.003437	5.5
633	-0.052924	0.200000	0.159054	0.004820	6.0
634	-0.054197	0.000000	0.159965	0.003019	6.0
635	-0.054993	0.000000	0.159965	0.006958	6.2
636	-0.053500	0.000000	0.159965	0.005299	5.1
637	-0.055137	0.000000	0.159965	0.003199	5.2
638	-0.052968	0.000000	0.159965	0.004742	5.0
639	-0.054854	0.000000	0.159965	0.008043	5.2
640	-0.055136	0.000000	0.159965	0.007722	5.1
641	-0.053489	0.000000	0.159965	0.006134	4.7
642	-0.055149	0.000000	0.159965	0.003442	6.2
643	-0.056189	0.000000	0.159965	0.005161	5.5
644	-0.049004	0.000000	0.159965	0.005721	4.9
645	-0.050452	0.000000	0.159965	0.006273	6.5
646	-0.054457	0.000000	0.159965	0.004600	6.2
647	-0.057056	0.000000	0.159965	0.004000	6.7
648	-0.052766	1.000000	0.155547	0.011670	6.5
649	-0.053721	2.000000	0.151440	0.005889	6.0
650	-0.055898	1.200000	0.154702	0.006334	6.1
651	-0.047566	0.400000	0.158158	0.002849	5.3
652	-0.053216	1.400000	0.153869	0.007838	6.2
653	-0.054001	0.600000	0.157275	0.002390	5.5
654	-0.058144	0.000000	0.159965	0.004483	5.6
655	-0.054672	0.000000	0.159965	0.002813	5.9
656	-0.056367	0.000000	0.159965	0.007615	5.2
657	-0.056767	0.000000	0.159965	0.007821	5.4
658	-0.052504	0.000000	0.159965	0.003727	5.4
659	-0.053549	0.000000	0.159965	0.004969	5.7
660	-0.053208	0.000000	0.159965	0.008738	5.8
661	-0.053233	0.000000	0.159965	0.005575	5.5
662	-0.056674	0.000000	0.159965	0.006840	5.3
663	-0.056146	0.000000	0.159965	0.005985	5.7
664	-0.055663	0.000000	0.159965	0.003843	5.7
665	-0.055518	0.000000	0.159965	0.010359	5.3
666	-0.055748	0.000000	0.159965	0.007173	5.1
667	-0.058068	0.000000	0.159965	0.007697	5.1
668	-0.053468	0.000000	0.159965	0.004876	5.6
669	-0.053957	1.000000	0.155547	0.002803	5.6
670	-0.053912	0.200000	0.159054	0.007836	5.4
671	-0.051279	1.200000	0.154702	0.006475	5.7
672	-0.054110	0.400000	0.158158	0.003357	5.7
673	-0.052936	1.400000	0.153869	0.005409	5.4
674	-0.056646	0.600000	0.157275	0.005086	5.9
675	-0.055067	0.000000	0.159965	0.010894	6.0
676	-0.053276	0.000000	0.159965	0.002202	6.2
677	-0.054296	0.000000	0.159965	0.004339	5.8
678	-0.056684	0.000000	0.159965	0.004990	5.8
679	-0.049297	0.000000	0.159965	0.005299	5.6
680	-0.055251	1.000000	0.155547	0.009965	5.7
681	-0.054499	0.200000	0.159054	0.009833	5.8
682	-0.058278	0.000000	0.159965	0.007923	5.0
683	-0.055449	0.000000	0.159965	0.007014	5.3
684	-0.053215	0.000000	0.159965	0.004779	5.7
685	-0.051221	0.000000	0.159965	0.005779	5.9
686	-0.053443	0.000000	0.159965	0.002747	6.2
687	-0.054393	1.000000	0.155547	0.003629	5.7
688	-0.052283	2.000000	0.151440	0.010023	5.5
689	-0.054759	1.200000	0.154702	0.003794	5.2
690	-0.055563	2.200000	0.150652	0.010232	6.1
691	-0.055717	3.200000	0.146873	0.003401	5.8
692	-0.054672	2.400000	0.149876	0.004654	5.4
693	-0.053984	1.600000	0.153048	0.008604	6.2
694	-0.053640	0.800000	0.156404	0.005460	6.1
695	-0.051311	0.000000	0.159965	0.006008	5.6
696	-0.053963	0.000000	0.159965	0.009333	6.1
697	-0.056717	0.000000	0.159965	0.008258	6.0
698	-0.054981	0.000000	0.159965	0.007464	5.1
699	-0.054910	0.000000	0.159965	0.005344	6.1
700	-0.050500	0.000000	0.159965	0.006834	5.6
701	-0.052831	0.000000	0.159965	0.003114	6.3
702	-0.055383	0.000000	0.159965	0.007607	6.5
703	-0.051613	0.000000	0.159965	0.010846	5.9
704	-0.054187	0.000000	0.159965	0.007038	5.3
705	-0.054147	0.000000	0.159965	0.008569	5.8
706	-0.057129	0.000000	0.159965	0.006189	5.9
707	-0.053021	0.000000	0.159965	0.007986	5.9
708	-0.053317	0.000000	0.159965	0.005624	6.0
709	-0.052893	0.000000	0.159965	0.007299	5.6
710	-0.058523	0.000000	0.159965	0.004307	4.6
711	-0.055819	0.000000	0.159965	0.004882	4.6
712	-0.050379	0.000000	0.159965	0.005421	4.5
713	-0.052818	0.000000	0.159965	0.003279	4.5
714	-0.054454	1.000000	0.155547	0.006381	4.6
715	-0.054202	0.200000	0.159054	0.008379	5.7
716	-0.057807	0.000000	0.159965	0.009053	5.3
717	-0.054329	0.000000	0.159965	0.007466	5.2
718	-0.054094	0.000000	0.159965	0.004881	4.3
719	-0.052237	0.000000	0.159965	0.004665	4.9
720	-0.057284	0.000000	0.159965	0.003961	5.5
721	-0.052703	0.000000	0.159965	0.005039	4.4
722	-0.051169	0.000000	0.159965	0.007665	4.9
723	-0.053502	0.000000	0.159965	0.006726	4.5
724	-0.055145	0.000000	0.159965	0.003908	4.5
725	-0.054796	0.000000	0.159965	0.008056	4.7
726	-0.054292	0.000000	0.159965	0.003643	5.7
727	-0.053876	0.000000	0.159965	0.004268	5.7
728	-0.052409	0.000000	0.159965	0.005643	5.7
729	-0.051129	0.000000	0.159965	0.003855	5.8
730	-0.051741	1.000000	0.155547	0.004830	5.7
731	-0.050010	2.000000	0.151440	0.003148	5.8
732	-0.054772	1.200000	0.154702	0.007705	5.9
733	-0.056882	0.400000	0.158158	0.006388	4.7
734	-0.061012	0.000000	0.159965	0.005839	6.1
735	-0.057690	0.000000	0.159965	0.005237	6.0
736	-0.058131	0.000000	0.159965	0.006211	5.2
737	-0.054233	0.000000	0.159965	0.004790	5.0
738	-0.054566	0.000000	0.159965	0.007254	5.0
739	-0.054082	0.000000	0.159965	0.005303	5.5
740	-0.055711	0.000000	0.159965	0.008418	5.0
741	-0.055106	0.000000	0.159965	0.003898	5.6
742	-0.054611	0.000000	0.159965	0.004877	5.4
743	-0.054596	0.000000	0.159965	0.004466	5.1
744	-0.053066	0.000000	0.159965	0.005576	5.7
745	-0.054216	0.000000	0.159965	0.006209	5.7
746	-0.055350	0.000000	0.159965	0.008003	5.8
747	-0.055064	0.000000	0.159965	0.011198	5.9
748	-0.054000	0.000000	0.159965	0.007194	5.6
749	-0.054763	0.000000	0.159965	0.008846	5.7
750	-0.053548	0.000000	0.159965	0.004127	5.8
751	-0.053424	0.000000	0.159965	0.009459	5.2
752	-0.053889	0.000000	0.159965	0.005545	4.6
753	-0.054445	0.000000	0.159965	0.001567	6.0
754	-0.054242	0.000000	0.159965	0.006062	6.0
755	-0.050246	0.000000	0.159965	0.005304	5.9
756	-0.052662	0.000000	0.159965	0.006099	5.3
757	-0.053945	0.000000	0.159965	0.009763	5.1
758	-0.051665	1.000000	0.155547	0.007904	5.1
759	-0.058493	2.000000	0.151440	0.006420	5.2
760	-0.054428	1.200000	0.154702	0.003595	6.8
761	-0.054508	0.400000	0.158158	0.005697	5.6
762	-0.055223	0.000000	0.159965	0.008729	5.5
763	-0.054787	0.000000	0.159965	0.009088	5.7
764	-0.059337	0.000000	0.159965	0.005081	5.0
765	-0.053746	0.000000	0.159965	0.009265	5.9
766	-0.054696	0.000000	0.159965	0.007967	6.0
767	-0.054930	0.000000	0.159965	0.005525	6.1
768	-0.050011	0.000000	0.159965	0.003675	5.9
769	-0.053719	0.000000	0.159965	0.006978	5.8
770	-0.053350	0.000000	0.159965	0.008955	6.0
771	-0.053158	0.000000	0.159965	0.005985	5.7
772	-0.057344	0.000000	0.159965	0.006299	5.5
773	-0.053577	0.000000	0.159965	0.003846	5.4
774	-0.054852	0.000000	0.159965	0.011761	5.1
775	-0.054864	0.000000	0.159965	0.005718	5.8
776	-0.054647	0.000000	0.159965	0.005109	5.7
777	-0.054410	1.000000	0.155547	0.004515	5.9
778	-0.053394	2.000000	0.151440	0.004643	5.6
779	-0.051816	1.200000	0.154702	0.007694	4.9
780	-0.055605	0.400000	0.158158	0.010360	4.9
781	-0.055197	0.000000	0.159965	0.013168	5.2
782	-0.053867	0.000000	0.159965	0.009793	5.0
783	-0.056517	0.000000	0.159965	0.014862	5.1
784	-0.055870	0.000000	0.159965	0.008500	4.8
785	-0.053531	0.000000	0.159965	0.006399	5.1
786	-0.056025	0.000000	0.159965	0.006980	5.9
787	-0.054493	0.000000	0.159965	0.007864	6.4
788	-0.056589	0.000000	0.159965	0.009705	5.6
789	-0.055199	0.000000	0.159965	0.008688	5.4
790	-0.056941	0.000000	0.159965	0.007750	5.2
791	-0.052949	0.000000	0.159965	0.003168	5.7
792	-0.053900	0.000000	0.159965	0.005553	5.9
793	-0.049083	0.000000	0.159965	0.004672	5.7
794	-0.056234	0.000000	0.159965	0.009841	5.8
795	-0.056967	0.000000	0.159965	0.010408	5.8
796	-0.054235	0.000000	0.159965	0.003855	5.8
797	-0.055090	0.000000	0.159965	0.008365	5.7
798	-0.057745	0.000000	0.159965	0.004263	5.7
799	-0.051289	1.000000	0.155547	0.004806	5.4
800	-0.052840	0.200000	0.159054	0.006572	6.0
801	-0.056155	0.000000	0.159965	0.001508	5.7
802	-0.055049	0.000000	0.159965	0.011197	5.8
803	-0.061100	0.000000	0.159965	0.008552	5.5
804	-0.052706	0.000000	0.159965	0.008475	5.6
805	-0.050535	0.000000	0.159965	0.007687	5.9
806	-0.058944	0.000000	0.159965	0.007303	5.7
807	-0.055837	0.000000	0.159965	0.005186	5.7
808	-0.054417	0.000000	0.159965	0.008853	5.4
809	-0.056368	0.000000	0.159965	0.007751	5.8
810	-0.053487	0.000000	0.159965	0.006892	5.7
811	-0.054229	0.000000	0.159965	0.004045	5.5
812	-0.055170	0.000000	0.159965	0.006367	5.6
813	-0.051827	0.000000	0.159965	0.006438	5.8
814	-0.053710	0.000000	0.159965	0.008436	6.0
815	-0.054506	0.000000	0.159965	0.004542	6.1
816	-0.052682	0.000000	0.159965	0.013297	6.0
817	-0.054418	0.000000	0.159965	0.001674	6.0
818	-0.052293	0.000000	0.159965	0.011439	5.3
819	-0.053962	0.000000	0.159965	0.007664	5.9
820	-0.054443	0.000000	0.159965	0.008141	5.8
821	-0.050769	0.000000	0.159965	0.007227	5.8
822	-0.053489	0.000000	0.159965	0.006168	5.8
823	-0.055723	0.000000	0.159965	0.007248	6.0
824	-0.053622	0.000000	0.159965	0.010806	6.1
825	-0.052676	0.000000	0.159965	0.004655	5.9
826	-0.058145	0.000000	0.159965	0.006064	6.0
827	-0.054298	0.000000	0.159965	0.007401	6.0
828	-0.053974	0.000000	0.159965	0.003720	5.7
829	-0.053369	0.000000	0.159965	0.006075	5.9
830	-0.056127	1.000000	0.155547	0.012432	6.3
831	-0.058193	0.200000	0.159054	0.004078	6.0
832	-0.049774	0.000000	0.159965	0.008265	5.5
833	-0.054173	0.000000	0.159965	0.009281	5.6
834	-0.051935	0.000000	0.159965	0.009203	5.9
835	-0.055427	0.000000	0.159965	0.002745	5.8
836	-0.058898	0.000000	0.159965	0.006889	5.7
837	-0.054154	0.000000	0.159965	0.005990	5.2
838	-0.057291	0.000000	0.159965	0.005108	5.5
839	-0.051965	0.000000	0.159965	0.008016	5.6
840	-0.051678	0.000000	0.159965	0.006480	5.8
841	-0.054786	0.000000	0.159965	0.006830	5.6
842	-0.055287	0.000000	0.159965	0.008260	5.8
843	-0.057062	0.000000	0.159965	0.006769	6.0
844	-0.054273	0.000000	0.159965	0.007693	6.0
845	-0.056628	0.000000	0.159965	0.003605	5.8
846	-0.053079	0.000000	0.159965	0.005716	5.8
847	-0.051952	1.000000	0.155547	0.005059	5.7
848	-0.056213	0.200000	0.159054	0.006875	5.8
849	-0.055909	0.000000	0.159965	0.006619	6.0
850	-0.057830	0.000000	0.159965	0.004737	5.6
851	-0.053215	0.000000	0.159965	0.005512	5.6
852	-0.054106	0.000000	0.159965	0.007096	5.4
853	-0.053688	0.000000	0.159965	0.011125	5.8
854	-0.058362	0.000000	0.159965	0.004218	5.8
855	-0.058029	0.000000	0.159965	0.014890	5.3
856	-0.055249	0.000000	0.159965	0.009088	4.8
857	-0.057735	0.000000	0.159965	0.003750	5.0
858	-0.058614	0.000000	0.159965	0.006099	5.8
859	-0.053221	0.000000	0.159965	0.006456	5.5
860	-0.049540	0.000000	0.159965	0.007222	5.3
861	-0.057644	0.000000	0.159965	0.008597	5.4
862	-0.059921	0.000000	0.159965	0.002177	5.5
863	-0.055513	1.000000	0.155547	0.003246	5.2
864	-0.052875	0.200000	0.159054	0.005147	5.9
865	-0.053263	1.200000	0.154702	0.012636	4.8
866	-0.052834	0.400000	0.158158	0.005115	6.0
867	-0.051196	0.000000	0.159965	0.006427	5.8
868	-0.052089	0.000000	0.159965	0.007376	5.4
869	-0.053951	0.000000	0.159965	0.005905	5.0
870	-0.054073	0.000000	0.159965	0.004184	4.9
871	-0.056587	0.000000	0.159965	0.004377	5.0
872	-0.053578	1.000000	0.155547	0.007901	4.8
873	-0.053613	0.200000	0.159054	0.008800	4.6
874	-0.056784	0.000000	0.159965	0.006700	5.6
875	-0.057455	0.000000	0.159965	0.009907	5.6
876	-0.053208	0.000000	0.159965	0.002296	5.1
877	-0.055083	1.000000	0.155547	0.005896	4.4
878	-0.056598	2.000000	0.151440	0.003506	4.7
879	-0.057772	2.913087	0.147932	0.001485	6.4
880	-0.054278	2.113087	0.150993	0.004763	5.6
881	-0.055356	1.313087	0.154229	0.003153	5.5
882	-0.057189	2.313087	0.150212	0.007844	5.8
883	-0.053387	3.313087	0.146462	0.006501	4.8
884	-0.052827	2.513087	0.149442	0.005945	4.8
885	-0.056329	1.713087	0.152588	0.006141	4.9
886	-0.053247	0.913087	0.155918	0.003477	5.6
887	-0.058845	0.113087	0.159448	0.009384	5.5
888	-0.051551	0.000000	0.159965	0.007184	5.3
889	-0.057725	0.000000	0.159965	0.007548	5.5
890	-0.055761	0.000000	0.159965	0.003417	5.5
891	-0.052723	0.000000	0.159965	0.011057	5.7
892	-0.054657	0.000000	0.159965	0.004080	5.7
893	-0.055540	0.000000	0.159965	0.004445	5.6
894	-0.049089	0.000000	0.159965	0.003758	5.6
895	-0.052965	0.000000	0.159965	0.003039	4.7
896	-0.050579	0.000000	0.159965	0.004386	4.9
897	-0.053045	0.000000	0.159965	0.007113	5.9
898	-0.055805	0.000000	0.159965	0.006544	5.6
899	-0.054514	0.000000	0.159965	0.003796	4.9
900	-0.056095	0.000000	0.159965	0.009416	5.7
901	-0.050563	0.000000	0.159965	0.005435	5.0
902	-0.052356	0.000000	0.159965	0.005457	5.3
903	-0.053056	0.000000	0.159965	0.001945	6.1
904	-0.055477	0.000000	0.159965	0.008670	4.9
905	-0.055338	0.000000	0.159965	0.006393	5.8
906	-0.060389	0.000000	0.159965	0.007500	6.0
907	-0.049851	0.000000	0.159965	0.007912	5.7
908	-0.053645	0.000000	0.159965	0.005737	5.1
909	-0.056540	0.000000	0.159965	0.003158	6.1
910	-0.055776	0.000000	0.159965	0.010677	5.7
911	-0.053119	0.000000	0.159965	0.006718	5.7
912	-0.054935	0.000000	0.159965	0.009080	5.2
913	-0.055623	0.000000	0.159965	0.004626	5.1
914	-0.052313	0.000000	0.159965	0.007613	4.6
915	-0.052274	0.000000	0.159965	0.007159	5.2
916	-0.055524	0.000000	0.159965	0.005571	5.6
917	-0.055414	0.000000	0.159965	0.004462	5.7
918	-0.055899	0.000000	0.159965	0.007071	5.6
919	-0.053105	1.000000	0.155547	0.007747	5.5
920	-0.059790	0.200000	0.159054	0.009353	4.9
921	-0.059171	0.000000	0.159965	0.008511	4.7
922	-0.055447	0.000000	0.159965	0.004847	4.4
923	-0.056645	0.000000	0.159965	0.002907	4.6
924	-0.053774	0.000000	0.159965	0.004533	4.5
925	-0.056998	0.000000	0.159965	0.004447	5.6
926	-0.058231	0.000000	0.159965	0.006640	5.4
927	-0.052224	0.000000	0.159965	0.006983	5.2
928	-0.052842	0.000000	0.159965	0.004923	4.9
929	-0.053807	0.000000	0.159965	0.004877	4.8
930	-0.053270	0.000000	0.159965	0.006275	4.6
931	-0.053334	0.000000	0.159965	0.010834	5.4
932	-0.056636	1.000000	0.155547	0.007782	5.5
933	-0.053553	2.000000	0.151440	0.005841	4.5
934	-0.056079	1.200000	0.154702	0.005229	4.7
935	-0.058044	0.400000	0.158158	0.008467	5.6
936	-0.053617	0.000000	0.159965	0.003565	5.8
937	-0.054059	0.000000	0.159965	0.005234	5.4
938	-0.050728	0.000000	0.159965	0.005148	5.5
939	-0.049928	0.000000	0.159965	0.006449	5.0
940	-0.052359	0.000000	0.159965	0.004831	5.8
941	-0.055994	0.000000	0.159965	0.004335	5.8
942	-0.054388	0.000000	0.159965	0.005804	5.0
943	-0.055658	0.000000	0.159965	0.008109	5.7
944	-0.056140	0.000000	0.159965	0.006306	4.7
945	-0.054245	0.000000	0.159965	0.006706	5.4
946	-0.054940	0.000000	0.159965	0.003306	5.6
947	-0.052423	0.000000	0.159965	0.009264	5.8
948	-0.053531	0.000000	0.159965	0.004003	5.5
949	-0.050695	0.000000	0.159965	0.004605	5.2
950	-0.052381	0.000000	0.159965	0.009079	5.6
951	-0.060570	0.000000	0.159965	0.006688	5.8
952	-0.055708	0.000000	0.159965	0.007629	5.8
953	-0.055707	0.000000	0.159965	0.003672	5.8
954	-0.057747	0.000000	0.159965	0.008176	5.9
955	-0.054008	0.000000	0.159965	0.006663	5.7
956	-0.054703	1.000000	0.155547	0.001738	5.8
957	-0.053910	0.200000	0.159054	0.007608	5.3
958	-0.058652	1.200000	0.154702	0.002820	6.0
959	-0.053244	0.400000	0.158158	0.004600	6.0
960	-0.054440	0.000000	0.159965	0.005670	5.7
961	-0.053776	0.000000	0.159965	0.010525	5.5
962	-0.056560	0.000000	0.159965	0.007957	5.6
963	-0.054220	1.000000	0.155547	0.005502	4.7
964	-0.054362	0.200000	0.159054	0.007178	5.5
965	-0.054443	0.000000	0.159965	0.004434	5.5
966	-0.057012	0.000000	0.159965	0.004772	5.2
967	-0.054208	0.000000	0.159965	0.004775	5.0
968	-0.056864	0.000000	0.159965	0.005260	4.6
969	-0.053610	0.000000	0.159965	0.006219	4.6
970	-0.059473	0.000000	0.159965	0.008556	5.6
971	-0.055883	0.000000	0.159965	0.004948	5.8
972	-0.056783	0.000000	0.159965	0.005048	6.6
973	-0.055855	0.000000	0.159965	0.011372	6.9
974	-0.057984	0.000000	0.159965	0.010275	6.5
975	-0.054584	0.000000	0.159965	0.005535	7.5
976	-0.055194	0.000000	0.159965	0.005452	6.5
977	-0.057980	0.000000	0.159965	0.004869	4.6
978	-0.055711	0.000000	0.159965	0.006555	3.8
979	-0.052313	0.000000	0.159965	0.002951	4.2
980	-0.053707	1.000000	0.155547	0.008786	4.1
981	-0.050354	0.200000	0.159054	0.009325	4.1
982	-0.049403	0.000000	0.159965	0.004618	3.6
983	-0.054999	0.000000	0.159965	0.003545	4.3
984	-0.054383	0.000000	0.159965	0.008259	3.9
985	-0.051932	0.000000	0.159965	0.006852	4.2
986	-0.055698	0.000000	0.159965	0.007978	3.9
987	-0.054717	0.000000	0.159965	0.003329	4.4
988	-0.053792	0.000000	0.159965	0.009879	4.3
989	-0.057797	0.000000	0.159965	0.005493	4.7
990	-0.055098	0.000000	0.159965	0.005649	4.7
991	-0.050966	0.000000	0.159965	0.004000	4.2
992	-0.057992	1.000000	0.155547	0.004586	4.0
993	-0.051918	2.000000	0.151440	0.003929	5.7
994	-0.052110	1.200000	0.154702	0.005276	4.7
995	-0.055054	0.400000	0.158158	0.006690	4.0
996	-0.049618	0.000000	0.159965	0.002688	4.3
997	-0.055432	0.000000	0.159965	0.004886	5.1
998	-0.051123	0.000000	0.159965	0.002039	5.7
999	-0.054790	0.000000	0.159965	0.005870	5.3
