1:ItNr	2:Metric	3a:Time	3b:StepSize	4:||Gradient||	Time[ms]
0	-1.031991	0.000000	0.159965	0.002727	17.3
1	-1.033580	0.000000	0.159965	0.003030	11.1
2	-1.031231	0.000000	0.159965	0.002365	11.0
3	-1.031764	0.000000	0.159965	0.002915	10.9
4	-1.032278	0.000000	0.159965	0.002070	11.1
5	-1.032080	0.000000	0.159965	0.002394	11.1
6	-1.032853	0.000000	0.159965	0.002720	11.0
7	-1.033223	0.000000	0.159965	0.002569	11.2
8	-1.033576	0.000000	0.159965	0.002670	11.1
9	-1.033653	0.000000	0.159965	0.002782	11.6
10	-1.031616	0.000000	0.159965	0.002646	11.4
11	-1.032480	0.000000	0.159965	0.002627	11.4
12	-1.032024	0.000000	0.159965	0.002530	11.3
13	-1.033903	0.000000	0.159965	0.002487	11.3
14	-1.032527	0.000000	0.159965	0.002994	11.5
15	-1.031608	0.000000	0.159965	0.002717	11.9
16	-1.031914	0.000000	0.159965	0.002163	11.7
17	-1.033339	0.000000	0.159965	0.002942	11.6
18	-1.032018	0.000000	0.159965	0.002884	11.3
19	-1.034071	0.000000	0.159965	0.002820	11.5
20	-1.031931	0.000000	0.159965	0.002853	11.4
21	-1.032155	0.000000	0.159965	0.002320	11.2
22	-1.033462	0.000000	0.159965	0.002272	11.4
23	-1.031993	0.000000	0.159965	0.002875	11.3
24	-1.031529	0.000000	0.159965	0.002558	11.6
25	-1.033886	0.000000	0.159965	0.002898	11.4
26	-1.032350	0.000000	0.159965	0.002492	11.5
27	-1.033613	0.000000	0.159965	0.002543	12.1
28	-1.031173	0.000000	0.159965	0.003123	11.5
29	-1.032219	0.000000	0.159965	0.002586	11.5
30	-1.033210	0.000000	0.159965	0.002597	11.3
31	-1.033368	0.000000	0.159965	0.002521	11.4
32	-1.032011	0.000000	0.159965	0.003194	11.5
33	-1.032645	0.000000	0.159965	0.002215	11.5
34	-1.033303	0.000000	0.159965	0.002726	11.3
35	-1.032411	0.000000	0.159965	0.002563	11.2
36	-1.032373	0.000000	0.159965	0.002734	11.3
37	-1.031876	0.000000	0.159965	0.002280	11.2
38	-1.033168	0.000000	0.159965	0.002597	11.1
39	-1.033281	0.000000	0.159965	0.002657	11.1
40	-1.032410	0.000000	0.159965	0.002936	11.0
41	-1.033051	0.000000	0.159965	0.002656	11.1
42	-1.033379	0.000000	0.159965	0.002514	11.1
43	-1.033223	0.000000	0.159965	0.002766	11.2
44	-1.031405	0.000000	0.159965	0.002497	11.3
45	-1.031957	0.000000	0.159965	0.002432	11.2
46	-1.032045	0.000000	0.159965	0.002383	11.2
47	-1.033737	0.000000	0.159965	0.002402	11.2
48	-1.032226	0.000000	0.159965	0.002548	11.1
49	-1.033268	0.000000	0.159965	0.002261	11.1
50	-1.031456	0.000000	0.159965	0.002838	11.1
51	-1.031957	0.000000	0.159965	0.002606	11.3
52	-1.032477	0.000000	0.159965	0.002506	11.3
53	-1.033381	0.000000	0.159965	0.002860	11.1
54	-1.032052	0.000000	0.159965	0.002543	12.0
55	-1.032511	0.000000	0.159965	0.002752	11.1
56	-1.032958	0.000000	0.159965	0.002723	11.1
57	-1.033097	0.000000	0.159965	0.002576	11.1
58	-1.031984	0.000000	0.159965	0.002546	11.0
59	-1.033510	0.000000	0.159965	0.002206	11.3
60	-1.032604	0.000000	0.159965	0.002711	11.5
61	-1.033295	0.000000	0.159965	0.003081	11.4
62	-1.031695	0.000000	0.159965	0.002387	11.6
63	-1.033391	0.000000	0.159965	0.002584	11.2
64	-1.032857	0.000000	0.159965	0.002566	11.1
65	-1.032151	0.000000	0.159965	0.002471	11.2
66	-1.033394	0.000000	0.159965	0.002833	11.1
67	-1.033797	0.000000	0.159965	0.002087	11.0
68	-1.032473	0.000000	0.159965	0.002839	11.1
69	-1.031671	0.000000	0.159965	0.002555	11.0
70	-1.033142	0.000000	0.159965	0.002719	11.1
71	-1.033749	0.000000	0.159965	0.002922	11.1
72	-1.032704	0.000000	0.159965	0.002626	11.1
73	-1.030911	0.000000	0.159965	0.002515	11.1
74	-1.031940	0.000000	0.159965	0.002420	11.3
75	-1.033116	0.000000	0.159965	0.002513	11.9
76	-1.032864	0.000000	0.159965	0.002719	11.6
77	-1.032092	0.000000	0.159965	0.002434	11.0
78	-1.032866	0.000000	0.159965	0.002352	11.0
79	-1.032755	0.000000	0.159965	0.002868	11.1
80	-1.033572	0.000000	0.159965	0.002230	11.1
81	-1.033014	0.000000	0.159965	0.002378	11.2
82	-1.031663	0.000000	0.159965	0.002318	10.9
83	-1.032764	0.000000	0.159965	0.002896	11.1
84	-1.031496	0.000000	0.159965	0.002584	10.9
85	-1.032806	0.000000	0.159965	0.002798	11.0
86	-1.032796	0.000000	0.159965	0.002540	11.1
87	-1.033725	0.000000	0.159965	0.003182	11.0
88	-1.033673	0.000000	0.159965	0.002885	11.1
89	-1.032960	0.000000	0.159965	0.002709	11.2
90	-1.033960	0.000000	0.159965	0.002498	11.3
91	-1.032209	0.000000	0.159965	0.002524	11.1
92	-1.033163	0.000000	0.159965	0.002765	11.2
93	-1.033862	0.000000	0.159965	0.002677	11.2
94	-1.032964	0.000000	0.159965	0.002904	11.2
95	-1.032470	0.000000	0.159965	0.002290	11.2
96	-1.033276	0.000000	0.159965	0.002623	11.2
97	-1.031931	0.000000	0.159965	0.002799	11.1
98	-1.032535	0.000000	0.159965	0.002710	11.2
99	-1.032303	0.000000	0.159965	0.002387	11.2
100	-1.033099	0.000000	0.159965	0.002519	11.1
101	-1.033595	0.000000	0.159965	0.002399	11.1
102	-1.033329	0.000000	0.159965	0.002754	11.3
103	-1.031757	0.000000	0.159965	0.002649	11.1
104	-1.031890	0.000000	0.159965	0.002552	11.2
105	-1.034416	0.000000	0.159965	0.002720	11.1
106	-1.033034	0.000000	0.159965	0.002728	11.1
107	-1.033571	0.000000	0.159965	0.002811	11.1
108	-1.032314	0.000000	0.159965	0.002522	11.1
109	-1.030789	0.000000	0.159965	0.002572	11.1
110	-1.032695	0.000000	0.159965	0.002776	11.1
111	-1.032570	0.000000	0.159965	0.002787	11.2
112	-1.033174	0.000000	0.159965	0.002267	11.1
113	-1.034408	0.000000	0.159965	0.002884	11.1
114	-1.034202	0.000000	0.159965	0.002412	11.2
115	-1.033141	0.000000	0.159965	0.002451	11.0
116	-1.032054	0.000000	0.159965	0.002556	11.0
117	-1.035026	0.000000	0.159965	0.002778	11.1
118	-1.031979	0.000000	0.159965	0.002519	11.0
119	-1.032823	0.000000	0.159965	0.002657	11.0
120	-1.033460	0.000000	0.159965	0.002546	11.0
121	-1.034468	0.000000	0.159965	0.002447	11.1
122	-1.033043	0.000000	0.159965	0.002293	11.1
123	-1.031106	0.000000	0.159965	0.002613	11.0
124	-1.032332	0.000000	0.159965	0.002711	11.1
125	-1.033570	0.000000	0.159965	0.002772	11.0
126	-1.032602	0.000000	0.159965	0.002136	11.2
127	-1.032899	0.000000	0.159965	0.002534	11.2
128	-1.032951	0.000000	0.159965	0.002692	11.0
129	-1.033370	0.000000	0.159965	0.002581	11.3
130	-1.033459	0.000000	0.159965	0.002954	11.1
131	-1.032188	0.000000	0.159965	0.002838	11.1
132	-1.032110	0.000000	0.159965	0.002319	11.1
133	-1.032735	0.000000	0.159965	0.002624	11.2
134	-1.031265	0.000000	0.159965	0.002656	11.1
135	-1.032763	0.000000	0.159965	0.002636	11.3
136	-1.033079	0.000000	0.159965	0.002919	11.5
137	-1.032571	0.000000	0.159965	0.002620	11.6
138	-1.033609	0.000000	0.159965	0.002272	11.5
139	-1.032806	0.000000	0.159965	0.002851	11.2
140	-1.033447	0.000000	0.159965	0.002536	11.2
141	-1.032652	0.000000	0.159965	0.002838	11.2
142	-1.033199	0.000000	0.159965	0.003189	11.3
143	-1.033081	0.000000	0.159965	0.002466	11.5
144	-1.033224	0.000000	0.159965	0.002735	11.8
145	-1.031659	0.000000	0.159965	0.002494	11.7
146	-1.032786	0.000000	0.159965	0.002836	11.7
147	-1.032764	0.000000	0.159965	0.002740	11.9
148	-1.031388	0.000000	0.159965	0.002448	12.0
149	-1.032352	0.000000	0.159965	0.002439	11.5
150	-1.032147	0.000000	0.159965	0.002350	11.2
151	-1.033259	0.000000	0.159965	0.002910	11.5
152	-1.033233	0.000000	0.159965	0.002409	11.3
153	-1.034147	0.000000	0.159965	0.002649	11.1
154	-1.032994	0.000000	0.159965	0.002291	11.1
155	-1.033539	0.000000	0.159965	0.002668	11.2
156	-1.033516	0.000000	0.159965	0.002370	11.2
157	-1.032370	0.000000	0.159965	0.002883	11.2
158	-1.031881	0.000000	0.159965	0.002256	11.1
159	-1.032704	0.000000	0.159965	0.002643	11.1
160	-1.031512	0.000000	0.159965	0.002479	11.3
161	-1.033171	0.000000	0.159965	0.002620	11.1
162	-1.032293	0.000000	0.159965	0.002843	11.2
163	-1.033186	0.000000	0.159965	0.002798	11.2
164	-1.032689	0.000000	0.159965	0.002635	11.2
165	-1.034689	0.000000	0.159965	0.002509	11.2
166	-1.033293	0.000000	0.159965	0.002389	11.1
167	-1.032473	0.000000	0.159965	0.002638	11.1
168	-1.032765	0.000000	0.159965	0.002555	11.1
169	-1.033385	0.000000	0.159965	0.002828	11.0
170	-1.031688	0.000000	0.159965	0.002259	11.2
171	-1.031859	0.000000	0.159965	0.002652	11.2
172	-1.032928	0.000000	0.159965	0.002971	11.1
173	-1.034096	0.000000	0.159965	0.002620	11.2
174	-1.033247	0.000000	0.159965	0.003358	11.1
175	-1.032121	0.000000	0.159965	0.002736	11.1
176	-1.032637	0.000000	0.159965	0.002796	11.3
177	-1.032422	0.000000	0.159965	0.002635	11.0
178	-1.032678	0.000000	0.159965	0.002460	11.1
179	-1.033106	0.000000	0.159965	0.002360	11.3
180	-1.032684	0.000000	0.159965	0.002338	11.0
181	-1.033128	0.000000	0.159965	0.002622	11.2
182	-1.032400	0.000000	0.159965	0.002414	11.1
183	-1.031587	0.000000	0.159965	0.002484	11.2
184	-1.032784	0.000000	0.159965	0.002711	11.3
185	-1.032028	0.000000	0.159965	0.002955	11.2
186	-1.032933	0.000000	0.159965	0.002359	11.1
187	-1.033997	0.000000	0.159965	0.002437	11.1
188	-1.032554	0.000000	0.159965	0.002311	11.2
189	-1.032751	0.000000	0.159965	0.002178	11.1
190	-1.031916	0.000000	0.159965	0.002474	11.1
191	-1.032448	0.000000	0.159965	0.002454	11.3
192	-1.032633	0.000000	0.159965	0.002599	11.3
193	-1.032358	0.000000	0.159965	0.002261	11.3
194	-1.033350	0.000000	0.159965	0.003012	11.2
195	-1.033852	0.000000	0.159965	0.002635	11.1
196	-1.032873	0.000000	0.159965	0.002494	11.1
197	-1.032920	0.000000	0.159965	0.002592	11.3
198	-1.033580	0.000000	0.159965	0.002866	11.5
199	-1.033201	0.000000	0.159965	0.002558	11.6
200	-1.031780	0.000000	0.159965	0.002837	11.4
201	-1.031657	0.000000	0.159965	0.002503	11.3
202	-1.032900	0.000000	0.159965	0.002714	11.0
203	-1.032951	0.000000	0.159965	0.002642	11.1
204	-1.033319	0.000000	0.159965	0.002684	11.1
205	-1.031084	0.000000	0.159965	0.002888	11.0
206	-1.033972	0.000000	0.159965	0.002488	11.2
207	-1.032927	0.000000	0.159965	0.002632	11.1
208	-1.032305	0.000000	0.159965	0.002624	11.0
209	-1.033496	0.000000	0.159965	0.002704	11.0
210	-1.033466	0.000000	0.159965	0.002432	11.1
211	-1.033687	0.000000	0.159965	0.003021	11.2
212	-1.032607	0.000000	0.159965	0.002757	11.1
213	-1.032249	0.000000	0.159965	0.002503	11.1
214	-1.032805	0.000000	0.159965	0.002773	11.2
215	-1.032838	0.000000	0.159965	0.002708	11.1
216	-1.033466	0.000000	0.159965	0.002786	11.2
217	-1.032006	0.000000	0.159965	0.002394	11.2
218	-1.033197	0.000000	0.159965	0.003142	11.3
219	-1.032159	0.000000	0.159965	0.002893	11.3
220	-1.031803	0.000000	0.159965	0.002619	11.2
221	-1.031710	0.000000	0.159965	0.002552	11.3
222	-1.032359	0.000000	0.159965	0.002574	11.1
223	-1.032374	0.000000	0.159965	0.002799	11.0
224	-1.032022	0.000000	0.159965	0.002584	11.2
225	-1.033481	0.000000	0.159965	0.002679	11.2
226	-1.034220	0.000000	0.159965	0.002887	11.0
227	-1.032402	0.000000	0.159965	0.002625	11.1
228	-1.032833	0.000000	0.159965	0.002880	11.0
229	-1.032932	0.000000	0.159965	0.002901	11.1
230	-1.032453	0.000000	0.159965	0.002589	11.2
231	-1.034284	0.000000	0.159965	0.003018	11.2
232	-1.032980	0.000000	0.159965	0.002557	11.1
233	-1.032504	0.000000	0.159965	0.002727	11.2
234	-1.031649	0.000000	0.159965	0.002235	11.2
235	-1.032471	0.000000	0.159965	0.002612	11.3
236	-1.033016	0.000000	0.159965	0.002857	11.2
237	-1.032368	0.000000	0.159965	0.002683	11.2
238	-1.032586	0.000000	0.159965	0.002054	11.1
239	-1.030655	0.000000	0.159965	0.002718	11.1
240	-1.033135	0.000000	0.159965	0.003069	11.2
241	-1.032708	0.000000	0.159965	0.002532	11.1
242	-1.033499	0.000000	0.159965	0.002502	11.1
243	-1.031787	0.000000	0.159965	0.002467	11.2
244	-1.032491	0.000000	0.159965	0.002630	11.1
245	-1.031263	0.000000	0.159965	0.002363	11.3
246	-1.031741	0.000000	0.159965	0.002627	11.3
247	-1.032619	0.000000	0.159965	0.002742	11.2
248	-1.033280	0.000000	0.159965	0.002430	11.2
249	-1.032459	0.000000	0.159965	0.002380	11.2
250	-1.031264	0.000000	0.159965	0.002439	11.0
251	-1.032380	0.000000	0.159965	0.002796	11.1
252	-1.033308	0.000000	0.159965	0.003107	11.0
253	-1.033777	0.000000	0.159965	0.002937	11.1
254	-1.032382	0.000000	0.159965	0.002802	11.0
255	-1.033190	0.000000	0.159965	0.002715	11.0
256	-1.033208	0.000000	0.159965	0.002344	11.1
257	-1.033022	0.000000	0.159965	0.002644	11.1
258	-1.032212	0.000000	0.159965	0.002475	11.1
259	-1.032013	0.000000	0.159965	0.002596	11.3
260	-1.031361	0.000000	0.159965	0.002713	11.3
261	-1.032640	0.000000	0.159965	0.002574	11.3
262	-1.032187	0.000000	0.159965	0.002394	11.2
263	-1.031008	0.000000	0.159965	0.002243	11.0
264	-1.032808	0.000000	0.159965	0.002690	11.1
265	-1.033702	0.000000	0.159965	0.002675	11.0
266	-1.033198	0.000000	0.159965	0.002521	11.1
267	-1.032019	0.000000	0.159965	0.002631	11.1
268	-1.032521	0.000000	0.159965	0.002812	11.2
269	-1.033604	0.000000	0.159965	0.002552	11.3
270	-1.032328	0.000000	0.159965	0.002870	11.1
271	-1.033691	0.000000	0.159965	0.002912	11.1
272	-1.033175	0.000000	0.159965	0.002769	11.3
273	-1.033977	0.000000	0.159965	0.003106	11.3
274	-1.033535	0.000000	0.159965	0.002291	11.3
275	-1.033694	0.000000	0.159965	0.003402	11.2
276	-1.033292	0.000000	0.159965	0.002500	11.2
277	-1.032663	0.000000	0.159965	0.002932	11.3
278	-1.032717	0.000000	0.159965	0.002719	11.2
279	-1.033812	0.000000	0.159965	0.002403	11.3
280	-1.032942	0.000000	0.159965	0.002863	11.2
281	-1.033156	0.000000	0.159965	0.002491	11.1
282	-1.032007	0.000000	0.159965	0.002485	11.1
283	-1.031954	0.000000	0.159965	0.002625	11.3
284	-1.032721	0.000000	0.159965	0.002772	11.2
285	-1.032657	0.000000	0.159965	0.002832	11.2
286	-1.032239	0.000000	0.159965	0.002705	11.3
287	-1.033381	0.000000	0.159965	0.002485	11.1
288	-1.031662	0.000000	0.159965	0.002582	11.3
289	-1.032677	0.000000	0.159965	0.002679	11.2
290	-1.032986	0.000000	0.159965	0.002485	11.1
291	-1.031972	0.000000	0.159965	0.002792	11.2
292	-1.033165	0.000000	0.159965	0.003325	11.1
293	-1.033843	0.000000	0.159965	0.002763	11.1
294	-1.033012	0.000000	0.159965	0.002230	11.3
295	-1.031725	0.000000	0.159965	0.001990	11.3
296	-1.033622	0.000000	0.159965	0.003149	11.2
297	-1.033323	0.000000	0.159965	0.002407	11.1
298	-1.033145	0.000000	0.159965	0.002511	11.2
299	-1.031868	0.000000	0.159965	0.002513	11.0
300	-1.032510	0.000000	0.159965	0.002719	11.1
301	-1.033548	0.000000	0.159965	0.002236	11.1
302	-1.032489	0.000000	0.159965	0.003039	11.1
303	-1.034126	0.000000	0.159965	0.002827	11.1
304	-1.032786	0.000000	0.159965	0.002654	11.2
305	-1.032358	0.000000	0.159965	0.002634	11.4
306	-1.033360	0.000000	0.159965	0.002530	11.2
307	-1.032631	0.000000	0.159965	0.002361	11.2
308	-1.031678	0.000000	0.159965	0.002787	11.2
309	-1.032331	0.000000	0.159965	0.002467	11.0
310	-1.032755	0.000000	0.159965	0.002469	11.1
311	-1.032720	0.000000	0.159965	0.002301	11.1
312	-1.033803	0.000000	0.159965	0.003166	11.0
313	-1.031535	0.000000	0.159965	0.002743	11.4
314	-1.032925	0.000000	0.159965	0.002792	11.2
315	-1.033790	0.000000	0.159965	0.002300	11.3
316	-1.033388	0.000000	0.159965	0.002754	11.2
317	-1.032817	0.000000	0.159965	0.002765	11.3
318	-1.033029	0.000000	0.159965	0.002902	12.9
319	-1.031732	0.000000	0.159965	0.002846	17.5
320	-1.032382	0.000000	0.159965	0.002560	12.2
321	-1.033880	0.000000	0.159965	0.002459	23.2
322	-1.032479	0.000000	0.159965	0.002642	25.2
323	-1.033352	0.000000	0.159965	0.002459	15.0
324	-1.033909	0.000000	0.159965	0.002371	11.7
325	-1.033817	0.000000	0.159965	0.002450	15.8
326	-1.032858	0.000000	0.159965	0.002381	21.8
327	-1.033203	0.000000	0.159965	0.002264	15.5
328	-1.031080	0.000000	0.159965	0.002997	11.8
329	-1.033876	0.000000	0.159965	0.002574	11.2
330	-1.033250	0.000000	0.159965	0.003177	11.0
331	-1.034380	0.000000	0.159965	0.002403	11.1
332	-1.033090	0.000000	0.159965	0.002628	11.2
333	-1.034133	0.000000	0.159965	0.002580	11.1
334	-1.034154	0.000000	0.159965	0.002659	11.1
335	-1.032437	0.000000	0.159965	0.002598	11.1
336	-1.032639	0.000000	0.159965	0.002743	11.0
337	-1.032029	0.000000	0.159965	0.002316	11.2
338	-1.032084	0.000000	0.159965	0.002689	11.3
339	-1.032222	0.000000	0.159965	0.002332	11.4
340	-1.033054	0.000000	0.159965	0.002474	11.3
341	-1.032604	0.000000	0.159965	0.002778	11.3
342	-1.033562	0.000000	0.159965	0.002655	11.1
343	-1.031885	0.000000	0.159965	0.003037	11.3
344	-1.031710	0.000000	0.159965	0.002086	11.4
345	-1.032789	0.000000	0.159965	0.002835	12.2
346	-1.033406	0.000000	0.159965	0.002337	11.9
347	-1.032735	0.000000	0.159965	0.002547	11.5
348	-1.032359	0.000000	0.159965	0.002706	11.5
349	-1.033684	0.000000	0.159965	0.002660	11.3
350	-1.031948	0.000000	0.159965	0.002384	11.4
351	-1.032560	0.000000	0.159965	0.002429	11.2
352	-1.032154	0.000000	0.159965	0.002659	11.4
353	-1.032779	0.000000	0.159965	0.002557	11.8
354	-1.032463	0.000000	0.159965	0.002226	11.8
355	-1.032712	0.000000	0.159965	0.002537	11.8
356	-1.034026	0.000000	0.159965	0.002556	11.3
357	-1.032769	0.000000	0.159965	0.002646	11.2
358	-1.033020	0.000000	0.159965	0.002740	11.4
359	-1.032593	0.000000	0.159965	0.002524	11.2
360	-1.034359	0.000000	0.159965	0.002700	11.3
361	-1.031956	0.000000	0.159965	0.002611	11.3
362	-1.032976	0.000000	0.159965	0.002425	11.1
363	-1.033321	0.000000	0.159965	0.002490	11.2
364	-1.032554	0.000000	0.159965	0.002670	32.7
365	-1.032601	0.000000	0.159965	0.002573	28.1
366	-1.033829	0.000000	0.159965	0.002574	15.3
367	-1.034107	0.000000	0.159965	0.002633	11.5
368	-1.032140	0.000000	0.159965	0.002393	11.2
369	-1.032227	0.000000	0.159965	0.002610	11.3
370	-1.033312	0.000000	0.159965	0.002413	11.3
371	-1.032936	0.000000	0.159965	0.001976	11.4
372	-1.033516	0.000000	0.159965	0.002419	11.8
373	-1.032078	0.000000	0.159965	0.002847	12.8
374	-1.033225	0.000000	0.159965	0.003059	17.7
375	-1.032405	0.000000	0.159965	0.002833	12.1
376	-1.032691	0.000000	0.159965	0.002633	14.3
377	-1.032979	0.000000	0.159965	0.002574	12.1
378	-1.033519	0.000000	0.159965	0.002454	12.6
379	-1.031657	0.000000	0.159965	0.002834	18.2
380	-1.033258	0.000000	0.159965	0.002606	14.6
381	-1.032946	0.000000	0.159965	0.002516	12.4
382	-1.033240	0.000000	0.159965	0.002568	11.4
383	-1.033551	0.000000	0.159965	0.002504	17.9
384	-1.032788	0.000000	0.159965	0.002676	14.2
385	-1.032505	0.000000	0.159965	0.002606	14.0
386	-1.033413	0.000000	0.159965	0.002677	12.2
387	-1.033843	0.000000	0.159965	0.002633	12.0
388	-1.033017	0.000000	0.159965	0.002715	19.3
389	-1.031272	0.000000	0.159965	0.002739	12.4
390	-1.032632	0.000000	0.159965	0.002948	13.9
391	-1.032461	0.000000	0.159965	0.002697	11.8
392	-1.033772	0.000000	0.159965	0.002375	11.2
393	-1.032939	0.000000	0.159965	0.002695	16.5
394	-1.032848	0.000000	0.159965	0.002746	17.2
395	-1.034259	0.000000	0.159965	0.002070	12.8
396	-1.032754	0.000000	0.159965	0.003050	14.7
397	-1.032695	0.000000	0.159965	0.002678	11.9
398	-1.034207	0.000000	0.159965	0.002638	11.3
399	-1.031523	0.000000	0.159965	0.002462	18.3
400	-1.033156	0.000000	0.159965	0.002848	16.0
401	-1.032038	0.000000	0.159965	0.002360	14.3
402	-1.032809	0.000000	0.159965	0.002228	14.4
403	-1.033912	0.000000	0.159965	0.002709	12.0
404	-1.033572	0.000000	0.159965	0.002703	13.5
405	-1.033216	0.000000	0.159965	0.003189	19.7
406	-1.032237	0.000000	0.159965	0.002961	13.4
407	-1.033504	0.000000	0.159965	0.002137	16.8
408	-1.031852	0.000000	0.159965	0.002491	12.5
409	-1.033063	0.000000	0.159965	0.002961	11.5
410	-1.033874	0.000000	0.159965	0.002577	16.8
411	-1.031907	0.000000	0.159965	0.002218	19.7
412	-1.033125	0.000000	0.159965	0.002611	13.6
413	-1.033496	0.000000	0.159965	0.002374	18.2
414	-1.033643	0.000000	0.159965	0.002809	12.7
415	-1.032682	0.000000	0.159965	0.002589	11.5
416	-1.032978	0.000000	0.159965	0.002147	14.0
417	-1.033563	0.000000	0.159965	0.002602	20.0
418	-1.033685	0.000000	0.159965	0.002763	15.2
419	-1.033260	0.000000	0.159965	0.002429	17.7
420	-1.034292	0.000000	0.159965	0.002267	15.2
421	-1.032526	0.000000	0.159965	0.002613	12.4
422	-1.033160	0.000000	0.159965	0.002825	12.0
423	-1.032569	0.000000	0.159965	0.002470	19.7
424	-1.033969	0.000000	0.159965	0.002460	18.7
425	-1.033888	0.000000	0.159965	0.002635	17.5
426	-1.032684	0.000000	0.159965	0.002698	17.3
427	-1.034050	0.000000	0.159965	0.002834	12.8
428	-1.032473	0.000000	0.159965	0.002513	11.4
429	-1.031929	0.000000	0.159965	0.002495	11.5
430	-1.032607	0.000000	0.159965	0.002551	11.9
431	-1.031865	0.000000	0.159965	0.002425	19.0
432	-1.032106	0.000000	0.159965	0.002775	17.4
433	-1.033798	0.000000	0.159965	0.002716	21.5
434	-1.032355	0.000000	0.159965	0.002605	16.8
435	-1.034454	0.000000	0.159965	0.002849	12.3
436	-1.033146	0.000000	0.159965	0.002390	11.4
437	-1.033381	0.000000	0.159965	0.002833	18.2
438	-1.033419	0.000000	0.159965	0.002721	21.4
439	-1.033000	0.000000	0.159965	0.002580	14.7
440	-1.032679	0.000000	0.159965	0.002296	17.9
441	-1.034507	0.000000	0.159965	0.003004	21.5
442	-1.032942	0.000000	0.159965	0.002786	12.9
443	-1.033097	0.000000	0.159965	0.002729	11.9
444	-1.033120	0.000000	0.159965	0.002528	11.4
445	-1.032092	0.000000	0.159965	0.002734	16.9
446	-1.033072	0.000000	0.159965	0.002654	20.5
447	-1.032307	0.000000	0.159965	0.002015	16.6
448	-1.034545	0.000000	0.159965	0.002325	16.5
449	-1.032174	0.000000	0.159965	0.002557	22.6
450	-1.032959	0.000000	0.159965	0.002535	14.1
451	-1.032750	0.000000	0.159965	0.002405	12.2
452	-1.032342	0.000000	0.159965	0.002347	11.4
453	-1.032481	0.000000	0.159965	0.002935	13.6
454	-1.032425	0.000000	0.159965	0.002461	20.0
455	-1.032363	0.000000	0.159965	0.002581	20.2
456	-1.032792	0.000000	0.159965	0.002984	17.0
457	-1.032118	0.000000	0.159965	0.002800	22.7
458	-1.033214	0.000000	0.159965	0.002650	15.1
459	-1.033108	0.000000	0.159965	0.002802	12.1
460	-1.031740	0.000000	0.159965	0.002768	11.5
461	-1.033117	0.000000	0.159965	0.002283	11.4
462	-1.032481	0.000000	0.159965	0.002536	19.5
463	-1.032302	0.000000	0.159965	0.002231	20.4
464	-1.032817	0.000000	0.159965	0.002467	13.4
465	-1.033863	0.000000	0.159965	0.002641	21.5
466	-1.033995	0.000000	0.159965	0.002995	20.4
467	-1.032920	0.000000	0.159965	0.002717	12.5
468	-1.032606	0.000000	0.159965	0.002584	11.8
469	-1.032978	0.000000	0.159965	0.002591	11.3
470	-1.033752	0.000000	0.159965	0.002650	17.2
471	-1.032740	0.000000	0.159965	0.002492	19.5
472	-1.032226	0.000000	0.159965	0.002882	13.1
473	-1.032707	0.000000	0.159965	0.002451	19.7
474	-1.033133	0.000000	0.159965	0.002786	21.1
475	-1.032705	0.000000	0.159965	0.002516	12.4
476	-1.034071	0.000000	0.159965	0.002420	11.8
477	-1.032565	0.000000	0.159965	0.002926	11.3
478	-1.033059	0.000000	0.159965	0.002380	13.9
479	-1.031925	0.000000	0.159965	0.002793	20.2
480	-1.033361	0.000000	0.159965	0.002885	14.3
481	-1.034151	0.000000	0.159965	0.002402	13.7
482	-1.034281	0.000000	0.159965	0.002888	21.7
483	-1.032655	0.000000	0.159965	0.002414	16.6
484	-1.033207	0.000000	0.159965	0.002547	12.0
485	-1.033799	0.000000	0.159965	0.002456	11.4
486	-1.032865	0.000000	0.159965	0.002726	11.2
487	-1.034052	0.000000	0.159965	0.002553	16.8
488	-1.031858	0.000000	0.159965	0.002449	20.3
489	-1.034098	0.000000	0.159965	0.002999	12.9
490	-1.033671	0.000000	0.159965	0.003020	19.8
491	-1.034492	0.000000	0.159965	0.002960	19.3
492	-1.034966	0.000000	0.159965	0.002784	12.1
493	-1.033117	0.000000	0.159965	0.002394	11.6
494	-1.033784	0.000000	0.159965	0.002883	12.6
495	-1.031397	0.000000	0.159965	0.002487	19.8
496	-1.033902	0.000000	0.159965	0.002821	15.0
497	-1.033441	0.000000	0.159965	0.002774	14.1
498	-1.032130	0.000000	0.159965	0.002923	22.0
499	-1.033723	0.000000	0.159965	0.002916	13.7
500	-1.033526	0.000000	0.159965	0.002658	11.8
501	-1.033540	0.000000	0.159965	0.002285	11.3
502	-1.033065	0.000000	0.159965	0.002724	11.2
503	-1.032724	0.000000	0.159965	0.002576	18.5
504	-1.032366	0.000000	0.159965	0.002660	16.9
505	-1.033151	0.000000	0.159965	0.002655	13.7
506	-1.031812	0.000000	0.159965	0.002515	23.1
507	-1.034911	0.000000	0.159965	0.002747	13.1
508	-1.035043	0.000000	0.159965	0.002428	11.7
509	-1.032164	0.000000	0.159965	0.002463	11.2
510	-1.032854	0.000000	0.159965	0.002803	16.6
511	-1.033089	0.000000	0.159965	0.002587	18.1
512	-1.034721	0.000000	0.159965	0.002601	14.8
513	-1.032837	0.000000	0.159965	0.002859	21.7
514	-1.032936	0.000000	0.159965	0.002661	12.8
515	-1.032583	0.000000	0.159965	0.002510	11.4
516	-1.033822	0.000000	0.159965	0.003042	15.6
517	-1.034550	0.000000	0.159965	0.003071	17.9
518	-1.033446	0.000000	0.159965	0.002592	13.7
519	-1.033678	0.000000	0.159965	0.002695	20.6
520	-1.032577	0.000000	0.159965	0.002581	12.5
521	-1.031890	0.000000	0.159965	0.003259	11.5
522	-1.032835	0.000000	0.159965	0.002082	11.7
523	-1.033294	0.000000	0.159965	0.003045	20.0
524	-1.033674	0.000000	0.159965	0.002453	12.4
525	-1.033273	0.000000	0.159965	0.002358	17.4
526	-1.033006	0.000000	0.159965	0.002673	15.1
527	-1.031508	0.000000	0.159965	0.002752	11.8
528	-1.034002	0.000000	0.159965	0.002433	11.3
529	-1.031895	0.000000	0.159965	0.002479	15.1
530	-1.033027	0.000000	0.159965	0.002727	15.4
531	-1.032843	0.000000	0.159965	0.002601	11.8
532	-1.032785	0.000000	0.159965	0.002332	19.8
533	-1.033823	0.000000	0.159965	0.002559	12.1
534	-1.032807	0.000000	0.159965	0.002668	11.5
535	-1.033759	0.000000	0.159965	0.002526	11.3
536	-1.032769	0.000000	0.159965	0.002908	18.6
537	-1.032367	0.000000	0.159965	0.002420	12.0
538	-1.031899	0.000000	0.159965	0.003116	16.2
539	-1.031668	0.000000	0.159965	0.002334	15.2
540	-1.033570	0.000000	0.159965	0.002400	12.0
541	-1.034114	0.000000	0.159965	0.002975	11.3
542	-1.032613	0.000000	0.159965	0.002609	13.6
543	-1.033419	0.000000	0.159965	0.002580	16.1
544	-1.032653	0.000000	0.159965	0.002497	12.6
545	-1.035214	0.000000	0.159965	0.002804	18.8
546	-1.032814	0.000000	0.159965	0.002415	12.8
547	-1.032483	0.000000	0.159965	0.002758	12.1
548	-1.032809	0.000000	0.159965	0.002883	17.8
549	-1.033704	0.000000	0.159965	0.002580	12.5
550	-1.034782	0.000000	0.159965	0.002377	18.0
551	-1.033105	0.000000	0.159965	0.002146	12.8
552	-1.032630	0.000000	0.159965	0.002533	11.7
553	-1.033025	0.000000	0.159965	0.002598	14.5
554	-1.032377	0.000000	0.159965	0.002930	15.5
555	-1.033094	0.000000	0.159965	0.002608	15.8
556	-1.033594	0.000000	0.159965	0.002483	16.2
557	-1.033343	0.000000	0.159965	0.002636	11.9
558	-1.032347	0.000000	0.159965	0.002308	11.5
559	-1.032685	0.000000	0.159965	0.002696	11.4
560	-1.033605	0.000000	0.159965	0.002691	18.0
561	-1.032395	0.000000	0.159965	0.002700	11.9
562	-1.033520	0.000000	0.159965	0.002479	17.8
563	-1.031896	0.000000	0.159965	0.002402	12.9
564	-1.033445	0.000000	0.159965	0.002437	11.7
565	-1.032930	0.000000	0.159965	0.002409	11.2
566	-1.032086	0.000000	0.159965	0.002483	15.3
567	-1.032570	0.000000	0.159965	0.002477	13.9
568	-1.033998	0.000000	0.159965	0.002449	11.4
569	-1.032324	0.000000	0.159965	0.002398	18.9
570	-1.032789	0.000000	0.159965	0.002520	12.1
571	-1.032998	0.000000	0.159965	0.002807	11.4
572	-1.032814	0.000000	0.159965	0.002492	11.3
573	-1.033403	0.000000	0.159965	0.002161	18.4
574	-1.033780	0.000000	0.159965	0.002678	12.0
575	-1.033192	0.000000	0.159965	0.002615	15.1
576	-1.033244	0.000000	0.159965	0.002762	16.0
577	-1.031587	0.000000	0.159965	0.002461	12.0
578	-1.033316	0.000000	0.159965	0.002516	11.3
579	-1.031756	0.000000	0.159965	0.002914	15.4
580	-1.033535	0.000000	0.159965	0.002591	14.2
581	-1.035057	0.000000	0.159965	0.002557	11.8
582	-1.033587	0.000000	0.159965	0.002977	18.9
583	-1.032661	0.000000	0.159965	0.002568	12.2
584	-1.031889	0.000000	0.159965	0.002452	12.0
585	-1.032600	0.000000	0.159965	0.002365	11.2
586	-1.032223	0.000000	0.159965	0.002351	11.3
587	-1.033607	0.000000	0.159965	0.002757	18.3
588	-1.033376	0.000000	0.159965	0.002468	12.6
589	-1.033010	0.000000	0.159965	0.003070	16.6
590	-1.034852	0.000000	0.159965	0.002656	16.5
591	-1.033732	0.000000	0.159965	0.002384	11.8
592	-1.032803	0.000000	0.159965	0.002382	13.2
593	-1.033090	0.000000	0.159965	0.003216	16.8
594	-1.033027	0.000000	0.159965	0.002498	12.5
595	-1.032315	0.000000	0.159965	0.002457	17.5
596	-1.030932	0.000000	0.159965	0.002278	12.6
597	-1.033727	0.000000	0.159965	0.003001	11.4
598	-1.032910	0.000000	0.159965	0.002202	18.0
599	-1.033131	0.000000	0.159965	0.002559	11.7
600	-1.033036	0.000000	0.159965	0.002446	18.4
601	-1.032993	0.000000	0.159965	0.002642	12.2
602	-1.032974	0.000000	0.159965	0.002407	12.0
603	-1.033579	0.000000	0.159965	0.002990	18.1
604	-1.032801	0.000000	0.159965	0.002465	12.0
605	-1.033159	0.000000	0.159965	0.002621	17.7
606	-1.032775	0.000000	0.159965	0.002703	12.3
607	-1.033263	0.000000	0.159965	0.002598	11.6
608	-1.032585	0.000000	0.159965	0.002517	11.1
609	-1.034303	0.000000	0.159965	0.002579	10.9
610	-1.033026	0.000000	0.159965	0.002778	10.9
611	-1.034904	0.000000	0.159965	0.002574	11.1
612	-1.032552	0.000000	0.159965	0.002777	11.5
613	-1.035423	0.000000	0.159965	0.002380	11.3
614	-1.032107	0.000000	0.159965	0.002334	17.9
615	-1.032071	0.000000	0.159965	0.002909	11.8
616	-1.032097	0.000000	0.159965	0.003062	12.5
617	-1.033195	0.000000	0.159965	0.002439	16.5
618	-1.032892	0.000000	0.159965	0.002886	14.5
619	-1.033233	0.000000	0.159965	0.002200	14.6
620	-1.032930	0.000000	0.159965	0.002800	17.0
621	-1.032948	0.000000	0.159965	0.002583	13.8
622	-1.033336	0.000000	0.159965	0.002831	17.2
623	-1.033279	0.000000	0.159965	0.002531	12.6
624	-1.032902	0.000000	0.159965	0.002768	12.1
625	-1.032411	0.000000	0.159965	0.002829	19.3
626	-1.033577	0.000000	0.159965	0.002357	14.2
627	-1.031955	0.000000	0.159965	0.002443	18.5
628	-1.033214	0.000000	0.159965	0.002310	12.5
629	-1.033356	0.000000	0.159965	0.002846	13.1
630	-1.034647	0.000000	0.159965	0.002637	13.0
631	-1.032013	0.000000	0.159965	0.003071	16.6
632	-1.032525	0.000000	0.159965	0.002308	15.6
633	-1.033122	0.000000	0.159965	0.002670	16.0
634	-1.033567	0.000000	0.159965	0.002359	14.9
635	-1.033230	0.000000	0.159965	0.002544	15.0
636	-1.032787	0.000000	0.159965	0.002804	18.7
637	-1.032520	0.000000	0.159965	0.002415	12.6
638	-1.033487	0.000000	0.159965	0.002691	17.4
639	-1.033804	0.000000	0.159965	0.002548	12.6
640	-1.033296	0.000000	0.159965	0.002235	16.1
641	-1.033806	0.000000	0.159965	0.002548	13.9
642	-1.033148	0.000000	0.159965	0.002180	12.0
643	-1.033412	0.000000	0.159965	0.002176	11.9
644	-1.034036	0.000000	0.159965	0.002569	11.9
645	-1.032375	0.000000	0.159965	0.002425	11.8
646	-1.031995	0.000000	0.159965	0.002706	11.8
647	-1.032571	0.000000	0.159965	0.002615	12.0
648	-1.032603	0.000000	0.159965	0.002316	11.9
649	-1.032835	0.000000	0.159965	0.002588	11.9
650	-1.032005	0.000000	0.159965	0.002759	13.9
651	-1.033682	0.000000	0.159965	0.002459	37.2
652	-1.034207	0.000000	0.159965	0.002853	15.5
653	-1.033760	0.000000	0.159965	0.002591	15.1
654	-1.033410	0.000000	0.159965	0.002723	11.6
655	-1.032803	0.000000	0.159965	0.002508	11.1
656	-1.032761	0.000000	0.159965	0.002226	11.2
657	-1.033252	0.000000	0.159965	0.002679	11.3
658	-1.033225	0.000000	0.159965	0.002365	11.1
659	-1.032653	0.000000	0.159965	0.002769	11.1
660	-1.032744	0.000000	0.159965	0.002412	11.1
661	-1.032728	0.000000	0.159965	0.002633	11.2
662	-1.033079	0.000000	0.159965	0.002715	11.2
663	-1.033671	0.000000	0.159965	0.002770	11.2
664	-1.031896	0.000000	0.159965	0.001848	11.2
665	-1.033414	0.000000	0.159965	0.002696	11.2
666	-1.034252	0.000000	0.159965	0.002489	11.3
667	-1.033655	0.000000	0.159965	0.002420	11.6
668	-1.034211	0.000000	0.159965	0.002309	12.4
669	-1.032986	0.000000	0.159965	0.002711	12.5
670	-1.034197	0.000000	0.159965	0.002383	11.7
671	-1.033900	0.000000	0.159965	0.002654	11.5
672	-1.032674	0.000000	0.159965	0.002845	11.5
673	-1.032530	0.000000	0.159965	0.003045	11.3
674	-1.033725	0.000000	0.159965	0.002686	11.4
675	-1.033772	0.000000	0.159965	0.002399	11.5
676	-1.033460	0.000000	0.159965	0.002476	11.3
677	-1.033303	0.000000	0.159965	0.002653	11.4
678	-1.033921	0.000000	0.159965	0.002226	11.2
679	-1.033601	0.000000	0.159965	0.002259	11.2
680	-1.033039	0.000000	0.159965	0.002447	29.0
681	-1.033084	0.000000	0.159965	0.003037	15.2
682	-1.032881	0.000000	0.159965	0.002240	13.8
683	-1.034391	0.000000	0.159965	0.002715	29.3
684	-1.033757	0.000000	0.159965	0.002920	13.8
685	-1.034302	0.000000	0.159965	0.002617	13.6
686	-1.033103	0.000000	0.159965	0.003063	20.2
687	-1.031099	0.000000	0.159965	0.002282	12.4
688	-1.034435	0.000000	0.159965	0.002754	11.4
689	-1.033219	0.000000	0.159965	0.002327	11.3
690	-1.032990	0.000000	0.159965	0.002803	11.2
691	-1.033543	0.000000	0.159965	0.002568	16.7
692	-1.034060	0.000000	0.159965	0.002031	28.4
693	-1.033393	0.000000	0.159965	0.002553	13.5
694	-1.032322	0.000000	0.159965	0.003209	11.6
695	-1.033571	0.000000	0.159965	0.002533	11.9
696	-1.033703	0.000000	0.159965	0.002544	12.0
697	-1.033797	0.000000	0.159965	0.002498	24.7
698	-1.034216	0.000000	0.159965	0.002686	27.9
699	-1.032416	0.000000	0.159965	0.002446	21.1
700	-1.033137	0.000000	0.159965	0.002467	13.4
701	-1.032303	0.000000	0.159965	0.002543	13.0
702	-1.032726	0.000000	0.159965	0.002440	12.2
703	-1.033198	0.000000	0.159965	0.002563	12.2
704	-1.032848	0.000000	0.159965	0.002031	12.3
705	-1.033018	0.000000	0.159965	0.002340	12.4
706	-1.032990	0.000000	0.159965	0.002466	12.3
707	-1.032254	0.000000	0.159965	0.002924	12.3
708	-1.035148	0.000000	0.159965	0.002480	11.9
709	-1.033616	0.000000	0.159965	0.002350	11.5
710	-1.031591	0.000000	0.159965	0.002307	11.3
711	-1.032541	0.000000	0.159965	0.002322	11.5
712	-1.033539	0.000000	0.159965	0.002466	11.5
713	-1.034149	0.000000	0.159965	0.002833	11.3
714	-1.033188	0.000000	0.159965	0.002622	11.4
715	-1.034138	0.000000	0.159965	0.002734	11.6
716	-1.033060	0.000000	0.159965	0.002488	11.3
717	-1.034690	0.000000	0.159965	0.002294	11.4
718	-1.033312	0.000000	0.159965	0.002564	11.1
719	-1.032474	0.000000	0.159965	0.003315	11.1
720	-1.034155	0.000000	0.159965	0.002986	11.0
721	-1.033538	0.000000	0.159965	0.002909	11.1
722	-1.032565	0.000000	0.159965	0.002532	11.2
723	-1.034032	0.000000	0.159965	0.002465	11.0
724	-1.033610	0.000000	0.159965	0.002604	10.9
725	-1.033559	0.000000	0.159965	0.002840	11.1
726	-1.033510	0.000000	0.159965	0.002863	11.1
727	-1.033019	0.000000	0.159965	0.002697	11.3
728	-1.033311	0.000000	0.159965	0.002578	11.1
729	-1.032849	0.000000	0.159965	0.002814	11.0
730	-1.033401	0.000000	0.159965	0.002572	11.0
731	-1.033309	0.000000	0.159965	0.002332	11.0
732	-1.033719	0.000000	0.159965	0.002377	11.0
733	-1.033664	0.000000	0.159965	0.002569	11.2
734	-1.031873	0.000000	0.159965	0.003098	10.9
735	-1.033237	0.000000	0.159965	0.002403	11.0
736	-1.032716	0.000000	0.159965	0.002569	11.1
737	-1.033264	0.000000	0.159965	0.002762	11.0
738	-1.033272	0.000000	0.159965	0.003092	11.0
739	-1.033239	0.000000	0.159965	0.002358	11.0
740	-1.034284	0.000000	0.159965	0.002951	11.1
741	-1.033919	0.000000	0.159965	0.002547	11.3
742	-1.034112	0.000000	0.159965	0.002427	11.1
743	-1.032713	0.000000	0.159965	0.002467	11.1
744	-1.033342	0.000000	0.159965	0.002381	11.2
745	-1.032508	0.000000	0.159965	0.002705	11.2
746	-1.033607	0.000000	0.159965	0.002662	11.0
747	-1.032899	0.000000	0.159965	0.002967	11.1
748	-1.032764	0.000000	0.159965	0.002484	17.9
749	-1.033371	0.000000	0.159965	0.002927	14.1
750	-1.033900	0.000000	0.159965	0.002760	11.7
751	-1.033345	0.000000	0.159965	0.002698	11.1
752	-1.031088	0.000000	0.159965	0.002368	11.1
753	-1.033049	0.000000	0.159965	0.002955	11.0
754	-1.033457	0.000000	0.159965	0.002588	11.0
755	-1.033684	0.000000	0.159965	0.003000	10.9
756	-1.034254	0.000000	0.159965	0.002249	11.0
757	-1.033121	0.000000	0.159965	0.002282	11.0
758	-1.031547	0.000000	0.159965	0.002899	11.1
759	-1.032542	0.000000	0.159965	0.002326	11.1
760	-1.033515	0.000000	0.159965	0.002631	11.0
761	-1.032898	0.000000	0.159965	0.003032	11.0
762	-1.032642	0.000000	0.159965	0.002331	11.0
763	-1.032992	0.000000	0.159965	0.002760	11.0
764	-1.032699	0.000000	0.159965	0.002654	11.1
765	-1.034264	0.000000	0.159965	0.002564	10.9
766	-1.033288	0.000000	0.159965	0.002810	11.2
767	-1.033665	0.000000	0.159965	0.002730	11.0
768	-1.033380	0.000000	0.159965	0.002866	11.0
769	-1.034235	0.000000	0.159965	0.002840	11.1
770	-1.033319	0.000000	0.159965	0.002523	11.1
771	-1.033769	0.000000	0.159965	0.002619	11.1
772	-1.033416	0.000000	0.159965	0.002721	11.0
773	-1.032568	0.000000	0.159965	0.002580	11.0
774	-1.032845	0.000000	0.159965	0.002451	11.1
775	-1.032829	0.000000	0.159965	0.002958	11.0
776	-1.032747	0.000000	0.159965	0.002786	11.1
777	-1.034309	0.000000	0.159965	0.002806	11.0
778	-1.033096	0.000000	0.159965	0.002910	11.0
779	-1.034766	0.000000	0.159965	0.002866	11.0
780	-1.033358	0.000000	0.159965	0.003020	11.0
781	-1.033097	0.000000	0.159965	0.002503	11.1
782	-1.033589	0.000000	0.159965	0.002273	11.1
783	-1.033888	0.000000	0.159965	0.002636	11.1
784	-1.034262	0.000000	0.159965	0.002307	11.1
785	-1.032439	0.000000	0.159965	0.002331	10.9
786	-1.033332	0.000000	0.159965	0.002973	11.1
787	-1.032826	0.000000	0.159965	0.002725	10.9
788	-1.032081	0.000000	0.159965	0.002723	11.0
789	-1.034986	0.000000	0.159965	0.003017	11.1
790	-1.034069	0.000000	0.159965	0.002076	11.1
791	-1.032596	0.000000	0.159965	0.002350	11.2
792	-1.034642	0.000000	0.159965	0.002462	10.9
793	-1.032629	0.000000	0.159965	0.002648	11.2
794	-1.033699	0.000000	0.159965	0.002562	11.1
795	-1.032635	0.000000	0.159965	0.002562	10.9
796	-1.033650	0.000000	0.159965	0.002036	11.0
797	-1.031791	0.000000	0.159965	0.002705	11.1
798	-1.034854	0.000000	0.159965	0.002917	11.0
799	-1.032742	0.000000	0.159965	0.002364	11.0
800	-1.033653	0.000000	0.159965	0.002685	11.0
801	-1.032637	0.000000	0.159965	0.002253	11.0
802	-1.033448	0.000000	0.159965	0.002543	11.1
803	-1.032518	0.000000	0.159965	0.002576	11.2
804	-1.034241	0.000000	0.159965	0.002644	11.1
805	-1.033043	0.000000	0.159965	0.002619	11.1
806	-1.033909	0.000000	0.159965	0.002590	11.0
807	-1.034981	0.000000	0.159965	0.002804	11.1
808	-1.033089	0.000000	0.159965	0.002861	11.1
809	-1.034101	0.000000	0.159965	0.002753	11.0
810	-1.032712	0.000000	0.159965	0.002461	11.1
811	-1.032062	0.000000	0.159965	0.002696	11.0
812	-1.033425	0.000000	0.159965	0.002612	11.0
813	-1.033160	0.000000	0.159965	0.002006	11.1
814	-1.034162	0.000000	0.159965	0.002764	11.0
815	-1.033380	0.000000	0.159965	0.003200	11.0
816	-1.033541	0.000000	0.159965	0.002455	11.0
817	-1.033789	0.000000	0.159965	0.002700	11.0
818	-1.033302	0.000000	0.159965	0.002974	11.1
819	-1.032973	0.000000	0.159965	0.002560	11.0
820	-1.033916	0.000000	0.159965	0.003155	10.9
821	-1.033083	0.000000	0.159965	0.002771	11.1
822	-1.033412	0.000000	0.159965	0.002739	11.0
823	-1.031570	0.000000	0.159965	0.002703	11.0
824	-1.033361	0.000000	0.159965	0.002737	11.0
825	-1.034726	0.000000	0.159965	0.002745	11.1
826	-1.032659	0.000000	0.159965	0.003005	11.0
827	-1.032297	0.000000	0.159965	0.002548	10.9
828	-1.033084	0.000000	0.159965	0.002621	11.1
829	-1.035087	0.000000	0.159965	0.003261	10.9
830	-1.033796	0.000000	0.159965	0.002467	11.1
831	-1.032852	0.000000	0.159965	0.002759	11.3
832	-1.033509	0.000000	0.159965	0.002663	11.1
833	-1.031980	0.000000	0.159965	0.002960	11.2
834	-1.033257	0.000000	0.159965	0.002997	11.1
835	-1.032951	0.000000	0.159965	0.002473	11.1
836	-1.032897	0.000000	0.159965	0.002463	11.3
837	-1.032956	0.000000	0.159965	0.002691	11.2
838	-1.033480	0.000000	0.159965	0.002538	11.1
839	-1.033034	0.000000	0.159965	0.002498	11.1
840	-1.033724	0.000000	0.159965	0.002783	11.1
841	-1.033354	0.000000	0.159965	0.002719	11.0
842	-1.033700	0.000000	0.159965	0.002300	11.1
843	-1.033088	0.000000	0.159965	0.002631	11.1
844	-1.033801	0.000000	0.159965	0.002317	11.0
845	-1.034609	0.000000	0.159965	0.002827	11.1
846	-1.032058	0.000000	0.159965	0.002355	11.0
847	-1.033206	0.000000	0.159965	0.002586	11.0
848	-1.032971	0.000000	0.159965	0.002504	11.1
849	-1.033228	0.000000	0.159965	0.002698	11.0
850	-1.033698	0.000000	0.159965	0.002705	11.1
851	-1.034058	0.000000	0.159965	0.002816	11.2
852	-1.032854	0.000000	0.159965	0.002579	11.0
853	-1.033979	0.000000	0.159965	0.002637	11.0
854	-1.032991	0.000000	0.159965	0.002575	11.1
855	-1.032779	0.000000	0.159965	0.002573	11.1
856	-1.033002	0.000000	0.159965	0.002725	11.2
857	-1.033088	0.000000	0.159965	0.002744	11.1
858	-1.033503	0.000000	0.159965	0.002705	11.1
859	-1.034407	0.000000	0.159965	0.002242	11.1
860	-1.032814	0.000000	0.159965	0.002655	11.1
861	-1.033561	0.000000	0.159965	0.002653	11.0
862	-1.034153	0.000000	0.159965	0.002271	11.0
863	-1.034177	0.000000	0.159965	0.002511	10.9
864	-1.033645	0.000000	0.159965	0.002823	11.0
865	-1.033662	0.000000	0.159965	0.002855	11.0
866	-1.034304	0.000000	0.159965	0.002701	11.1
867	-1.032361	0.000000	0.159965	0.002730	10.9
868	-1.033539	0.000000	0.159965	0.002869	11.0
869	-1.031891	0.000000	0.159965	0.002360	11.1
870	-1.033482	0.000000	0.159965	0.002621	11.0
871	-1.032161	0.000000	0.159965	0.002729	11.0
872	-1.033882	0.000000	0.159965	0.002541	11.1
873	-1.033946	0.000000	0.159965	0.002208	11.2
874	-1.032977	0.000000	0.159965	0.002267	11.1
875	-1.033612	0.000000	0.159965	0.002308	11.1
876	-1.035345	0.000000	0.159965	0.002985	11.1
877	-1.034277	0.000000	0.159965	0.002182	11.1
878	-1.033915	0.000000	0.159965	0.002578	11.0
879	-1.032759	0.000000	0.159965	0.002863	11.1
880	-1.033888	0.000000	0.159965	0.003161	10.9
881	-1.033070	0.000000	0.159965	0.002589	11.0
882	-1.033545	0.000000	0.159965	0.002913	11.1
883	-1.033364	0.000000	0.159965	0.002172	11.1
884	-1.032752	0.000000	0.159965	0.002257	11.1
885	-1.032917	0.000000	0.159965	0.002889	10.9
886	-1.034212	0.000000	0.159965	0.002575	11.1
887	-1.034060	0.000000	0.159965	0.002822	11.1
888	-1.032249	0.000000	0.159965	0.002550	11.0
889	-1.032436	0.000000	0.159965	0.002914	11.1
890	-1.033478	0.000000	0.159965	0.002732	11.0
891	-1.032623	0.000000	0.159965	0.002481	11.1
892	-1.032174	0.000000	0.159965	0.002499	11.0
893	-1.032739	0.000000	0.159965	0.002474	11.0
894	-1.032769	0.000000	0.159965	0.003033	10.9
895	-1.033520	0.000000	0.159965	0.002698	11.0
896	-1.033907	0.000000	0.159965	0.002595	11.1
897	-1.033247	0.000000	0.159965	0.002424	11.1
898	-1.034960	0.000000	0.159965	0.002762	11.0
899	-1.033558	0.000000	0.159965	0.002434	10.9
900	-1.033007	0.000000	0.159965	0.002953	10.9
901	-1.033867	0.000000	0.159965	0.002283	10.9
902	-1.033479	0.000000	0.159965	0.002484	11.0
903	-1.034896	0.000000	0.159965	0.003012	11.1
904	-1.035433	0.000000	0.159965	0.002432	11.0
905	-1.033821	0.000000	0.159965	0.002646	10.9
906	-1.034337	0.000000	0.159965	0.002709	10.9
907	-1.033214	0.000000	0.159965	0.002950	11.0
908	-1.031456	0.000000	0.159965	0.002877	11.0
909	-1.033227	0.000000	0.159965	0.002650	11.0
910	-1.031950	0.000000	0.159965	0.002766	11.0
911	-1.032926	0.000000	0.159965	0.002526	11.0
912	-1.033183	0.000000	0.159965	0.002796	11.0
913	-1.032861	0.000000	0.159965	0.002862	11.0
914	-1.033195	0.000000	0.159965	0.002796	11.0
915	-1.033118	0.000000	0.159965	0.002804	11.1
916	-1.034320	0.000000	0.159965	0.002895	11.0
917	-1.033095	0.000000	0.159965	0.002767	11.0
918	-1.033556	0.000000	0.159965	0.002672	10.9
919	-1.033757	0.000000	0.159965	0.002550	11.0
920	-1.034604	0.000000	0.159965	0.003067	11.1
921	-1.032686	0.000000	0.159965	0.003045	11.2
922	-1.033968	0.000000	0.159965	0.002521	11.0
923	-1.034269	0.000000	0.159965	0.002605	11.0
924	-1.032106	0.000000	0.159965	0.002292	11.0
925	-1.032983	0.000000	0.159965	0.002535	11.0
926	-1.033259	0.000000	0.159965	0.002535	11.1
927	-1.032832	0.000000	0.159965	0.002727	11.0
928	-1.033814	0.000000	0.159965	0.002613	11.0
929	-1.032923	0.000000	0.159965	0.002610	11.0
930	-1.032855	0.000000	0.159965	0.002725	11.1
931	-1.032882	0.000000	0.159965	0.002662	11.2
932	-1.033117	0.000000	0.159965	0.002401	11.1
933	-1.033976	0.000000	0.159965	0.002543	11.1
934	-1.033851	0.000000	0.159965	0.002786	11.4
935	-1.032657	0.000000	0.159965	0.002856	11.2
936	-1.033444	0.000000	0.159965	0.002468	11.3
937	-1.033165	0.000000	0.159965	0.002367	11.4
938	-1.031975	0.000000	0.159965	0.002533	11.3
939	-1.034282	0.000000	0.159965	0.002860	11.4
940	-1.034059	0.000000	0.159965	0.002875	11.1
941	-1.033953	0.000000	0.159965	0.002516	11.3
942	-1.033409	0.000000	0.159965	0.002380	11.4
943	-1.033764	0.000000	0.159965	0.003114	11.2
944	-1.033563	0.000000	0.159965	0.002788	11.2
945	-1.033018	0.000000	0.159965	0.002771	11.2
946	-1.034633	0.000000	0.159965	0.002693	11.3
947	-1.032905	0.000000	0.159965	0.002452	11.3
948	-1.034654	0.000000	0.159965	0.002520	11.4
949	-1.033842	0.000000	0.159965	0.002990	11.3
950	-1.034341	0.000000	0.159965	0.002187	11.3
951	-1.033341	0.000000	0.159965	0.002708	11.3
952	-1.033215	0.000000	0.159965	0.002278	11.2
953	-1.032591	0.000000	0.159965	0.002687	11.1
954	-1.034126	0.000000	0.159965	0.002798	11.1
955	-1.033122	0.000000	0.159965	0.002570	10.9
956	-1.034131	0.000000	0.159965	0.002806	10.9
957	-1.032419	0.000000	0.159965	0.002376	11.0
958	-1.033191	0.000000	0.159965	0.002322	11.0
959	-1.033252	0.000000	0.159965	0.002789	11.2
960	-1.033501	0.000000	0.159965	0.002470	11.0
961	-1.033908	0.000000	0.159965	0.002856	11.0
962	-1.033871	0.000000	0.159965	0.002762	11.0
963	-1.032938	0.000000	0.159965	0.002434	11.0
964	-1.033599	0.000000	0.159965	0.003007	11.0
965	-1.034725	0.000000	0.159965	0.002777	11.2
966	-1.032921	0.000000	0.159965	0.002693	11.3
967	-1.033692	0.000000	0.159965	0.002406	11.1
968	-1.034030	0.000000	0.159965	0.002617	11.1
969	-1.033734	0.000000	0.159965	0.002252	11.1
970	-1.033593	0.000000	0.159965	0.002731	11.2
971	-1.034239	0.000000	0.159965	0.002688	11.1
972	-1.033044	0.000000	0.159965	0.002402	11.2
973	-1.033961	0.000000	0.159965	0.002617	11.0
974	-1.033132	0.000000	0.159965	0.002890	11.1
975	-1.033170	0.000000	0.159965	0.002668	11.6
976	-1.034701	0.000000	0.159965	0.002716	11.5
977	-1.033289	0.000000	0.159965	0.002208	11.4
978	-1.033174	0.000000	0.159965	0.002243	11.2
979	-1.033069	0.000000	0.159965	0.002699	11.0
980	-1.032554	0.000000	0.159965	0.002722	11.0
981	-1.032288	0.000000	0.159965	0.002892	11.1
982	-1.034376	0.000000	0.159965	0.003081	11.2
983	-1.033341	0.000000	0.159965	0.002639	11.4
984	-1.033993	0.000000	0.159965	0.002874	11.6
985	-1.033670	0.000000	0.159965	0.002299	11.4
986	-1.032276	0.000000	0.159965	0.002349	11.2
987	-1.033047	0.000000	0.159965	0.002748	11.0
988	-1.034329	0.000000	0.159965	0.002712	11.1
989	-1.032632	0.000000	0.159965	0.002530	11.0
990	-1.033656	0.000000	0.159965	0.002655	11.3
991	-1.034084	0.000000	0.159965	0.002481	11.5
992	-1.032134	0.000000	0.159965	0.002823	11.3
993	-1.035069	0.000000	0.159965	0.002436	11.2
994	-1.034012	0.000000	0.159965	0.002595	11.2
995	-1.033816	0.000000	0.159965	0.002375	11.2
996	-1.033064	0.000000	0.159965	0.002856	11.1
997	-1.035072	0.000000	0.159965	0.002670	11.0
998	-1.033615	0.000000	0.159965	0.002654	11.3
999	-1.034082	0.000000	0.159965	0.003028	11.4
