1:ItNr	2:Metric	3a:Time	3b:StepSize	4:||Gradient||	Time[ms]
0	-1.027757	0.000000	0.159965	0.002155	564.6
1	-1.027489	0.000000	0.159965	0.001864	22.0
2	-1.027805	0.000000	0.159965	0.003432	21.6
3	-1.025999	0.000000	0.159965	0.001773	21.6
4	-1.027142	0.000000	0.159965	0.001705	21.9
5	-1.025986	0.000000	0.159965	0.003490	21.5
6	-1.027100	0.000000	0.159965	0.002625	21.5
7	-1.027160	0.000000	0.159965	0.002370	21.7
8	-1.028233	0.000000	0.159965	0.001927	21.5
9	-1.026800	0.000000	0.159965	0.003664	21.6
10	-1.026871	0.000000	0.159965	0.002669	21.4
11	-1.026601	0.000000	0.159965	0.002556	21.4
12	-1.026624	0.000000	0.159965	0.002871	21.4
13	-1.026359	0.000000	0.159965	0.003861	21.4
14	-1.027749	0.000000	0.159965	0.001902	21.5
15	-1.027865	0.000000	0.159965	0.002448	21.5
16	-1.025454	0.000000	0.159965	0.002819	21.7
17	-1.026945	0.000000	0.159965	0.002036	21.5
18	-1.027592	0.000000	0.159965	0.002911	21.4
19	-1.026381	0.000000	0.159965	0.002314	21.6
20	-1.026979	0.000000	0.159965	0.002340	21.6
21	-1.027504	0.000000	0.159965	0.003682	21.4
22	-1.027015	0.000000	0.159965	0.002468	21.8
23	-1.027788	0.000000	0.159965	0.002383	21.6
24	-1.027410	0.000000	0.159965	0.002031	21.5
25	-1.027755	0.000000	0.159965	0.003577	21.3
26	-1.026304	0.000000	0.159965	0.002740	21.5
27	-1.026972	0.000000	0.159965	0.002991	21.6
28	-1.026769	0.000000	0.159965	0.002248	21.5
29	-1.027008	0.000000	0.159965	0.001293	21.5
30	-1.027034	0.000000	0.159965	0.002125	21.5
31	-1.027283	0.000000	0.159965	0.002721	21.3
32	-1.028171	0.000000	0.159965	0.003355	21.3
33	-1.026720	0.000000	0.159965	0.002348	21.5
34	-1.026576	0.000000	0.159965	0.001882	21.4
35	-1.027421	0.000000	0.159965	0.002832	21.4
36	-1.026362	0.000000	0.159965	0.002224	21.3
37	-1.026690	0.000000	0.159965	0.002501	21.2
38	-1.027807	0.000000	0.159965	0.002747	21.5
39	-1.025979	0.000000	0.159965	0.002453	21.4
40	-1.027071	0.000000	0.159965	0.002875	21.5
41	-1.027285	0.000000	0.159965	0.002702	21.4
42	-1.027318	0.000000	0.159965	0.003286	21.4
43	-1.026027	0.000000	0.159965	0.003022	21.4
44	-1.026951	0.000000	0.159965	0.002550	21.5
45	-1.026807	0.000000	0.159965	0.002510	21.5
46	-1.026713	0.000000	0.159965	0.002659	21.4
47	-1.027475	0.000000	0.159965	0.002457	21.5
48	-1.027069	0.000000	0.159965	0.002495	21.3
49	-1.027192	0.000000	0.159965	0.003191	21.4
50	-1.027190	0.000000	0.159965	0.002534	21.5
51	-1.026877	0.000000	0.159965	0.002052	21.4
52	-1.027537	0.000000	0.159965	0.003138	21.7
53	-1.027721	0.000000	0.159965	0.002826	21.5
54	-1.027311	0.000000	0.159965	0.003998	21.4
55	-1.026983	0.000000	0.159965	0.002914	21.5
56	-1.027293	0.000000	0.159965	0.002371	21.3
57	-1.026583	0.000000	0.159965	0.001914	21.5
58	-1.026255	0.000000	0.159965	0.002111	21.4
59	-1.027308	0.000000	0.159965	0.003301	21.6
60	-1.027638	0.000000	0.159965	0.003171	21.4
61	-1.027027	0.000000	0.159965	0.002762	21.4
62	-1.026511	0.000000	0.159965	0.003350	21.5
63	-1.027490	0.000000	0.159965	0.002031	21.3
64	-1.027570	0.000000	0.159965	0.002972	21.4
65	-1.026749	0.000000	0.159965	0.002204	21.4
66	-1.026739	0.000000	0.159965	0.001833	21.5
67	-1.027612	0.000000	0.159965	0.001696	21.6
68	-1.026079	0.000000	0.159965	0.002286	21.6
69	-1.027858	0.000000	0.159965	0.001861	21.7
70	-1.027876	0.000000	0.159965	0.002165	21.4
71	-1.026144	0.000000	0.159965	0.002106	21.4
72	-1.027571	0.000000	0.159965	0.003952	21.4
73	-1.027713	0.000000	0.159965	0.002013	21.6
74	-1.026725	0.000000	0.159965	0.002442	21.5
75	-1.026023	0.000000	0.159965	0.001973	21.5
76	-1.027353	0.000000	0.159965	0.003695	21.7
77	-1.028095	0.000000	0.159965	0.002695	21.5
78	-1.027601	0.000000	0.159965	0.002100	21.5
79	-1.027884	0.000000	0.159965	0.003715	21.3
80	-1.027167	0.000000	0.159965	0.002265	21.5
81	-1.026856	0.000000	0.159965	0.002876	21.4
82	-1.026464	0.000000	0.159965	0.002820	21.5
83	-1.027414	0.000000	0.159965	0.002777	21.5
84	-1.028231	0.000000	0.159965	0.002503	21.5
85	-1.026529	0.000000	0.159965	0.002811	21.3
86	-1.027565	0.000000	0.159965	0.002272	21.2
87	-1.025143	0.000000	0.159965	0.001911	21.5
88	-1.026034	0.000000	0.159965	0.002643	21.5
89	-1.026811	0.000000	0.159965	0.002888	21.5
90	-1.026685	0.000000	0.159965	0.003361	21.6
91	-1.025983	0.000000	0.159965	0.002151	21.5
92	-1.026644	0.000000	0.159965	0.002972	21.5
93	-1.027708	0.000000	0.159965	0.002344	21.4
94	-1.026754	0.000000	0.159965	0.002927	21.5
95	-1.027548	0.000000	0.159965	0.002850	21.3
96	-1.026979	0.000000	0.159965	0.003032	21.3
97	-1.027197	0.000000	0.159965	0.002298	21.5
98	-1.025883	0.000000	0.159965	0.002821	21.4
99	-1.027092	0.000000	0.159965	0.002076	21.5
100	-1.027905	0.000000	0.159965	0.003056	21.5
101	-1.027033	0.000000	0.159965	0.002351	21.5
102	-1.025623	0.000000	0.159965	0.003215	21.4
103	-1.025202	0.000000	0.159965	0.002718	21.4
104	-1.025846	0.000000	0.159965	0.002507	21.5
105	-1.025127	0.000000	0.159965	0.002088	21.4
106	-1.027697	0.000000	0.159965	0.002283	21.4
107	-1.026124	0.000000	0.159965	0.003167	21.5
108	-1.026579	0.000000	0.159965	0.001728	21.5
109	-1.026547	0.000000	0.159965	0.002071	21.6
110	-1.026944	0.000000	0.159965	0.002771	21.4
111	-1.027483	0.000000	0.159965	0.002288	21.3
112	-1.028268	0.000000	0.159965	0.001855	21.6
113	-1.026662	0.000000	0.159965	0.002436	22.1
114	-1.027426	0.000000	0.159965	0.002600	22.0
115	-1.027074	0.000000	0.159965	0.002040	22.1
116	-1.028355	0.000000	0.159965	0.001586	22.2
117	-1.027442	0.000000	0.159965	0.002138	29.2
118	-1.027362	0.000000	0.159965	0.003502	24.9
119	-1.028402	0.000000	0.159965	0.002518	22.6
120	-1.027698	0.000000	0.159965	0.001948	22.4
121	-1.027198	0.000000	0.159965	0.002034	22.7
122	-1.027160	0.000000	0.159965	0.003356	22.3
123	-1.026686	0.000000	0.159965	0.003206	22.3
124	-1.027448	0.000000	0.159965	0.002065	22.4
125	-1.027649	0.000000	0.159965	0.002716	22.3
126	-1.028917	0.000000	0.159965	0.002985	22.3
127	-1.026395	0.000000	0.159965	0.002495	22.3
128	-1.028593	0.000000	0.159965	0.002786	22.2
129	-1.025387	0.000000	0.159965	0.002332	22.2
130	-1.026925	0.000000	0.159965	0.002593	22.2
131	-1.027530	0.000000	0.159965	0.002255	22.3
132	-1.027995	0.000000	0.159965	0.002977	22.2
133	-1.027065	0.000000	0.159965	0.002658	22.1
134	-1.027790	0.000000	0.159965	0.002121	22.3
135	-1.026674	0.000000	0.159965	0.003539	22.2
136	-1.026952	0.000000	0.159965	0.003163	22.1
137	-1.028099	0.000000	0.159965	0.002667	22.2
138	-1.025950	0.000000	0.159965	0.004086	22.0
139	-1.026156	0.000000	0.159965	0.002599	22.1
140	-1.027249	0.000000	0.159965	0.002481	21.9
141	-1.025392	0.000000	0.159965	0.001897	22.0
142	-1.027248	0.000000	0.159965	0.002900	22.2
143	-1.027151	0.000000	0.159965	0.001600	22.0
144	-1.026799	0.000000	0.159965	0.002589	22.1
145	-1.028271	0.000000	0.159965	0.002378	22.2
146	-1.027489	0.000000	0.159965	0.001839	22.2
147	-1.026408	0.000000	0.159965	0.003170	22.3
148	-1.027679	0.000000	0.159965	0.003057	22.1
149	-1.027298	0.000000	0.159965	0.002833	22.2
150	-1.027528	0.000000	0.159965	0.002961	22.1
151	-1.028067	0.000000	0.159965	0.003003	22.7
152	-1.027250	0.000000	0.159965	0.002324	22.4
153	-1.027727	0.000000	0.159965	0.002352	22.3
154	-1.027027	0.000000	0.159965	0.002446	21.6
155	-1.026612	0.000000	0.159965	0.002864	21.9
156	-1.026623	0.000000	0.159965	0.002439	21.4
157	-1.026609	0.000000	0.159965	0.002090	21.5
158	-1.027328	0.000000	0.159965	0.002123	21.7
159	-1.027275	0.000000	0.159965	0.001996	30.9
160	-1.025304	0.000000	0.159965	0.002982	40.1
161	-1.028309	0.000000	0.159965	0.004191	29.2
162	-1.027658	0.000000	0.159965	0.003141	21.7
163	-1.026745	0.000000	0.159965	0.002871	21.5
164	-1.026845	0.000000	0.159965	0.002321	21.3
165	-1.028676	0.000000	0.159965	0.002817	21.5
166	-1.027269	0.000000	0.159965	0.002619	21.5
167	-1.026602	0.000000	0.159965	0.002533	21.4
168	-1.028261	0.000000	0.159965	0.002405	21.8
169	-1.027101	0.000000	0.159965	0.002305	21.5
170	-1.027301	0.000000	0.159965	0.003062	21.6
171	-1.027115	0.000000	0.159965	0.003020	21.8
172	-1.026531	0.000000	0.159965	0.001892	22.0
173	-1.027325	0.000000	0.159965	0.002817	22.0
174	-1.028080	0.000000	0.159965	0.002973	21.9
175	-1.027838	0.000000	0.159965	0.003093	22.0
176	-1.026827	0.000000	0.159965	0.003449	22.0
177	-1.027391	0.000000	0.159965	0.001721	21.7
178	-1.027184	0.000000	0.159965	0.002694	21.6
179	-1.027507	0.000000	0.159965	0.003028	21.6
180	-1.026768	0.000000	0.159965	0.002124	21.6
181	-1.027801	0.000000	0.159965	0.002578	21.5
182	-1.027085	0.000000	0.159965	0.002682	21.5
183	-1.027519	0.000000	0.159965	0.002475	21.7
184	-1.028163	0.000000	0.159965	0.001617	21.5
185	-1.028207	0.000000	0.159965	0.002555	21.4
186	-1.026236	0.000000	0.159965	0.002530	21.7
187	-1.028019	0.000000	0.159965	0.002572	21.7
188	-1.027207	0.000000	0.159965	0.003251	21.7
189	-1.027990	0.000000	0.159965	0.001662	21.8
190	-1.027468	0.000000	0.159965	0.002290	21.6
191	-1.026654	0.000000	0.159965	0.002269	21.5
192	-1.025962	0.000000	0.159965	0.001382	21.8
193	-1.027302	0.000000	0.159965	0.002451	21.8
194	-1.027158	0.000000	0.159965	0.002079	21.9
195	-1.026934	0.000000	0.159965	0.002122	21.9
196	-1.027127	0.000000	0.159965	0.001530	21.8
197	-1.025070	0.000000	0.159965	0.002632	21.8
198	-1.027051	0.000000	0.159965	0.001753	21.5
199	-1.026154	0.000000	0.159965	0.002291	22.1
200	-1.027037	0.000000	0.159965	0.002015	22.6
201	-1.026550	0.000000	0.159965	0.003111	23.9
202	-1.026865	0.000000	0.159965	0.002765	24.2
203	-1.028188	0.000000	0.159965	0.002547	24.2
204	-1.026341	0.000000	0.159965	0.004435	24.9
205	-1.027516	0.000000	0.159965	0.002270	24.6
206	-1.026666	0.000000	0.159965	0.002549	24.3
207	-1.026448	0.000000	0.159965	0.003022	24.4
208	-1.026970	0.000000	0.159965	0.002034	34.5
209	-1.027730	0.000000	0.159965	0.002417	30.3
210	-1.028055	0.000000	0.159965	0.002457	22.7
211	-1.026585	0.000000	0.159965	0.002005	23.1
212	-1.026533	1.000000	0.155547	0.001851	22.7
213	-1.027201	0.200000	0.159054	0.003023	23.8
214	-1.027261	0.000000	0.159965	0.001859	23.8
215	-1.026359	0.000000	0.159965	0.003129	22.5
216	-1.027092	0.000000	0.159965	0.002881	22.4
217	-1.027307	0.000000	0.159965	0.003420	22.4
218	-1.028411	0.000000	0.159965	0.003269	22.2
219	-1.028181	0.000000	0.159965	0.002838	22.5
220	-1.026022	0.000000	0.159965	0.001523	22.8
221	-1.027481	0.000000	0.159965	0.002299	23.1
222	-1.028142	0.000000	0.159965	0.002911	23.0
223	-1.025875	0.000000	0.159965	0.001327	22.9
224	-1.028478	0.000000	0.159965	0.002963	22.8
225	-1.027752	0.000000	0.159965	0.003211	22.7
226	-1.027474	0.000000	0.159965	0.002190	23.3
227	-1.027496	0.000000	0.159965	0.004590	24.5
228	-1.026188	0.000000	0.159965	0.001423	23.2
229	-1.027189	0.000000	0.159965	0.003041	22.6
230	-1.027774	0.000000	0.159965	0.001841	22.9
231	-1.026724	0.000000	0.159965	0.002219	22.4
232	-1.026330	0.000000	0.159965	0.002354	22.4
233	-1.026074	0.000000	0.159965	0.003181	22.6
234	-1.026803	0.000000	0.159965	0.002325	22.6
235	-1.026679	0.000000	0.159965	0.002517	22.5
236	-1.028047	0.000000	0.159965	0.002598	22.6
237	-1.027452	0.000000	0.159965	0.002487	22.5
238	-1.027064	0.000000	0.159965	0.002065	22.5
239	-1.026352	0.000000	0.159965	0.002006	22.3
240	-1.025951	0.000000	0.159965	0.002517	22.2
241	-1.028074	0.000000	0.159965	0.002794	22.3
242	-1.025841	0.000000	0.159965	0.003723	22.3
243	-1.025950	0.000000	0.159965	0.002523	22.2
244	-1.027217	0.000000	0.159965	0.003289	22.2
245	-1.026692	0.000000	0.159965	0.002749	22.4
246	-1.026465	0.000000	0.159965	0.001668	22.3
247	-1.027004	0.000000	0.159965	0.002955	22.5
248	-1.027918	0.000000	0.159965	0.002368	22.3
249	-1.025964	0.000000	0.159965	0.003225	22.4
250	-1.027682	0.000000	0.159965	0.001918	22.5
251	-1.026412	1.000000	0.155547	0.002491	22.4
252	-1.028069	0.200000	0.159054	0.003873	22.4
253	-1.027808	0.000000	0.159965	0.003157	22.3
254	-1.026371	0.000000	0.159965	0.002302	22.2
255	-1.027561	0.000000	0.159965	0.001954	22.1
256	-1.028246	0.000000	0.159965	0.001793	22.0
257	-1.026326	0.000000	0.159965	0.002138	21.9
258	-1.027145	0.000000	0.159965	0.002462	21.9
259	-1.026816	0.000000	0.159965	0.002552	21.8
260	-1.028285	0.000000	0.159965	0.001502	21.5
261	-1.027457	0.000000	0.159965	0.002857	21.4
262	-1.027400	0.000000	0.159965	0.002771	21.5
263	-1.026741	0.000000	0.159965	0.002270	21.6
264	-1.027049	0.000000	0.159965	0.003667	21.3
265	-1.028586	0.000000	0.159965	0.001898	22.3
266	-1.027302	0.000000	0.159965	0.003772	21.5
267	-1.027009	0.000000	0.159965	0.002110	21.8
268	-1.026803	0.000000	0.159965	0.002424	21.5
269	-1.027490	0.000000	0.159965	0.002104	21.4
270	-1.026308	0.000000	0.159965	0.002627	21.5
271	-1.026661	0.000000	0.159965	0.002620	21.7
272	-1.026940	0.000000	0.159965	0.002347	21.6
273	-1.026689	0.000000	0.159965	0.002026	21.7
274	-1.026976	0.000000	0.159965	0.002748	21.7
275	-1.027809	0.000000	0.159965	0.001869	21.6
276	-1.026754	0.000000	0.159965	0.002599	21.7
277	-1.027240	0.000000	0.159965	0.002760	21.5
278	-1.026926	0.000000	0.159965	0.002573	21.5
279	-1.027707	0.000000	0.159965	0.003759	21.5
280	-1.027411	0.000000	0.159965	0.002402	21.5
281	-1.027590	0.000000	0.159965	0.002111	21.7
282	-1.028525	0.000000	0.159965	0.003558	21.5
283	-1.028717	0.000000	0.159965	0.002720	21.8
284	-1.027424	0.000000	0.159965	0.003398	21.6
285	-1.027747	0.000000	0.159965	0.001687	21.5
286	-1.028487	0.000000	0.159965	0.002038	21.6
287	-1.027887	0.000000	0.159965	0.002585	21.7
288	-1.025914	0.000000	0.159965	0.002216	21.6
289	-1.027591	0.000000	0.159965	0.002668	21.4
290	-1.027703	0.000000	0.159965	0.002257	21.4
291	-1.026171	0.000000	0.159965	0.001784	21.7
292	-1.027266	0.000000	0.159965	0.002482	21.6
293	-1.027095	0.000000	0.159965	0.002069	21.8
294	-1.029163	0.000000	0.159965	0.002532	21.6
295	-1.026278	0.000000	0.159965	0.002721	21.7
296	-1.026541	0.000000	0.159965	0.003232	21.7
297	-1.027861	0.000000	0.159965	0.002511	21.7
298	-1.026315	0.000000	0.159965	0.002143	21.3
299	-1.026531	0.000000	0.159965	0.002105	30.8
300	-1.028263	0.000000	0.159965	0.003044	37.5
301	-1.028039	0.000000	0.159965	0.002886	22.5
302	-1.026877	0.000000	0.159965	0.003294	21.7
303	-1.027140	0.000000	0.159965	0.002550	21.4
304	-1.027650	0.000000	0.159965	0.002286	21.5
305	-1.027741	0.000000	0.159965	0.002680	21.8
306	-1.026690	0.000000	0.159965	0.001994	21.5
307	-1.026488	0.000000	0.159965	0.002363	21.7
308	-1.027736	0.000000	0.159965	0.002234	21.6
309	-1.027507	1.000000	0.155547	0.003530	21.5
310	-1.027465	0.200000	0.159054	0.002740	21.5
311	-1.026648	0.000000	0.159965	0.001860	21.4
312	-1.027375	0.000000	0.159965	0.001600	21.5
313	-1.025499	0.000000	0.159965	0.003205	21.4
314	-1.025183	0.000000	0.159965	0.002025	21.6
315	-1.026881	0.000000	0.159965	0.002238	21.5
316	-1.025922	0.000000	0.159965	0.002285	21.5
317	-1.027441	0.000000	0.159965	0.002162	21.7
318	-1.027449	0.000000	0.159965	0.001984	21.6
319	-1.027688	0.000000	0.159965	0.001675	21.4
320	-1.027532	0.000000	0.159965	0.003391	21.4
321	-1.027584	0.000000	0.159965	0.001895	21.7
322	-1.028122	0.000000	0.159965	0.002666	21.4
323	-1.027698	0.000000	0.159965	0.003087	21.5
324	-1.027389	0.000000	0.159965	0.001992	21.5
325	-1.027744	0.000000	0.159965	0.002829	21.4
326	-1.026527	0.000000	0.159965	0.002808	21.5
327	-1.027619	0.000000	0.159965	0.002413	21.5
328	-1.027375	0.000000	0.159965	0.002198	21.5
329	-1.027037	0.000000	0.159965	0.002275	21.6
330	-1.027764	0.000000	0.159965	0.002607	21.7
331	-1.026805	0.000000	0.159965	0.001433	21.5
332	-1.028193	0.000000	0.159965	0.001931	21.5
333	-1.027347	0.000000	0.159965	0.002148	21.4
334	-1.026748	0.000000	0.159965	0.003262	21.7
335	-1.026823	0.000000	0.159965	0.002906	21.8
336	-1.026621	0.000000	0.159965	0.002429	21.6
337	-1.026168	0.000000	0.159965	0.001506	21.7
338	-1.027171	0.000000	0.159965	0.002586	21.6
339	-1.027342	0.000000	0.159965	0.002851	21.4
340	-1.027014	0.000000	0.159965	0.001897	21.6
341	-1.027395	0.000000	0.159965	0.001701	21.8
342	-1.027460	0.000000	0.159965	0.002380	21.8
343	-1.027332	0.000000	0.159965	0.002469	21.7
344	-1.026222	0.000000	0.159965	0.001655	21.6
345	-1.025955	0.000000	0.159965	0.002745	21.3
346	-1.026451	0.000000	0.159965	0.002039	21.5
347	-1.026632	0.000000	0.159965	0.003122	21.6
348	-1.026775	0.000000	0.159965	0.002907	21.5
349	-1.028156	0.000000	0.159965	0.002953	21.5
350	-1.027815	0.000000	0.159965	0.002348	21.3
351	-1.027453	0.000000	0.159965	0.002511	21.6
352	-1.027066	0.000000	0.159965	0.001983	21.6
353	-1.028457	0.000000	0.159965	0.003053	21.9
354	-1.027090	0.000000	0.159965	0.003474	21.6
355	-1.026674	0.000000	0.159965	0.002771	21.4
356	-1.027943	0.000000	0.159965	0.002559	21.4
357	-1.026989	0.000000	0.159965	0.002768	21.5
358	-1.027093	0.000000	0.159965	0.002031	21.6
359	-1.027031	0.000000	0.159965	0.003234	21.4
360	-1.026085	0.000000	0.159965	0.001698	21.4
361	-1.025938	0.000000	0.159965	0.001542	21.3
362	-1.027639	0.000000	0.159965	0.002425	21.3
363	-1.026978	0.000000	0.159965	0.002128	21.5
364	-1.026804	0.000000	0.159965	0.002186	21.2
365	-1.027449	0.000000	0.159965	0.001997	21.4
366	-1.027702	0.000000	0.159965	0.001734	21.5
367	-1.026882	0.000000	0.159965	0.001994	21.4
368	-1.026347	0.000000	0.159965	0.002757	21.6
369	-1.026975	0.000000	0.159965	0.002453	21.4
370	-1.026380	0.000000	0.159965	0.002686	21.5
371	-1.026949	0.000000	0.159965	0.001928	21.4
372	-1.026572	0.000000	0.159965	0.001920	21.5
373	-1.026852	0.000000	0.159965	0.003272	21.3
374	-1.028700	0.000000	0.159965	0.002809	21.5
375	-1.028145	0.000000	0.159965	0.003177	21.5
376	-1.026051	0.000000	0.159965	0.003050	21.4
377	-1.026029	0.000000	0.159965	0.002545	21.5
378	-1.027575	0.000000	0.159965	0.002257	21.5
379	-1.028114	0.000000	0.159965	0.002171	21.5
380	-1.026698	0.000000	0.159965	0.001854	21.5
381	-1.027621	0.000000	0.159965	0.002324	21.3
382	-1.027406	0.000000	0.159965	0.002098	21.6
383	-1.028630	0.000000	0.159965	0.002163	21.5
384	-1.027169	0.000000	0.159965	0.002213	21.6
385	-1.027226	0.000000	0.159965	0.002144	21.6
386	-1.026938	0.000000	0.159965	0.002869	21.3
387	-1.027376	0.000000	0.159965	0.003010	21.4
388	-1.026046	0.000000	0.159965	0.002472	21.3
389	-1.026987	0.000000	0.159965	0.002505	21.6
390	-1.028715	0.000000	0.159965	0.002890	21.3
391	-1.025710	0.000000	0.159965	0.002599	21.4
392	-1.027117	0.000000	0.159965	0.002123	21.2
393	-1.026777	0.000000	0.159965	0.001767	21.4
394	-1.026514	0.000000	0.159965	0.003108	21.3
395	-1.026321	0.000000	0.159965	0.002228	21.4
396	-1.027725	0.000000	0.159965	0.002632	21.4
397	-1.026958	0.000000	0.159965	0.001969	21.5
398	-1.026020	0.000000	0.159965	0.003779	21.5
399	-1.027596	0.000000	0.159965	0.003327	21.6
400	-1.028983	0.000000	0.159965	0.003104	21.4
401	-1.025796	0.000000	0.159965	0.003369	21.7
402	-1.026957	0.000000	0.159965	0.002280	21.6
403	-1.026619	0.000000	0.159965	0.002459	21.4
404	-1.027840	0.000000	0.159965	0.001661	21.6
405	-1.027182	0.000000	0.159965	0.002654	21.5
406	-1.027107	0.000000	0.159965	0.002824	21.5
407	-1.026775	0.000000	0.159965	0.002459	21.2
408	-1.026972	0.000000	0.159965	0.002519	21.2
409	-1.027338	0.000000	0.159965	0.002634	21.3
410	-1.027362	0.000000	0.159965	0.002620	21.4
411	-1.028186	0.000000	0.159965	0.001884	21.4
412	-1.027818	0.000000	0.159965	0.003204	21.4
413	-1.028135	0.000000	0.159965	0.002145	21.5
414	-1.026973	0.000000	0.159965	0.001766	21.4
415	-1.027802	0.000000	0.159965	0.003005	21.5
416	-1.028132	0.000000	0.159965	0.002545	21.5
417	-1.029268	0.000000	0.159965	0.004143	21.5
418	-1.027237	0.000000	0.159965	0.002073	21.5
419	-1.027870	0.000000	0.159965	0.002379	21.5
420	-1.028260	0.000000	0.159965	0.003002	21.3
421	-1.026525	0.000000	0.159965	0.002725	21.5
422	-1.027053	0.000000	0.159965	0.002881	21.4
423	-1.028205	0.000000	0.159965	0.003015	21.4
424	-1.026479	0.000000	0.159965	0.003140	21.4
425	-1.026979	0.000000	0.159965	0.003138	21.4
426	-1.027406	0.000000	0.159965	0.002263	21.5
427	-1.027813	0.000000	0.159965	0.002040	21.2
428	-1.026053	0.000000	0.159965	0.001503	21.5
429	-1.026787	0.000000	0.159965	0.002215	21.5
430	-1.027446	0.000000	0.159965	0.002224	21.6
431	-1.025570	0.000000	0.159965	0.002778	21.7
432	-1.027716	0.000000	0.159965	0.002956	21.8
433	-1.026792	0.000000	0.159965	0.002401	42.9
434	-1.027594	0.000000	0.159965	0.002308	23.2
435	-1.026986	0.000000	0.159965	0.001968	21.6
436	-1.026329	0.000000	0.159965	0.002089	21.6
437	-1.028191	0.000000	0.159965	0.001963	21.4
438	-1.028340	0.000000	0.159965	0.002813	21.3
439	-1.027104	0.000000	0.159965	0.002415	21.3
440	-1.026778	0.000000	0.159965	0.001782	21.4
441	-1.027854	0.000000	0.159965	0.002706	21.3
442	-1.027395	0.000000	0.159965	0.002879	21.4
443	-1.027881	0.000000	0.159965	0.003087	21.3
444	-1.027670	0.000000	0.159965	0.002283	21.3
445	-1.027410	0.000000	0.159965	0.001899	21.5
446	-1.025334	0.000000	0.159965	0.002706	21.3
447	-1.027270	0.000000	0.159965	0.002673	21.3
448	-1.027127	0.000000	0.159965	0.002661	21.4
449	-1.027764	0.000000	0.159965	0.002575	21.5
450	-1.027264	0.000000	0.159965	0.001907	21.7
451	-1.027659	0.000000	0.159965	0.002931	21.4
452	-1.027140	0.000000	0.159965	0.002497	21.5
453	-1.027808	0.000000	0.159965	0.002549	21.3
454	-1.027686	0.000000	0.159965	0.002293	21.4
455	-1.026460	0.000000	0.159965	0.002424	21.5
456	-1.026812	0.000000	0.159965	0.001892	21.2
457	-1.029246	0.000000	0.159965	0.001718	21.3
458	-1.027744	0.000000	0.159965	0.002154	21.5
459	-1.027034	0.000000	0.159965	0.002429	21.3
460	-1.026262	0.000000	0.159965	0.002532	21.5
461	-1.027410	0.000000	0.159965	0.002962	21.5
462	-1.025476	0.000000	0.159965	0.002314	21.5
463	-1.027603	0.000000	0.159965	0.002173	21.4
464	-1.027810	0.000000	0.159965	0.002777	21.4
465	-1.026579	0.000000	0.159965	0.002519	21.4
466	-1.027881	0.000000	0.159965	0.003656	21.3
467	-1.027284	0.000000	0.159965	0.002208	21.4
468	-1.027359	0.000000	0.159965	0.003051	21.5
469	-1.027314	0.000000	0.159965	0.003436	21.5
470	-1.027424	0.000000	0.159965	0.003133	21.3
471	-1.026912	0.000000	0.159965	0.002297	21.3
472	-1.027223	0.000000	0.159965	0.002353	21.4
473	-1.028613	0.000000	0.159965	0.002053	21.4
474	-1.027650	0.000000	0.159965	0.001768	21.5
475	-1.026500	0.000000	0.159965	0.002286	21.7
476	-1.027385	0.000000	0.159965	0.002216	21.6
477	-1.027917	0.000000	0.159965	0.002517	21.6
478	-1.028176	0.000000	0.159965	0.003630	21.4
479	-1.026095	0.000000	0.159965	0.001825	21.4
480	-1.026494	0.000000	0.159965	0.002828	21.5
481	-1.026360	0.000000	0.159965	0.001559	21.5
482	-1.027127	0.000000	0.159965	0.002905	21.3
483	-1.026909	0.000000	0.159965	0.003009	21.4
484	-1.027334	0.000000	0.159965	0.002128	21.5
485	-1.028878	0.000000	0.159965	0.002625	21.4
486	-1.027895	0.000000	0.159965	0.002942	21.5
487	-1.027705	0.000000	0.159965	0.001615	21.4
488	-1.027736	0.000000	0.159965	0.001971	21.5
489	-1.027739	0.000000	0.159965	0.002569	21.5
490	-1.028538	0.000000	0.159965	0.002563	21.5
491	-1.027490	0.000000	0.159965	0.002266	21.4
492	-1.027668	0.000000	0.159965	0.002657	21.4
493	-1.027529	0.000000	0.159965	0.002364	21.4
494	-1.028119	0.000000	0.159965	0.001868	21.5
495	-1.027791	0.000000	0.159965	0.002801	21.4
496	-1.027603	0.000000	0.159965	0.002722	21.5
497	-1.026987	0.000000	0.159965	0.002415	21.6
498	-1.027068	0.000000	0.159965	0.002872	21.5
499	-1.026559	0.000000	0.159965	0.001767	21.4
500	-1.027806	0.000000	0.159965	0.003115	21.4
501	-1.026324	0.000000	0.159965	0.002735	21.7
502	-1.025570	0.000000	0.159965	0.002430	21.4
503	-1.027998	0.000000	0.159965	0.003763	21.5
504	-1.026870	0.000000	0.159965	0.002690	21.3
505	-1.027406	0.000000	0.159965	0.002785	21.3
506	-1.026631	0.000000	0.159965	0.002494	21.5
507	-1.027878	0.000000	0.159965	0.003517	21.3
508	-1.027718	0.000000	0.159965	0.002647	21.5
509	-1.027429	0.000000	0.159965	0.001585	21.4
510	-1.026481	0.000000	0.159965	0.003053	21.4
511	-1.028118	0.000000	0.159965	0.002760	21.4
512	-1.027503	0.000000	0.159965	0.002607	21.4
513	-1.027324	0.000000	0.159965	0.002159	21.5
514	-1.026983	0.000000	0.159965	0.001737	21.4
515	-1.026292	0.000000	0.159965	0.002164	21.3
516	-1.026784	0.000000	0.159965	0.002880	21.3
517	-1.027872	0.000000	0.159965	0.002439	21.4
518	-1.027077	0.000000	0.159965	0.001569	21.4
519	-1.027766	0.000000	0.159965	0.002218	21.4
520	-1.027075	0.000000	0.159965	0.003113	21.8
521	-1.028732	0.000000	0.159965	0.001997	21.5
522	-1.026812	0.000000	0.159965	0.002858	21.7
523	-1.026485	0.000000	0.159965	0.002614	21.3
524	-1.026102	0.000000	0.159965	0.002889	21.6
525	-1.027131	0.000000	0.159965	0.002280	21.4
526	-1.027238	0.000000	0.159965	0.002926	21.4
527	-1.028051	0.000000	0.159965	0.001986	21.5
528	-1.026974	0.000000	0.159965	0.003242	21.4
529	-1.026545	0.000000	0.159965	0.003143	21.4
530	-1.027109	0.000000	0.159965	0.002898	21.5
531	-1.026357	0.000000	0.159965	0.001933	21.4
532	-1.027354	0.000000	0.159965	0.001625	21.6
533	-1.027765	0.000000	0.159965	0.002311	21.4
534	-1.027863	0.000000	0.159965	0.002686	21.5
535	-1.027557	0.000000	0.159965	0.002145	21.4
536	-1.026599	0.000000	0.159965	0.002850	21.4
537	-1.026928	0.000000	0.159965	0.002129	21.4
538	-1.027866	0.000000	0.159965	0.002965	21.3
539	-1.026816	0.000000	0.159965	0.003146	21.5
540	-1.027355	0.000000	0.159965	0.002409	21.3
541	-1.026829	0.000000	0.159965	0.002074	21.3
542	-1.026825	0.000000	0.159965	0.002894	21.3
543	-1.028092	0.000000	0.159965	0.003140	21.4
544	-1.027207	0.000000	0.159965	0.002141	21.5
545	-1.026816	0.000000	0.159965	0.003370	21.5
546	-1.027853	0.000000	0.159965	0.002199	21.4
547	-1.026537	0.000000	0.159965	0.002320	21.3
548	-1.028102	0.000000	0.159965	0.002028	21.5
549	-1.028929	0.000000	0.159965	0.002056	21.3
550	-1.027320	0.000000	0.159965	0.002657	21.5
551	-1.026914	0.000000	0.159965	0.002083	21.5
552	-1.026682	0.000000	0.159965	0.002515	21.3
553	-1.026969	0.000000	0.159965	0.002529	21.5
554	-1.028060	0.000000	0.159965	0.002510	21.3
555	-1.027555	0.000000	0.159965	0.002976	21.4
556	-1.026222	0.000000	0.159965	0.003315	21.5
557	-1.026572	0.000000	0.159965	0.001846	21.3
558	-1.027427	0.000000	0.159965	0.002971	21.5
559	-1.027314	0.000000	0.159965	0.002995	21.5
560	-1.026575	0.000000	0.159965	0.002721	21.4
561	-1.026713	0.000000	0.159965	0.002285	21.3
562	-1.025504	0.000000	0.159965	0.003126	21.5
563	-1.028009	0.000000	0.159965	0.002238	21.5
564	-1.027143	0.000000	0.159965	0.003450	21.3
565	-1.027541	0.000000	0.159965	0.002918	21.5
566	-1.028060	0.000000	0.159965	0.003209	21.4
567	-1.028714	0.000000	0.159965	0.002340	21.5
568	-1.027190	0.000000	0.159965	0.002505	21.8
569	-1.028746	0.000000	0.159965	0.002092	21.6
570	-1.027894	0.000000	0.159965	0.002217	21.4
571	-1.027216	0.000000	0.159965	0.002085	21.5
572	-1.026603	0.000000	0.159965	0.002882	21.4
573	-1.026812	0.000000	0.159965	0.002665	21.5
574	-1.026782	0.000000	0.159965	0.002434	21.4
575	-1.027860	0.000000	0.159965	0.002590	21.5
576	-1.025979	0.000000	0.159965	0.003050	21.5
577	-1.027620	0.000000	0.159965	0.002301	21.4
578	-1.027764	0.000000	0.159965	0.001600	21.5
579	-1.027922	0.000000	0.159965	0.001993	21.4
580	-1.027324	0.000000	0.159965	0.002277	21.3
581	-1.027664	0.000000	0.159965	0.002273	21.5
582	-1.026747	0.000000	0.159965	0.002950	21.4
583	-1.028515	0.000000	0.159965	0.003555	21.4
584	-1.026795	0.000000	0.159965	0.002783	21.2
585	-1.026721	0.000000	0.159965	0.002172	21.4
586	-1.027549	0.000000	0.159965	0.002356	21.5
587	-1.028789	0.000000	0.159965	0.001446	21.5
588	-1.028006	0.000000	0.159965	0.003696	21.3
589	-1.028121	0.000000	0.159965	0.003135	21.4
590	-1.027336	0.000000	0.159965	0.003275	21.3
591	-1.027312	0.000000	0.159965	0.001671	21.4
592	-1.026874	0.000000	0.159965	0.002635	21.6
593	-1.028342	0.000000	0.159965	0.002136	21.5
594	-1.026931	0.000000	0.159965	0.002417	21.4
595	-1.028053	0.000000	0.159965	0.002152	21.3
596	-1.028671	0.000000	0.159965	0.002298	21.3
597	-1.026553	0.000000	0.159965	0.002987	21.2
598	-1.028020	0.000000	0.159965	0.003021	21.4
599	-1.028824	0.000000	0.159965	0.001410	21.4
600	-1.026209	0.000000	0.159965	0.002979	21.5
601	-1.028028	0.000000	0.159965	0.001498	21.5
602	-1.027881	0.000000	0.159965	0.001930	21.5
603	-1.027156	0.000000	0.159965	0.002679	21.4
604	-1.027630	0.000000	0.159965	0.001538	21.6
605	-1.028465	0.000000	0.159965	0.003400	21.5
606	-1.027331	0.000000	0.159965	0.002070	21.4
607	-1.027193	0.000000	0.159965	0.001848	21.5
608	-1.028153	0.000000	0.159965	0.001983	21.2
609	-1.027054	0.000000	0.159965	0.001548	21.3
610	-1.027238	0.000000	0.159965	0.002592	21.3
611	-1.028227	0.000000	0.159965	0.003883	21.3
612	-1.027948	0.000000	0.159965	0.001821	21.3
613	-1.026509	0.000000	0.159965	0.004444	21.5
614	-1.027143	0.000000	0.159965	0.002896	21.4
615	-1.028364	0.000000	0.159965	0.002183	21.5
616	-1.025918	0.000000	0.159965	0.002941	21.8
617	-1.027398	0.000000	0.159965	0.001880	21.4
618	-1.026590	0.000000	0.159965	0.001898	21.5
619	-1.026891	0.000000	0.159965	0.003207	21.5
620	-1.026964	0.000000	0.159965	0.002293	21.4
621	-1.026951	0.000000	0.159965	0.002363	21.4
622	-1.026462	0.000000	0.159965	0.002425	21.4
623	-1.027434	0.000000	0.159965	0.001558	21.6
624	-1.026063	0.000000	0.159965	0.001517	21.4
625	-1.027307	0.000000	0.159965	0.003044	21.4
626	-1.027303	0.000000	0.159965	0.001931	21.3
627	-1.027224	0.000000	0.159965	0.001923	21.4
628	-1.027678	0.000000	0.159965	0.003347	21.5
629	-1.026921	0.000000	0.159965	0.002229	21.7
630	-1.026415	0.000000	0.159965	0.002149	21.5
631	-1.027670	0.000000	0.159965	0.003340	21.3
632	-1.026248	0.000000	0.159965	0.002155	21.7
633	-1.028196	0.000000	0.159965	0.002175	21.4
634	-1.027015	0.000000	0.159965	0.002016	21.3
635	-1.027840	0.000000	0.159965	0.002555	21.3
636	-1.028589	0.000000	0.159965	0.002194	21.5
637	-1.026788	0.000000	0.159965	0.002372	21.5
638	-1.028534	0.000000	0.159965	0.002667	21.4
639	-1.028119	0.000000	0.159965	0.002896	21.3
640	-1.029469	0.000000	0.159965	0.002466	21.5
641	-1.027305	0.000000	0.159965	0.002078	21.4
642	-1.026530	0.000000	0.159965	0.002707	21.4
643	-1.025835	0.000000	0.159965	0.001720	21.5
644	-1.027167	0.000000	0.159965	0.003582	21.5
645	-1.028911	0.000000	0.159965	0.002696	21.2
646	-1.026433	0.000000	0.159965	0.003054	21.4
647	-1.028223	0.000000	0.159965	0.002193	21.4
648	-1.027654	0.000000	0.159965	0.002868	21.3
649	-1.027442	0.000000	0.159965	0.002416	21.3
650	-1.027939	0.000000	0.159965	0.002595	21.2
651	-1.026878	0.000000	0.159965	0.001604	21.4
652	-1.027616	0.000000	0.159965	0.002946	21.4
653	-1.026325	0.000000	0.159965	0.002348	21.5
654	-1.027197	0.000000	0.159965	0.002766	21.4
655	-1.027155	0.000000	0.159965	0.002678	21.6
656	-1.026142	0.000000	0.159965	0.002622	21.2
657	-1.027860	0.000000	0.159965	0.002380	21.4
658	-1.026166	0.000000	0.159965	0.002267	21.3
659	-1.027057	0.000000	0.159965	0.003626	21.4
660	-1.028213	0.000000	0.159965	0.003691	21.5
661	-1.026839	0.000000	0.159965	0.002321	21.5
662	-1.027594	0.000000	0.159965	0.001832	21.6
663	-1.027453	0.000000	0.159965	0.002399	21.7
664	-1.027289	0.000000	0.159965	0.002540	22.1
665	-1.027650	0.000000	0.159965	0.002383	21.7
666	-1.025629	0.000000	0.159965	0.001944	21.6
667	-1.027016	0.000000	0.159965	0.003459	21.6
668	-1.028005	0.000000	0.159965	0.002072	21.3
669	-1.027543	0.000000	0.159965	0.003432	21.4
670	-1.027487	0.000000	0.159965	0.003313	21.5
671	-1.027050	0.000000	0.159965	0.002519	21.2
672	-1.026553	0.000000	0.159965	0.002478	21.5
673	-1.025686	0.000000	0.159965	0.002192	21.3
674	-1.026852	0.000000	0.159965	0.002602	21.6
675	-1.027455	0.000000	0.159965	0.003185	21.5
676	-1.027328	0.000000	0.159965	0.002106	21.5
677	-1.026801	0.000000	0.159965	0.002371	21.5
678	-1.028377	0.000000	0.159965	0.002985	21.4
679	-1.028161	0.000000	0.159965	0.001870	21.5
680	-1.028065	0.000000	0.159965	0.002798	21.3
681	-1.028846	0.000000	0.159965	0.002620	21.2
682	-1.027408	0.000000	0.159965	0.002029	21.3
683	-1.027842	0.000000	0.159965	0.003881	21.3
684	-1.028312	0.000000	0.159965	0.002663	21.4
685	-1.027996	0.000000	0.159965	0.002269	21.4
686	-1.026575	0.000000	0.159965	0.002841	21.4
687	-1.027018	0.000000	0.159965	0.003125	21.4
688	-1.027282	0.000000	0.159965	0.003034	21.8
689	-1.027715	0.000000	0.159965	0.003103	21.4
690	-1.027386	0.000000	0.159965	0.002673	21.5
691	-1.027663	0.000000	0.159965	0.002573	21.4
692	-1.026935	0.000000	0.159965	0.002272	21.3
693	-1.027035	0.000000	0.159965	0.002206	21.6
694	-1.027225	0.000000	0.159965	0.002528	21.4
695	-1.027664	0.000000	0.159965	0.003562	21.3
696	-1.027010	0.000000	0.159965	0.002821	21.2
697	-1.027185	0.000000	0.159965	0.002114	21.4
698	-1.027538	0.000000	0.159965	0.003450	21.4
699	-1.026448	0.000000	0.159965	0.001551	21.5
700	-1.027032	0.000000	0.159965	0.002224	21.4
701	-1.027817	0.000000	0.159965	0.003017	21.6
702	-1.028019	0.000000	0.159965	0.002459	21.3
703	-1.026565	0.000000	0.159965	0.002668	21.4
704	-1.027615	0.000000	0.159965	0.002183	21.6
705	-1.027534	0.000000	0.159965	0.002511	21.3
706	-1.026906	0.000000	0.159965	0.001974	21.3
707	-1.027861	0.000000	0.159965	0.002621	21.5
708	-1.028670	0.000000	0.159965	0.002564	21.6
709	-1.027515	0.000000	0.159965	0.002122	21.4
710	-1.028045	0.000000	0.159965	0.002295	21.5
711	-1.027533	0.000000	0.159965	0.002986	21.3
712	-1.027691	0.000000	0.159965	0.002260	21.6
713	-1.027887	0.000000	0.159965	0.002220	21.4
714	-1.025787	0.000000	0.159965	0.002756	21.5
715	-1.028469	0.000000	0.159965	0.001845	21.5
716	-1.027150	0.000000	0.159965	0.001835	21.7
717	-1.027599	0.000000	0.159965	0.002104	21.3
718	-1.027898	0.000000	0.159965	0.001794	21.3
719	-1.028051	0.000000	0.159965	0.002661	21.4
720	-1.027819	0.000000	0.159965	0.002622	21.4
721	-1.027396	0.000000	0.159965	0.002663	21.4
722	-1.027583	0.000000	0.159965	0.003532	21.2
723	-1.027526	0.000000	0.159965	0.003141	21.3
724	-1.027946	0.000000	0.159965	0.002348	21.3
725	-1.026853	0.000000	0.159965	0.002712	21.3
726	-1.028192	0.000000	0.159965	0.002492	21.6
727	-1.026839	0.000000	0.159965	0.002135	21.3
728	-1.027431	0.000000	0.159965	0.002035	21.3
729	-1.027621	0.000000	0.159965	0.002254	21.4
730	-1.026877	0.000000	0.159965	0.002962	21.3
731	-1.027411	0.000000	0.159965	0.002760	21.4
732	-1.027513	0.000000	0.159965	0.003527	21.3
733	-1.028546	0.000000	0.159965	0.002073	21.4
734	-1.027640	0.000000	0.159965	0.002923	21.4
735	-1.027713	0.000000	0.159965	0.002438	21.5
736	-1.027252	0.000000	0.159965	0.002799	21.8
737	-1.027523	0.000000	0.159965	0.001858	21.5
738	-1.027653	0.000000	0.159965	0.002181	21.4
739	-1.027167	0.000000	0.159965	0.002631	21.4
740	-1.026995	0.000000	0.159965	0.002130	21.3
741	-1.027183	0.000000	0.159965	0.001920	21.3
742	-1.026606	0.000000	0.159965	0.002013	21.6
743	-1.025857	0.000000	0.159965	0.001778	21.4
744	-1.027435	0.000000	0.159965	0.002199	21.4
745	-1.028385	0.000000	0.159965	0.002167	21.5
746	-1.028032	0.000000	0.159965	0.002247	21.3
747	-1.026843	0.000000	0.159965	0.002106	21.4
748	-1.027157	0.000000	0.159965	0.002572	21.5
749	-1.026988	0.000000	0.159965	0.002812	21.5
750	-1.027017	0.000000	0.159965	0.002192	21.3
751	-1.028053	0.000000	0.159965	0.001763	21.4
752	-1.027608	0.000000	0.159965	0.002106	21.4
753	-1.026372	0.000000	0.159965	0.002967	21.3
754	-1.028215	0.000000	0.159965	0.001791	21.4
755	-1.026915	0.000000	0.159965	0.002640	21.6
756	-1.027190	0.000000	0.159965	0.002332	21.6
757	-1.027834	0.000000	0.159965	0.003040	21.4
758	-1.025778	0.000000	0.159965	0.002173	21.4
759	-1.026781	0.000000	0.159965	0.002708	21.4
760	-1.028399	0.000000	0.159965	0.002313	21.6
761	-1.026220	0.000000	0.159965	0.002039	21.5
762	-1.029440	0.000000	0.159965	0.002689	21.4
763	-1.026063	0.000000	0.159965	0.002463	21.4
764	-1.028425	0.000000	0.159965	0.001927	21.3
765	-1.027244	0.000000	0.159965	0.003700	21.4
766	-1.027696	0.000000	0.159965	0.002969	21.3
767	-1.028300	0.000000	0.159965	0.002443	21.3
768	-1.026473	0.000000	0.159965	0.004033	21.3
769	-1.027989	0.000000	0.159965	0.002413	21.1
770	-1.026735	0.000000	0.159965	0.002436	21.4
771	-1.027509	0.000000	0.159965	0.002184	21.3
772	-1.027499	0.000000	0.159965	0.002474	21.6
773	-1.026217	0.000000	0.159965	0.001716	21.4
774	-1.027768	0.000000	0.159965	0.002972	21.4
775	-1.027762	0.000000	0.159965	0.002167	21.3
776	-1.028039	0.000000	0.159965	0.002618	21.4
777	-1.027708	0.000000	0.159965	0.001977	21.4
778	-1.027229	0.000000	0.159965	0.001750	21.4
779	-1.028060	0.000000	0.159965	0.002355	21.3
780	-1.027278	0.000000	0.159965	0.002364	21.2
781	-1.027505	0.000000	0.159965	0.003053	21.4
782	-1.027081	0.000000	0.159965	0.002894	21.3
783	-1.025860	0.000000	0.159965	0.002554	21.3
784	-1.028641	0.000000	0.159965	0.003160	21.7
785	-1.026899	0.000000	0.159965	0.002093	21.5
786	-1.026347	0.000000	0.159965	0.002245	21.4
787	-1.027394	0.000000	0.159965	0.002967	21.5
788	-1.028112	0.000000	0.159965	0.002415	21.4
789	-1.027806	0.000000	0.159965	0.002646	21.3
790	-1.027550	0.000000	0.159965	0.003223	21.3
791	-1.026652	0.000000	0.159965	0.001605	21.2
792	-1.027300	0.000000	0.159965	0.002975	21.3
793	-1.027496	0.000000	0.159965	0.003334	21.3
794	-1.027326	0.000000	0.159965	0.002261	21.3
795	-1.027867	0.000000	0.159965	0.002197	21.2
796	-1.029161	0.000000	0.159965	0.002567	21.4
797	-1.027571	0.000000	0.159965	0.002185	21.2
798	-1.027479	0.000000	0.159965	0.002327	21.3
799	-1.028334	0.000000	0.159965	0.002543	21.3
800	-1.026486	0.000000	0.159965	0.003645	21.3
801	-1.027717	0.000000	0.159965	0.002050	21.6
802	-1.027969	0.000000	0.159965	0.002340	21.5
803	-1.027553	0.000000	0.159965	0.002280	21.4
804	-1.027834	0.000000	0.159965	0.002242	21.3
805	-1.027620	0.000000	0.159965	0.002527	21.4
806	-1.027502	0.000000	0.159965	0.002312	21.4
807	-1.028217	0.000000	0.159965	0.003265	21.5
808	-1.027497	0.000000	0.159965	0.001351	21.5
809	-1.027223	0.000000	0.159965	0.001684	21.5
810	-1.027892	0.000000	0.159965	0.002577	21.6
811	-1.028188	0.000000	0.159965	0.002520	21.3
812	-1.028035	0.000000	0.159965	0.002326	21.3
813	-1.027247	0.000000	0.159965	0.002465	21.2
814	-1.029150	0.000000	0.159965	0.003803	21.2
815	-1.027976	0.000000	0.159965	0.001890	21.3
816	-1.027428	0.000000	0.159965	0.002524	21.2
817	-1.027484	0.000000	0.159965	0.002644	21.3
818	-1.026362	0.000000	0.159965	0.002663	21.2
819	-1.026983	0.000000	0.159965	0.002816	21.4
820	-1.026997	0.000000	0.159965	0.002895	21.4
821	-1.027200	0.000000	0.159965	0.002415	21.4
822	-1.026379	0.000000	0.159965	0.002512	21.3
823	-1.027864	0.000000	0.159965	0.002818	21.3
824	-1.028024	0.000000	0.159965	0.003082	21.3
825	-1.028079	0.000000	0.159965	0.002123	21.5
826	-1.027129	0.000000	0.159965	0.002187	21.3
827	-1.027846	0.000000	0.159965	0.001747	21.3
828	-1.027993	0.000000	0.159965	0.002550	21.3
829	-1.028427	0.000000	0.159965	0.003117	21.5
830	-1.027429	0.000000	0.159965	0.001639	21.1
831	-1.027114	0.000000	0.159965	0.002373	21.4
832	-1.028272	0.000000	0.159965	0.003437	21.5
833	-1.027036	0.000000	0.159965	0.003283	21.5
834	-1.027365	0.000000	0.159965	0.003385	21.3
835	-1.027924	0.000000	0.159965	0.002055	21.4
836	-1.027719	0.000000	0.159965	0.002118	21.3
837	-1.027998	0.000000	0.159965	0.003246	21.5
838	-1.027731	0.000000	0.159965	0.003203	21.5
839	-1.027592	0.000000	0.159965	0.002599	21.4
840	-1.027382	0.000000	0.159965	0.002739	21.3
841	-1.027366	0.000000	0.159965	0.002134	21.2
842	-1.027321	0.000000	0.159965	0.003066	21.3
843	-1.027933	0.000000	0.159965	0.001876	21.4
844	-1.027876	0.000000	0.159965	0.002929	21.3
845	-1.026576	0.000000	0.159965	0.002116	21.5
846	-1.028359	0.000000	0.159965	0.003040	21.4
847	-1.027745	0.000000	0.159965	0.002462	21.5
848	-1.027044	0.000000	0.159965	0.003193	21.5
849	-1.027515	0.000000	0.159965	0.002089	21.6
850	-1.028560	0.000000	0.159965	0.001886	21.4
851	-1.026024	0.000000	0.159965	0.002479	21.4
852	-1.027920	0.000000	0.159965	0.002947	21.6
853	-1.027374	0.000000	0.159965	0.002507	21.4
854	-1.027309	0.000000	0.159965	0.003143	21.4
855	-1.028404	0.000000	0.159965	0.002106	21.5
856	-1.028005	0.000000	0.159965	0.002560	21.6
857	-1.028283	0.000000	0.159965	0.003278	21.4
858	-1.027983	0.000000	0.159965	0.002629	21.5
859	-1.027853	0.000000	0.159965	0.002432	21.2
860	-1.027484	0.000000	0.159965	0.002348	21.3
861	-1.027330	0.000000	0.159965	0.003999	21.4
862	-1.028117	0.000000	0.159965	0.004529	21.4
863	-1.029056	0.000000	0.159965	0.002753	21.4
864	-1.027314	0.000000	0.159965	0.002485	21.5
865	-1.027003	0.000000	0.159965	0.002763	21.3
866	-1.027064	0.000000	0.159965	0.001981	21.5
867	-1.029020	0.000000	0.159965	0.002456	21.4
868	-1.027269	0.000000	0.159965	0.002195	21.6
869	-1.027941	0.000000	0.159965	0.003148	21.3
870	-1.027757	0.000000	0.159965	0.002828	21.4
871	-1.027490	0.000000	0.159965	0.002567	21.5
872	-1.027947	0.000000	0.159965	0.001764	21.1
873	-1.027551	0.000000	0.159965	0.001848	21.4
874	-1.026681	0.000000	0.159965	0.002719	21.3
875	-1.027950	0.000000	0.159965	0.002335	21.7
876	-1.027367	0.000000	0.159965	0.003455	22.6
877	-1.026821	0.000000	0.159965	0.002529	22.2
878	-1.026207	0.000000	0.159965	0.002198	22.2
879	-1.027044	0.000000	0.159965	0.003369	22.0
880	-1.027783	0.000000	0.159965	0.002866	22.1
881	-1.026924	0.000000	0.159965	0.002565	22.2
882	-1.028429	0.000000	0.159965	0.002375	22.0
883	-1.029059	0.000000	0.159965	0.002106	21.8
884	-1.026491	0.000000	0.159965	0.002219	21.9
885	-1.028203	0.000000	0.159965	0.003022	21.7
886	-1.028372	0.000000	0.159965	0.002873	21.8
887	-1.026641	0.000000	0.159965	0.001723	22.1
888	-1.026367	0.000000	0.159965	0.002179	22.3
889	-1.027201	0.000000	0.159965	0.002958	22.2
890	-1.027365	0.000000	0.159965	0.002542	22.4
891	-1.026936	0.000000	0.159965	0.002130	22.6
892	-1.026754	0.000000	0.159965	0.003182	22.6
893	-1.028031	0.000000	0.159965	0.002478	22.6
894	-1.028358	0.000000	0.159965	0.003580	22.4
895	-1.027915	0.000000	0.159965	0.002436	25.2
896	-1.026535	0.000000	0.159965	0.001982	39.5
897	-1.028099	0.000000	0.159965	0.002415	23.2
898	-1.027581	0.000000	0.159965	0.002960	23.6
899	-1.027307	0.000000	0.159965	0.002034	26.1
900	-1.028991	0.000000	0.159965	0.003108	40.6
901	-1.026651	0.000000	0.159965	0.002265	43.6
902	-1.026651	0.000000	0.159965	0.003579	25.4
903	-1.028843	0.000000	0.159965	0.003399	23.4
904	-1.027109	0.000000	0.159965	0.001965	39.1
905	-1.027363	0.000000	0.159965	0.001807	23.3
906	-1.027758	0.000000	0.159965	0.003362	22.5
907	-1.028123	0.000000	0.159965	0.002104	22.5
908	-1.028770	0.000000	0.159965	0.002735	22.6
909	-1.028149	0.000000	0.159965	0.002432	22.5
910	-1.026941	0.000000	0.159965	0.002642	22.7
911	-1.026948	0.000000	0.159965	0.001755	22.8
912	-1.026397	0.000000	0.159965	0.002387	22.9
913	-1.027336	0.000000	0.159965	0.002987	23.2
914	-1.027565	0.000000	0.159965	0.002123	23.2
915	-1.027089	0.000000	0.159965	0.001742	23.5
916	-1.027153	0.000000	0.159965	0.002033	23.1
917	-1.026871	0.000000	0.159965	0.002280	22.4
918	-1.027328	0.000000	0.159965	0.002897	22.3
919	-1.026999	0.000000	0.159965	0.002176	22.1
920	-1.028330	0.000000	0.159965	0.002569	22.0
921	-1.028433	0.000000	0.159965	0.003184	22.1
922	-1.027253	0.000000	0.159965	0.002048	22.3
923	-1.026257	0.000000	0.159965	0.002269	22.4
924	-1.028907	0.000000	0.159965	0.002019	22.0
925	-1.028861	0.000000	0.159965	0.001899	22.1
926	-1.026081	0.000000	0.159965	0.001962	21.9
927	-1.027756	0.000000	0.159965	0.002751	22.1
928	-1.026625	0.000000	0.159965	0.002308	21.9
929	-1.027312	0.000000	0.159965	0.002061	22.0
930	-1.028973	0.000000	0.159965	0.002084	22.3
931	-1.026461	0.000000	0.159965	0.002190	22.3
932	-1.026979	0.000000	0.159965	0.002437	22.2
933	-1.027333	0.000000	0.159965	0.003294	21.8
934	-1.027033	0.000000	0.159965	0.002352	22.1
935	-1.028024	0.000000	0.159965	0.002323	21.8
936	-1.027987	0.000000	0.159965	0.002777	21.9
937	-1.027816	0.000000	0.159965	0.002819	21.7
938	-1.027943	0.000000	0.159965	0.002542	21.7
939	-1.028345	0.000000	0.159965	0.003852	21.8
940	-1.027406	0.000000	0.159965	0.002179	21.5
941	-1.027981	0.000000	0.159965	0.003095	21.7
942	-1.028146	0.000000	0.159965	0.001657	21.6
943	-1.028813	0.000000	0.159965	0.002548	21.7
944	-1.027844	0.000000	0.159965	0.002656	21.4
945	-1.027939	0.000000	0.159965	0.003005	21.6
946	-1.027445	0.000000	0.159965	0.002278	21.5
947	-1.026879	0.000000	0.159965	0.002421	21.5
948	-1.027312	0.000000	0.159965	0.002696	21.3
949	-1.027694	0.000000	0.159965	0.002431	21.3
950	-1.027152	0.000000	0.159965	0.002378	21.5
951	-1.027107	0.000000	0.159965	0.002449	21.4
952	-1.027594	0.000000	0.159965	0.002299	21.5
953	-1.027457	0.000000	0.159965	0.003149	21.5
954	-1.027229	0.000000	0.159965	0.002735	39.9
955	-1.026762	0.000000	0.159965	0.002219	23.0
956	-1.028131	0.000000	0.159965	0.003115	22.2
957	-1.026648	0.000000	0.159965	0.001900	22.2
958	-1.028031	0.000000	0.159965	0.002095	22.3
959	-1.028027	0.000000	0.159965	0.002080	24.0
960	-1.027264	0.000000	0.159965	0.002539	32.2
961	-1.027638	0.000000	0.159965	0.001949	36.9
962	-1.027757	0.000000	0.159965	0.002744	23.2
963	-1.027890	0.000000	0.159965	0.002888	22.6
964	-1.028451	0.000000	0.159965	0.004187	22.3
965	-1.027109	0.000000	0.159965	0.002150	22.5
966	-1.027486	0.000000	0.159965	0.002691	22.6
967	-1.027404	0.000000	0.159965	0.003511	22.4
968	-1.028305	0.000000	0.159965	0.002520	22.6
969	-1.027340	0.000000	0.159965	0.004398	22.1
970	-1.027720	0.000000	0.159965	0.001908	22.5
971	-1.027893	0.000000	0.159965	0.003038	24.6
972	-1.027061	0.000000	0.159965	0.002811	24.9
973	-1.028072	0.000000	0.159965	0.001923	24.8
974	-1.027436	0.000000	0.159965	0.003382	23.3
975	-1.027745	0.000000	0.159965	0.002438	22.9
976	-1.026833	0.000000	0.159965	0.001310	23.4
977	-1.027375	0.000000	0.159965	0.001729	22.6
978	-1.027459	0.000000	0.159965	0.003278	22.3
979	-1.027254	0.000000	0.159965	0.002494	22.2
980	-1.028385	0.000000	0.159965	0.002559	22.0
981	-1.028304	0.000000	0.159965	0.002903	22.0
982	-1.026618	0.000000	0.159965	0.002056	22.2
983	-1.027626	0.000000	0.159965	0.002222	41.4
984	-1.028055	0.000000	0.159965	0.002542	29.2
985	-1.027843	0.000000	0.159965	0.002579	29.6
986	-1.027566	0.000000	0.159965	0.002505	22.0
987	-1.027833	0.000000	0.159965	0.002997	23.5
988	-1.027734	0.000000	0.159965	0.003316	38.6
989	-1.026782	0.000000	0.159965	0.003069	41.0
990	-1.028136	0.000000	0.159965	0.003409	29.8
991	-1.027955	0.000000	0.159965	0.002661	21.8
992	-1.027719	0.000000	0.159965	0.001664	21.8
993	-1.026719	0.000000	0.159965	0.001733	21.5
994	-1.028367	0.000000	0.159965	0.002547	21.5
995	-1.028606	0.000000	0.159965	0.002424	21.7
996	-1.028086	0.000000	0.159965	0.003006	21.5
997	-1.027873	0.000000	0.159965	0.002939	21.5
998	-1.027823	0.000000	0.159965	0.002288	21.6
999	-1.027965	0.000000	0.159965	0.002510	21.6
