1:ItNr	2:Metric	3a:Time	3b:StepSize	4:||Gradient||	Time[ms]
0	-1.037696	0.000000	0.159965	0.002466	12.7
1	-1.037494	0.000000	0.159965	0.002383	11.0
2	-1.039339	0.000000	0.159965	0.002144	10.3
3	-1.037661	0.000000	0.159965	0.002323	10.4
4	-1.038009	0.000000	0.159965	0.002179	10.3
5	-1.038681	0.000000	0.159965	0.002305	10.3
6	-1.038026	0.000000	0.159965	0.002627	10.4
7	-1.037156	0.000000	0.159965	0.002316	10.5
8	-1.037284	0.000000	0.159965	0.002614	10.4
9	-1.036717	0.000000	0.159965	0.002517	10.4
10	-1.035657	0.000000	0.159965	0.002114	10.5
11	-1.037002	0.000000	0.159965	0.002622	10.3
12	-1.038707	0.000000	0.159965	0.002329	10.4
13	-1.037072	0.000000	0.159965	0.002571	10.6
14	-1.036488	0.000000	0.159965	0.002701	10.4
15	-1.036871	0.000000	0.159965	0.002389	10.6
16	-1.037055	0.000000	0.159965	0.002332	10.5
17	-1.036188	0.000000	0.159965	0.002087	10.5
18	-1.037696	0.000000	0.159965	0.002217	10.2
19	-1.037275	0.000000	0.159965	0.002269	10.4
20	-1.037165	0.000000	0.159965	0.002014	10.4
21	-1.036565	0.000000	0.159965	0.002470	10.3
22	-1.037103	0.000000	0.159965	0.002565	11.5
23	-1.036428	0.000000	0.159965	0.002387	10.6
24	-1.037845	0.000000	0.159965	0.002664	10.4
25	-1.036998	0.000000	0.159965	0.002397	10.5
26	-1.036095	0.000000	0.159965	0.002500	10.4
27	-1.039097	0.000000	0.159965	0.002301	10.3
28	-1.037192	0.000000	0.159965	0.002581	10.3
29	-1.038647	0.000000	0.159965	0.002090	10.4
30	-1.036458	0.000000	0.159965	0.002307	10.4
31	-1.036036	0.000000	0.159965	0.002611	10.4
32	-1.037708	0.000000	0.159965	0.002408	10.3
33	-1.037468	0.000000	0.159965	0.002387	10.5
34	-1.037547	0.000000	0.159965	0.002466	10.2
35	-1.037580	0.000000	0.159965	0.002494	10.3
36	-1.037254	0.000000	0.159965	0.002582	10.2
37	-1.038264	0.000000	0.159965	0.002495	10.2
38	-1.037720	0.000000	0.159965	0.002697	10.3
39	-1.036939	0.000000	0.159965	0.002674	10.2
40	-1.038705	0.000000	0.159965	0.002662	10.2
41	-1.036762	0.000000	0.159965	0.002486	10.3
42	-1.036693	0.000000	0.159965	0.002441	10.3
43	-1.036455	0.000000	0.159965	0.002764	10.2
44	-1.037916	0.000000	0.159965	0.002333	10.3
45	-1.037151	0.000000	0.159965	0.002334	10.2
46	-1.037016	0.000000	0.159965	0.002396	10.3
47	-1.036686	0.000000	0.159965	0.002392	10.4
48	-1.037615	0.000000	0.159965	0.002456	10.3
49	-1.037310	0.000000	0.159965	0.002485	10.3
50	-1.036873	0.000000	0.159965	0.002436	10.3
51	-1.036725	0.000000	0.159965	0.002562	10.3
52	-1.037177	0.000000	0.159965	0.002339	10.3
53	-1.037293	0.000000	0.159965	0.002257	10.3
54	-1.037818	0.000000	0.159965	0.002284	10.2
55	-1.037021	0.000000	0.159965	0.002596	10.2
56	-1.036117	0.000000	0.159965	0.002174	10.3
57	-1.037836	0.000000	0.159965	0.002345	10.4
58	-1.036764	0.000000	0.159965	0.002375	10.5
59	-1.037047	0.000000	0.159965	0.002268	10.6
60	-1.037249	0.000000	0.159965	0.002610	10.5
61	-1.034754	0.000000	0.159965	0.002446	10.4
62	-1.037490	0.000000	0.159965	0.002319	10.5
63	-1.036308	0.000000	0.159965	0.002278	10.4
64	-1.036736	0.000000	0.159965	0.002397	10.6
65	-1.038581	0.000000	0.159965	0.002398	10.4
66	-1.037791	0.000000	0.159965	0.002366	10.6
67	-1.037919	0.000000	0.159965	0.002284	10.5
68	-1.037454	0.000000	0.159965	0.002221	10.5
69	-1.035884	0.000000	0.159965	0.002230	10.4
70	-1.037217	0.000000	0.159965	0.002329	10.3
71	-1.037420	0.000000	0.159965	0.002855	10.7
72	-1.037809	0.000000	0.159965	0.002005	10.3
73	-1.036202	0.000000	0.159965	0.002378	10.4
74	-1.037150	0.000000	0.159965	0.002269	10.4
75	-1.037642	0.000000	0.159965	0.002420	10.4
76	-1.036344	0.000000	0.159965	0.002315	10.3
77	-1.036945	0.000000	0.159965	0.002432	10.4
78	-1.036597	0.000000	0.159965	0.002368	10.4
79	-1.037579	0.000000	0.159965	0.002697	10.5
80	-1.036637	0.000000	0.159965	0.002527	10.4
81	-1.036327	0.000000	0.159965	0.002568	10.5
82	-1.037162	0.000000	0.159965	0.002074	10.4
83	-1.038381	0.000000	0.159965	0.002697	10.2
84	-1.035707	0.000000	0.159965	0.002499	10.3
85	-1.039077	0.000000	0.159965	0.002479	10.3
86	-1.036233	0.000000	0.159965	0.002611	10.3
87	-1.039005	0.000000	0.159965	0.002418	10.3
88	-1.036535	0.000000	0.159965	0.002265	10.2
89	-1.037897	0.000000	0.159965	0.002351	10.2
90	-1.037184	0.000000	0.159965	0.002129	10.2
91	-1.036882	0.000000	0.159965	0.002466	10.3
92	-1.037688	0.000000	0.159965	0.002539	10.2
93	-1.037518	0.000000	0.159965	0.002546	10.3
94	-1.036479	0.000000	0.159965	0.002603	10.3
95	-1.037705	0.000000	0.159965	0.002446	10.4
96	-1.037737	0.000000	0.159965	0.002553	10.3
97	-1.037806	0.000000	0.159965	0.002266	10.2
98	-1.036877	0.000000	0.159965	0.002371	10.3
99	-1.035989	0.000000	0.159965	0.002384	10.4
100	-1.037305	0.000000	0.159965	0.002637	10.4
101	-1.036747	0.000000	0.159965	0.002522	10.2
102	-1.037497	0.000000	0.159965	0.002487	10.4
103	-1.036633	0.000000	0.159965	0.002292	10.3
104	-1.036847	0.000000	0.159965	0.002622	10.5
105	-1.036700	0.000000	0.159965	0.002238	10.3
106	-1.036070	0.000000	0.159965	0.002490	10.3
107	-1.036644	0.000000	0.159965	0.002408	10.2
108	-1.037360	0.000000	0.159965	0.002564	10.2
109	-1.036594	0.000000	0.159965	0.002693	10.3
110	-1.038220	0.000000	0.159965	0.002362	10.5
111	-1.036776	0.000000	0.159965	0.002374	10.4
112	-1.036413	0.000000	0.159965	0.002843	10.4
113	-1.036618	0.000000	0.159965	0.002394	10.3
114	-1.037393	0.000000	0.159965	0.002397	10.3
115	-1.038135	0.000000	0.159965	0.002225	10.4
116	-1.037853	0.000000	0.159965	0.002481	10.2
117	-1.038237	0.000000	0.159965	0.002547	10.5
118	-1.037444	0.000000	0.159965	0.002161	10.5
119	-1.036322	0.000000	0.159965	0.002228	10.9
120	-1.037469	0.000000	0.159965	0.002272	10.4
121	-1.039402	0.000000	0.159965	0.002468	10.4
122	-1.038183	0.000000	0.159965	0.002284	10.4
123	-1.037550	0.000000	0.159965	0.002408	10.4
124	-1.037166	0.000000	0.159965	0.002349	10.4
125	-1.037186	0.000000	0.159965	0.002245	10.6
126	-1.036954	0.000000	0.159965	0.002112	10.3
127	-1.038259	0.000000	0.159965	0.002559	10.5
128	-1.037456	0.000000	0.159965	0.002447	10.3
129	-1.037741	0.000000	0.159965	0.002346	10.4
130	-1.038486	0.000000	0.159965	0.002243	10.3
131	-1.038167	0.000000	0.159965	0.002533	10.4
132	-1.036285	0.000000	0.159965	0.002571	10.4
133	-1.035648	0.000000	0.159965	0.002018	10.4
134	-1.037551	0.000000	0.159965	0.002424	10.2
135	-1.037105	0.000000	0.159965	0.002357	10.3
136	-1.036300	0.000000	0.159965	0.002238	10.3
137	-1.038010	0.000000	0.159965	0.002322	10.3
138	-1.038171	0.000000	0.159965	0.002461	10.4
139	-1.036809	0.000000	0.159965	0.002466	10.3
140	-1.036991	0.000000	0.159965	0.002577	10.2
141	-1.037615	0.000000	0.159965	0.002452	10.3
142	-1.037137	0.000000	0.159965	0.002755	10.3
143	-1.037142	0.000000	0.159965	0.002318	11.1
144	-1.036723	0.000000	0.159965	0.002148	10.3
145	-1.036959	0.000000	0.159965	0.002255	10.2
146	-1.038307	0.000000	0.159965	0.002595	10.2
147	-1.036436	0.000000	0.159965	0.002394	10.1
148	-1.037672	0.000000	0.159965	0.002412	10.3
149	-1.037576	0.000000	0.159965	0.002486	10.3
150	-1.037132	0.000000	0.159965	0.002559	10.1
151	-1.038256	0.000000	0.159965	0.002345	10.3
152	-1.037946	0.000000	0.159965	0.002580	10.2
153	-1.037112	0.000000	0.159965	0.002313	10.2
154	-1.038388	0.000000	0.159965	0.002874	10.3
155	-1.038163	0.000000	0.159965	0.002456	10.2
156	-1.035978	0.000000	0.159965	0.002231	10.2
157	-1.037553	0.000000	0.159965	0.002570	10.2
158	-1.038313	0.000000	0.159965	0.002801	10.2
159	-1.037958	0.000000	0.159965	0.002268	10.1
160	-1.036743	0.000000	0.159965	0.002675	10.2
161	-1.036611	0.000000	0.159965	0.002638	10.3
162	-1.036058	0.000000	0.159965	0.002369	10.2
163	-1.037790	0.000000	0.159965	0.002045	10.3
164	-1.036916	0.000000	0.159965	0.002253	10.3
165	-1.037362	0.000000	0.159965	0.002275	10.2
166	-1.037431	0.000000	0.159965	0.002060	10.2
167	-1.038008	0.000000	0.159965	0.002470	10.2
168	-1.036685	0.000000	0.159965	0.002399	10.5
169	-1.037270	0.000000	0.159965	0.002375	10.2
170	-1.038126	0.000000	0.159965	0.002204	10.3
171	-1.037579	0.000000	0.159965	0.002477	10.2
172	-1.037387	0.000000	0.159965	0.002631	10.2
173	-1.038244	0.000000	0.159965	0.002231	10.1
174	-1.037687	0.000000	0.159965	0.002328	10.2
175	-1.037819	0.000000	0.159965	0.002588	10.2
176	-1.039559	0.000000	0.159965	0.002615	10.2
177	-1.036793	0.000000	0.159965	0.002432	10.3
178	-1.037158	0.000000	0.159965	0.002353	10.2
179	-1.037916	0.000000	0.159965	0.002358	10.3
180	-1.037039	0.000000	0.159965	0.002238	10.2
181	-1.037087	0.000000	0.159965	0.002518	10.2
182	-1.038714	0.000000	0.159965	0.002495	10.3
183	-1.036941	0.000000	0.159965	0.002515	10.3
184	-1.036860	0.000000	0.159965	0.002849	10.3
185	-1.036842	0.000000	0.159965	0.002313	10.3
186	-1.036538	0.000000	0.159965	0.002612	10.2
187	-1.037390	0.000000	0.159965	0.002649	10.4
188	-1.037659	0.000000	0.159965	0.002579	10.3
189	-1.037919	0.000000	0.159965	0.002592	10.4
190	-1.037158	0.000000	0.159965	0.002638	10.2
191	-1.035991	0.000000	0.159965	0.002743	10.3
192	-1.037156	0.000000	0.159965	0.002490	10.2
193	-1.037331	0.000000	0.159965	0.002456	10.4
194	-1.037853	0.000000	0.159965	0.002700	10.4
195	-1.037209	0.000000	0.159965	0.002360	10.5
196	-1.038774	0.000000	0.159965	0.002201	10.5
197	-1.037153	0.000000	0.159965	0.002242	10.6
198	-1.035716	0.000000	0.159965	0.002374	10.6
199	-1.037349	0.000000	0.159965	0.002240	10.5
200	-1.037944	0.000000	0.159965	0.002136	10.6
201	-1.037152	0.000000	0.159965	0.002180	10.7
202	-1.036812	0.000000	0.159965	0.002728	10.6
203	-1.036274	0.000000	0.159965	0.002287	10.6
204	-1.038216	0.000000	0.159965	0.002422	10.6
205	-1.037806	0.000000	0.159965	0.002205	10.5
206	-1.036028	0.000000	0.159965	0.002276	10.6
207	-1.035813	0.000000	0.159965	0.002387	17.5
208	-1.036427	0.000000	0.159965	0.002822	26.1
209	-1.037105	0.000000	0.159965	0.002494	13.0
210	-1.037193	0.000000	0.159965	0.002237	10.7
211	-1.036509	0.000000	0.159965	0.002149	10.6
212	-1.037700	0.000000	0.159965	0.002740	10.5
213	-1.036840	0.000000	0.159965	0.002052	10.6
214	-1.037682	0.000000	0.159965	0.002388	10.5
215	-1.037849	0.000000	0.159965	0.002393	10.6
216	-1.037947	0.000000	0.159965	0.002200	10.6
217	-1.037287	0.000000	0.159965	0.002181	10.6
218	-1.036643	0.000000	0.159965	0.002347	10.5
219	-1.037860	0.000000	0.159965	0.002401	10.5
220	-1.038124	0.000000	0.159965	0.002154	10.5
221	-1.037514	0.000000	0.159965	0.002663	10.2
222	-1.037855	0.000000	0.159965	0.002394	10.5
223	-1.035532	0.000000	0.159965	0.002327	10.5
224	-1.036625	0.000000	0.159965	0.002601	10.4
225	-1.037603	0.000000	0.159965	0.002446	10.5
226	-1.036973	0.000000	0.159965	0.002217	10.6
227	-1.036890	0.000000	0.159965	0.002164	10.4
228	-1.035930	0.000000	0.159965	0.002141	10.6
229	-1.036491	0.000000	0.159965	0.002592	10.6
230	-1.037166	0.000000	0.159965	0.002417	10.5
231	-1.036481	0.000000	0.159965	0.002185	10.3
232	-1.037384	0.000000	0.159965	0.002359	10.3
233	-1.036746	0.000000	0.159965	0.002162	10.2
234	-1.036575	0.000000	0.159965	0.002518	10.4
235	-1.037200	0.000000	0.159965	0.002226	10.2
236	-1.037760	0.000000	0.159965	0.002351	10.4
237	-1.038162	0.000000	0.159965	0.002541	10.3
238	-1.036866	0.000000	0.159965	0.002401	10.3
239	-1.038049	0.000000	0.159965	0.002407	10.2
240	-1.036908	0.000000	0.159965	0.002569	10.2
241	-1.036971	0.000000	0.159965	0.002724	10.1
242	-1.037522	0.000000	0.159965	0.002571	10.4
243	-1.037920	0.000000	0.159965	0.002457	10.1
244	-1.038220	0.000000	0.159965	0.002216	10.3
245	-1.037341	0.000000	0.159965	0.002219	10.2
246	-1.038324	0.000000	0.159965	0.002525	10.3
247	-1.036712	0.000000	0.159965	0.002387	10.3
248	-1.038204	0.000000	0.159965	0.002584	10.4
249	-1.038009	0.000000	0.159965	0.002074	10.3
250	-1.039068	0.000000	0.159965	0.002349	10.2
251	-1.038449	0.000000	0.159965	0.002799	10.3
252	-1.036779	0.000000	0.159965	0.002419	10.3
253	-1.037014	0.000000	0.159965	0.002298	10.2
254	-1.038007	0.000000	0.159965	0.002284	10.4
255	-1.037400	0.000000	0.159965	0.002695	10.3
256	-1.037251	0.000000	0.159965	0.002415	10.3
257	-1.037384	0.000000	0.159965	0.002041	10.5
258	-1.038300	0.000000	0.159965	0.002315	10.4
259	-1.037975	0.000000	0.159965	0.002214	10.5
260	-1.037318	0.000000	0.159965	0.002720	10.4
261	-1.037161	0.000000	0.159965	0.002324	10.4
262	-1.037083	0.000000	0.159965	0.002601	10.2
263	-1.038719	0.000000	0.159965	0.002253	10.2
264	-1.038580	0.000000	0.159965	0.002403	10.4
265	-1.037737	0.000000	0.159965	0.002134	10.4
266	-1.037043	0.000000	0.159965	0.002391	10.5
267	-1.037677	0.000000	0.159965	0.002259	10.5
268	-1.038534	0.000000	0.159965	0.002080	24.8
269	-1.038460	0.000000	0.159965	0.002323	24.9
270	-1.036942	0.000000	0.159965	0.002578	24.7
271	-1.037062	0.000000	0.159965	0.002371	16.1
272	-1.037195	0.000000	0.159965	0.002381	12.1
273	-1.037813	0.000000	0.159965	0.002532	25.9
274	-1.036124	0.000000	0.159965	0.002076	12.8
275	-1.037832	0.000000	0.159965	0.002299	10.6
276	-1.037251	0.000000	0.159965	0.002763	10.7
277	-1.037993	0.000000	0.159965	0.002373	10.5
278	-1.037375	0.000000	0.159965	0.002380	10.7
279	-1.035892	0.000000	0.159965	0.002459	10.7
280	-1.036925	0.000000	0.159965	0.002727	10.6
281	-1.037283	0.000000	0.159965	0.002330	10.6
282	-1.036298	0.000000	0.159965	0.002616	10.6
283	-1.037789	0.000000	0.159965	0.002442	10.6
284	-1.037360	0.000000	0.159965	0.002588	10.6
285	-1.038265	0.000000	0.159965	0.002404	10.5
286	-1.037362	0.000000	0.159965	0.002728	10.5
287	-1.037752	0.000000	0.159965	0.002258	10.6
288	-1.037948	0.000000	0.159965	0.002364	10.6
289	-1.038808	0.000000	0.159965	0.002362	10.6
290	-1.038581	0.000000	0.159965	0.002713	10.5
291	-1.036770	0.000000	0.159965	0.002326	10.4
292	-1.036587	0.000000	0.159965	0.002318	10.5
293	-1.036936	0.000000	0.159965	0.002328	10.5
294	-1.036594	0.000000	0.159965	0.002472	10.5
295	-1.036325	0.000000	0.159965	0.002236	10.6
296	-1.037872	0.000000	0.159965	0.002249	10.4
297	-1.038091	0.000000	0.159965	0.002047	10.6
298	-1.037820	0.000000	0.159965	0.002124	10.6
299	-1.038253	0.000000	0.159965	0.002370	10.6
300	-1.039221	0.000000	0.159965	0.002257	10.6
301	-1.037766	0.000000	0.159965	0.002452	10.4
302	-1.037606	0.000000	0.159965	0.002741	10.5
303	-1.036023	0.000000	0.159965	0.002407	10.6
304	-1.036708	0.000000	0.159965	0.002435	10.5
305	-1.036206	0.000000	0.159965	0.002453	10.6
306	-1.037761	0.000000	0.159965	0.002149	10.5
307	-1.038773	0.000000	0.159965	0.002416	10.5
308	-1.036557	0.000000	0.159965	0.002299	10.5
309	-1.036429	0.000000	0.159965	0.002283	10.5
310	-1.037486	0.000000	0.159965	0.002486	10.6
311	-1.037080	0.000000	0.159965	0.002252	10.4
312	-1.039216	0.000000	0.159965	0.002317	10.6
313	-1.037522	0.000000	0.159965	0.002554	10.5
314	-1.037390	0.000000	0.159965	0.002553	10.5
315	-1.037845	0.000000	0.159965	0.002299	10.4
316	-1.037541	0.000000	0.159965	0.002457	10.7
317	-1.038056	0.000000	0.159965	0.002457	10.7
318	-1.038106	0.000000	0.159965	0.002416	10.6
319	-1.037772	0.000000	0.159965	0.002596	10.5
320	-1.037184	0.000000	0.159965	0.002434	10.4
321	-1.037170	0.000000	0.159965	0.002610	10.6
322	-1.037139	0.000000	0.159965	0.002752	10.6
323	-1.038240	0.000000	0.159965	0.002443	10.5
324	-1.037365	0.000000	0.159965	0.002527	10.6
325	-1.037541	0.000000	0.159965	0.002374	10.5
326	-1.038466	0.000000	0.159965	0.002719	10.5
327	-1.037597	0.000000	0.159965	0.002485	10.6
328	-1.036008	0.000000	0.159965	0.002258	10.6
329	-1.037846	0.000000	0.159965	0.002157	10.5
330	-1.037427	0.000000	0.159965	0.002782	10.5
331	-1.037576	0.000000	0.159965	0.002349	10.6
332	-1.037609	0.000000	0.159965	0.002138	10.5
333	-1.038170	0.000000	0.159965	0.002476	10.5
334	-1.037074	0.000000	0.159965	0.002394	10.4
335	-1.038584	0.000000	0.159965	0.002700	10.6
336	-1.037441	0.000000	0.159965	0.002393	10.4
337	-1.037527	0.000000	0.159965	0.002349	10.6
338	-1.036626	0.000000	0.159965	0.002356	10.5
339	-1.037640	0.000000	0.159965	0.002209	10.5
340	-1.037613	0.000000	0.159965	0.002634	10.5
341	-1.037622	0.000000	0.159965	0.002261	10.4
342	-1.036810	0.000000	0.159965	0.002580	10.4
343	-1.036643	0.000000	0.159965	0.001991	10.5
344	-1.036975	0.000000	0.159965	0.002388	10.5
345	-1.038495	0.000000	0.159965	0.002287	10.3
346	-1.038066	0.000000	0.159965	0.002541	10.5
347	-1.036901	0.000000	0.159965	0.002356	10.4
348	-1.038049	0.000000	0.159965	0.002529	10.4
349	-1.036862	0.000000	0.159965	0.002302	10.4
350	-1.038653	0.000000	0.159965	0.002152	10.4
351	-1.037534	0.000000	0.159965	0.002357	10.5
352	-1.037319	0.000000	0.159965	0.002463	10.5
353	-1.037746	0.000000	0.159965	0.002522	10.6
354	-1.036650	0.000000	0.159965	0.002569	10.6
355	-1.037284	0.000000	0.159965	0.002159	10.6
356	-1.036957	0.000000	0.159965	0.002456	10.5
357	-1.037138	0.000000	0.159965	0.002488	10.5
358	-1.037071	0.000000	0.159965	0.002495	10.6
359	-1.037219	0.000000	0.159965	0.002508	10.5
360	-1.037863	0.000000	0.159965	0.002468	10.4
361	-1.037520	0.000000	0.159965	0.002281	10.5
362	-1.037066	0.000000	0.159965	0.002496	10.5
363	-1.037937	0.000000	0.159965	0.002453	10.5
364	-1.037448	0.000000	0.159965	0.002349	10.5
365	-1.037352	0.000000	0.159965	0.002168	10.5
366	-1.038444	0.000000	0.159965	0.002366	10.5
367	-1.036248	0.000000	0.159965	0.002170	10.6
368	-1.038080	0.000000	0.159965	0.002262	10.6
369	-1.037975	0.000000	0.159965	0.002526	10.5
370	-1.035952	0.000000	0.159965	0.002443	10.5
371	-1.037191	0.000000	0.159965	0.002102	10.6
372	-1.037368	0.000000	0.159965	0.002444	10.5
373	-1.037334	0.000000	0.159965	0.002370	10.5
374	-1.037654	0.000000	0.159965	0.002319	10.5
375	-1.037468	0.000000	0.159965	0.002349	10.5
376	-1.036970	0.000000	0.159965	0.002250	10.5
377	-1.036370	0.000000	0.159965	0.002473	10.6
378	-1.038263	0.000000	0.159965	0.002238	10.4
379	-1.037694	0.000000	0.159965	0.002521	10.6
380	-1.036633	0.000000	0.159965	0.002240	10.5
381	-1.037781	0.000000	0.159965	0.002246	10.6
382	-1.038868	0.000000	0.159965	0.002353	10.5
383	-1.037883	0.000000	0.159965	0.002492	10.5
384	-1.037095	0.000000	0.159965	0.002603	10.6
385	-1.036859	0.000000	0.159965	0.002632	10.5
386	-1.036552	0.000000	0.159965	0.002382	10.4
387	-1.036987	0.000000	0.159965	0.002309	10.6
388	-1.036138	0.000000	0.159965	0.002153	10.4
389	-1.037372	0.000000	0.159965	0.002671	10.4
390	-1.037964	0.000000	0.159965	0.002213	10.4
391	-1.037447	0.000000	0.159965	0.002236	10.3
392	-1.036932	0.000000	0.159965	0.002430	10.3
393	-1.037315	0.000000	0.159965	0.002497	10.5
394	-1.037088	0.000000	0.159965	0.002280	10.4
395	-1.036296	0.000000	0.159965	0.002346	10.4
396	-1.038508	0.000000	0.159965	0.002308	10.4
397	-1.036177	0.000000	0.159965	0.002315	10.6
398	-1.037437	0.000000	0.159965	0.002809	10.6
399	-1.036699	0.000000	0.159965	0.002634	10.6
400	-1.037847	0.000000	0.159965	0.002433	10.5
401	-1.039186	0.000000	0.159965	0.002371	10.5
402	-1.036728	0.000000	0.159965	0.002433	10.3
403	-1.035616	0.000000	0.159965	0.002314	10.3
404	-1.038202	0.000000	0.159965	0.002296	10.3
405	-1.037404	0.000000	0.159965	0.002324	10.4
406	-1.037697	0.000000	0.159965	0.002181	10.5
407	-1.038117	0.000000	0.159965	0.002214	10.4
408	-1.037327	0.000000	0.159965	0.002479	10.4
409	-1.038226	0.000000	0.159965	0.002708	10.5
410	-1.037769	0.000000	0.159965	0.002227	10.4
411	-1.037710	0.000000	0.159965	0.002308	10.3
412	-1.038035	0.000000	0.159965	0.002275	10.2
413	-1.039177	0.000000	0.159965	0.002526	10.3
414	-1.038886	0.000000	0.159965	0.002199	10.3
415	-1.038050	0.000000	0.159965	0.002199	10.3
416	-1.037842	0.000000	0.159965	0.002159	10.4
417	-1.039182	0.000000	0.159965	0.002242	10.3
418	-1.037457	0.000000	0.159965	0.002583	10.3
419	-1.037623	0.000000	0.159965	0.002553	10.3
420	-1.036607	0.000000	0.159965	0.002155	10.3
421	-1.036688	0.000000	0.159965	0.002636	10.4
422	-1.037983	0.000000	0.159965	0.002559	10.5
423	-1.036209	0.000000	0.159965	0.002226	10.2
424	-1.038141	0.000000	0.159965	0.002310	10.3
425	-1.038655	0.000000	0.159965	0.002197	10.5
426	-1.037926	0.000000	0.159965	0.002507	10.3
427	-1.037925	0.000000	0.159965	0.002197	10.3
428	-1.038364	0.000000	0.159965	0.002299	10.3
429	-1.036961	0.000000	0.159965	0.002436	10.4
430	-1.037061	0.000000	0.159965	0.002452	10.2
431	-1.036697	0.000000	0.159965	0.002601	10.3
432	-1.037343	0.000000	0.159965	0.002396	10.3
433	-1.038464	0.000000	0.159965	0.002364	10.4
434	-1.037863	0.000000	0.159965	0.002224	10.3
435	-1.036655	0.000000	0.159965	0.002230	10.5
436	-1.037006	0.000000	0.159965	0.002386	10.6
437	-1.038426	0.000000	0.159965	0.002479	10.5
438	-1.037305	0.000000	0.159965	0.002537	10.5
439	-1.037540	0.000000	0.159965	0.002583	10.7
440	-1.036870	0.000000	0.159965	0.002218	10.6
441	-1.037320	0.000000	0.159965	0.002432	10.6
442	-1.037770	0.000000	0.159965	0.002102	10.5
443	-1.036650	0.000000	0.159965	0.002404	10.6
444	-1.037371	0.000000	0.159965	0.002612	10.6
445	-1.037603	0.000000	0.159965	0.002607	10.6
446	-1.036115	0.000000	0.159965	0.002381	10.6
447	-1.036567	0.000000	0.159965	0.002393	10.7
448	-1.036872	0.000000	0.159965	0.002614	10.7
449	-1.036804	0.000000	0.159965	0.002551	10.7
450	-1.038297	0.000000	0.159965	0.002438	10.7
451	-1.036810	0.000000	0.159965	0.002839	10.7
452	-1.038839	0.000000	0.159965	0.002469	10.9
453	-1.037219	0.000000	0.159965	0.002375	10.7
454	-1.037028	0.000000	0.159965	0.002450	10.7
455	-1.036596	0.000000	0.159965	0.002493	10.7
456	-1.037307	0.000000	0.159965	0.002329	10.7
457	-1.036131	0.000000	0.159965	0.002186	10.6
458	-1.037391	0.000000	0.159965	0.002348	10.6
459	-1.037683	0.000000	0.159965	0.002617	10.5
460	-1.038350	0.000000	0.159965	0.002179	10.5
461	-1.037337	0.000000	0.159965	0.002498	10.5
462	-1.038327	0.000000	0.159965	0.002254	10.6
463	-1.036909	0.000000	0.159965	0.002073	10.5
464	-1.038596	0.000000	0.159965	0.002405	10.4
465	-1.036760	0.000000	0.159965	0.002222	10.4
466	-1.039589	0.000000	0.159965	0.002506	10.5
467	-1.036317	0.000000	0.159965	0.002400	10.5
468	-1.038227	0.000000	0.159965	0.002648	10.4
469	-1.038392	0.000000	0.159965	0.002179	10.3
470	-1.037755	0.000000	0.159965	0.002472	10.5
471	-1.038334	0.000000	0.159965	0.002687	10.6
472	-1.037328	0.000000	0.159965	0.002215	10.4
473	-1.037869	0.000000	0.159965	0.002293	10.3
474	-1.037942	0.000000	0.159965	0.002114	10.4
475	-1.037380	0.000000	0.159965	0.002297	10.4
476	-1.039204	0.000000	0.159965	0.002469	10.3
477	-1.037673	0.000000	0.159965	0.002409	10.2
478	-1.038016	0.000000	0.159965	0.002459	10.3
479	-1.036482	0.000000	0.159965	0.002525	10.4
480	-1.037067	0.000000	0.159965	0.002364	10.3
481	-1.038414	0.000000	0.159965	0.002488	10.3
482	-1.036922	0.000000	0.159965	0.002521	10.3
483	-1.037993	0.000000	0.159965	0.002474	10.3
484	-1.037698	0.000000	0.159965	0.002589	10.3
485	-1.037424	0.000000	0.159965	0.002729	10.3
486	-1.037432	0.000000	0.159965	0.002756	10.3
487	-1.037288	0.000000	0.159965	0.002397	10.2
488	-1.038206	0.000000	0.159965	0.002175	10.3
489	-1.037856	0.000000	0.159965	0.001999	10.4
490	-1.038736	0.000000	0.159965	0.002552	10.3
491	-1.037216	0.000000	0.159965	0.002273	10.2
492	-1.036605	0.000000	0.159965	0.002609	10.4
493	-1.037613	0.000000	0.159965	0.002046	10.3
494	-1.038635	0.000000	0.159965	0.002344	10.2
495	-1.037811	0.000000	0.159965	0.002628	10.3
496	-1.038815	0.000000	0.159965	0.002147	10.2
497	-1.036371	0.000000	0.159965	0.002608	10.3
498	-1.037558	0.000000	0.159965	0.002713	10.3
499	-1.036492	0.000000	0.159965	0.002184	10.2
500	-1.038034	0.000000	0.159965	0.002623	10.3
501	-1.037466	0.000000	0.159965	0.002312	10.2
502	-1.039488	0.000000	0.159965	0.002186	10.3
503	-1.036994	0.000000	0.159965	0.002316	10.3
504	-1.036590	0.000000	0.159965	0.002402	10.6
505	-1.037716	0.000000	0.159965	0.002339	10.7
506	-1.037143	0.000000	0.159965	0.002944	10.3
507	-1.037174	0.000000	0.159965	0.002665	10.4
508	-1.037687	0.000000	0.159965	0.002204	10.5
509	-1.037177	0.000000	0.159965	0.002252	10.5
510	-1.037198	0.000000	0.159965	0.002343	10.6
511	-1.036990	0.000000	0.159965	0.002485	10.7
512	-1.037950	0.000000	0.159965	0.002520	10.7
513	-1.038307	0.000000	0.159965	0.002631	10.6
514	-1.036860	0.000000	0.159965	0.002391	10.5
515	-1.037309	0.000000	0.159965	0.002311	10.6
516	-1.037536	0.000000	0.159965	0.002054	10.6
517	-1.038551	0.000000	0.159965	0.002514	10.5
518	-1.037791	0.000000	0.159965	0.002393	10.5
519	-1.036917	0.000000	0.159965	0.002523	10.5
520	-1.037199	0.000000	0.159965	0.002213	10.8
521	-1.038678	0.000000	0.159965	0.002399	10.6
522	-1.037831	0.000000	0.159965	0.002392	10.6
523	-1.037993	0.000000	0.159965	0.002629	10.5
524	-1.038377	0.000000	0.159965	0.002324	10.4
525	-1.039105	0.000000	0.159965	0.002363	10.4
526	-1.038845	0.000000	0.159965	0.002285	10.6
527	-1.036974	0.000000	0.159965	0.002331	10.5
528	-1.037814	0.000000	0.159965	0.002383	10.5
529	-1.037433	0.000000	0.159965	0.002515	10.5
530	-1.038514	0.000000	0.159965	0.002595	10.5
531	-1.037463	0.000000	0.159965	0.002502	10.6
532	-1.038463	0.000000	0.159965	0.002384	10.6
533	-1.036856	0.000000	0.159965	0.002259	10.6
534	-1.037561	0.000000	0.159965	0.002780	10.4
535	-1.037572	0.000000	0.159965	0.002395	10.4
536	-1.036671	0.000000	0.159965	0.002299	10.5
537	-1.038109	0.000000	0.159965	0.002613	10.5
538	-1.037067	0.000000	0.159965	0.002620	10.5
539	-1.036606	0.000000	0.159965	0.002307	10.4
540	-1.038812	0.000000	0.159965	0.002130	10.4
541	-1.037085	0.000000	0.159965	0.002624	10.5
542	-1.037495	0.000000	0.159965	0.002228	10.4
543	-1.038615	0.000000	0.159965	0.002174	10.4
544	-1.037861	0.000000	0.159965	0.002290	10.4
545	-1.037575	0.000000	0.159965	0.002306	10.5
546	-1.037969	0.000000	0.159965	0.002205	10.3
547	-1.038224	0.000000	0.159965	0.002281	10.3
548	-1.038351	0.000000	0.159965	0.002220	10.3
549	-1.038039	0.000000	0.159965	0.002304	10.4
550	-1.036666	0.000000	0.159965	0.002566	10.3
551	-1.036285	0.000000	0.159965	0.002312	10.4
552	-1.038258	0.000000	0.159965	0.002424	10.2
553	-1.038140	0.000000	0.159965	0.002526	10.4
554	-1.037315	0.000000	0.159965	0.002185	10.3
555	-1.039141	0.000000	0.159965	0.002444	10.4
556	-1.037825	0.000000	0.159965	0.002218	10.3
557	-1.039274	0.000000	0.159965	0.002517	10.4
558	-1.036999	0.000000	0.159965	0.002378	10.3
559	-1.037601	0.000000	0.159965	0.002491	10.4
560	-1.038462	0.000000	0.159965	0.002445	10.3
561	-1.037443	0.000000	0.159965	0.002598	10.4
562	-1.038852	0.000000	0.159965	0.002568	10.3
563	-1.038963	0.000000	0.159965	0.002228	10.4
564	-1.037180	0.000000	0.159965	0.002320	10.3
565	-1.037685	0.000000	0.159965	0.002340	10.2
566	-1.036666	0.000000	0.159965	0.002619	10.2
567	-1.038462	0.000000	0.159965	0.002392	10.3
568	-1.038138	0.000000	0.159965	0.002827	10.4
569	-1.038179	0.000000	0.159965	0.002379	10.4
570	-1.037273	0.000000	0.159965	0.002196	10.4
571	-1.037971	0.000000	0.159965	0.002472	10.5
572	-1.038229	0.000000	0.159965	0.002415	10.3
573	-1.035954	0.000000	0.159965	0.002853	10.4
574	-1.038347	0.000000	0.159965	0.002196	10.4
575	-1.036698	0.000000	0.159965	0.003126	10.5
576	-1.038889	0.000000	0.159965	0.002522	10.5
577	-1.037030	0.000000	0.159965	0.002429	10.3
578	-1.038022	0.000000	0.159965	0.002329	10.3
579	-1.038756	0.000000	0.159965	0.002463	10.4
580	-1.036264	0.000000	0.159965	0.002571	10.3
581	-1.037458	0.000000	0.159965	0.002861	10.4
582	-1.036881	0.000000	0.159965	0.002477	10.4
583	-1.036393	0.000000	0.159965	0.002258	10.4
584	-1.037258	0.000000	0.159965	0.002583	10.5
585	-1.038396	0.000000	0.159965	0.002424	10.4
586	-1.037217	0.000000	0.159965	0.002405	10.5
587	-1.037291	0.000000	0.159965	0.002256	10.5
588	-1.037856	0.000000	0.159965	0.002181	10.6
589	-1.038600	0.000000	0.159965	0.002186	10.7
590	-1.038123	0.000000	0.159965	0.002381	10.6
591	-1.037622	0.000000	0.159965	0.002264	17.3
592	-1.037277	0.000000	0.159965	0.002262	15.7
593	-1.037833	0.000000	0.159965	0.002470	20.2
594	-1.037919	0.000000	0.159965	0.002430	11.1
595	-1.038686	0.000000	0.159965	0.002485	10.8
596	-1.037147	0.000000	0.159965	0.002246	11.4
597	-1.036982	0.000000	0.159965	0.002341	21.5
598	-1.038621	0.000000	0.159965	0.002236	12.2
599	-1.037280	0.000000	0.159965	0.001988	10.5
600	-1.037945	0.000000	0.159965	0.002164	10.4
601	-1.038669	0.000000	0.159965	0.002343	10.6
602	-1.038202	0.000000	0.159965	0.002362	12.7
603	-1.038011	0.000000	0.159965	0.002614	20.4
604	-1.037026	0.000000	0.159965	0.002134	11.0
605	-1.038354	0.000000	0.159965	0.002513	10.3
606	-1.039397	0.000000	0.159965	0.002616	10.4
607	-1.038657	0.000000	0.159965	0.002415	10.4
608	-1.037327	0.000000	0.159965	0.002318	10.4
609	-1.037749	0.000000	0.159965	0.002209	10.4
610	-1.037113	0.000000	0.159965	0.002357	10.4
611	-1.039113	0.000000	0.159965	0.002673	10.5
612	-1.037507	0.000000	0.159965	0.002456	10.4
613	-1.037579	0.000000	0.159965	0.002232	10.4
614	-1.037110	0.000000	0.159965	0.002176	10.4
615	-1.037199	0.000000	0.159965	0.002039	10.5
616	-1.037310	0.000000	0.159965	0.002246	10.4
617	-1.036297	0.000000	0.159965	0.002602	10.6
618	-1.037806	0.000000	0.159965	0.002441	10.4
619	-1.037890	0.000000	0.159965	0.002342	10.3
620	-1.037088	0.000000	0.159965	0.002525	10.3
621	-1.037662	0.000000	0.159965	0.002319	10.4
622	-1.037450	0.000000	0.159965	0.002505	10.5
623	-1.036388	0.000000	0.159965	0.002301	10.3
624	-1.038818	0.000000	0.159965	0.002419	10.4
625	-1.038215	0.000000	0.159965	0.002401	10.3
626	-1.038211	0.000000	0.159965	0.002351	10.4
627	-1.037439	0.000000	0.159965	0.002104	10.4
628	-1.037672	0.000000	0.159965	0.002769	10.4
629	-1.038567	0.000000	0.159965	0.002475	10.5
630	-1.037151	0.000000	0.159965	0.002418	10.5
631	-1.038261	0.000000	0.159965	0.002761	10.5
632	-1.037459	0.000000	0.159965	0.002278	10.3
633	-1.037923	0.000000	0.159965	0.002339	10.3
634	-1.037781	0.000000	0.159965	0.002665	10.4
635	-1.037099	0.000000	0.159965	0.002440	10.4
636	-1.039717	0.000000	0.159965	0.002447	10.3
637	-1.038065	0.000000	0.159965	0.002329	10.4
638	-1.038575	0.000000	0.159965	0.002417	10.4
639	-1.037700	0.000000	0.159965	0.002542	10.4
640	-1.038530	0.000000	0.159965	0.002800	10.5
641	-1.038256	0.000000	0.159965	0.002364	10.5
642	-1.036804	0.000000	0.159965	0.002224	10.5
643	-1.037646	0.000000	0.159965	0.002378	10.3
644	-1.038407	0.000000	0.159965	0.002742	10.4
645	-1.038291	0.000000	0.159965	0.002500	10.5
646	-1.037062	0.000000	0.159965	0.002339	10.4
647	-1.036796	0.000000	0.159965	0.002227	10.6
648	-1.037990	0.000000	0.159965	0.002121	10.4
649	-1.037592	0.000000	0.159965	0.002349	10.4
650	-1.036833	0.000000	0.159965	0.002255	10.3
651	-1.038171	0.000000	0.159965	0.002349	10.4
652	-1.038689	0.000000	0.159965	0.002356	10.3
653	-1.038225	0.000000	0.159965	0.002448	10.3
654	-1.037228	0.000000	0.159965	0.002358	10.2
655	-1.037808	0.000000	0.159965	0.002217	10.4
656	-1.038270	0.000000	0.159965	0.002162	10.3
657	-1.037700	0.000000	0.159965	0.002480	10.3
658	-1.037611	0.000000	0.159965	0.002426	10.2
659	-1.038086	0.000000	0.159965	0.002070	10.3
660	-1.038803	0.000000	0.159965	0.002535	10.3
661	-1.038139	0.000000	0.159965	0.002496	10.3
662	-1.038692	0.000000	0.159965	0.002425	10.2
663	-1.039293	0.000000	0.159965	0.002722	10.2
664	-1.037426	0.000000	0.159965	0.002461	10.3
665	-1.037731	0.000000	0.159965	0.002368	10.3
666	-1.038088	0.000000	0.159965	0.002425	10.5
667	-1.036782	0.000000	0.159965	0.002187	10.4
668	-1.038775	0.000000	0.159965	0.002575	10.5
669	-1.038061	0.000000	0.159965	0.002507	10.4
670	-1.036637	0.000000	0.159965	0.002688	10.3
671	-1.037392	0.000000	0.159965	0.002227	10.2
672	-1.039162	0.000000	0.159965	0.002141	10.4
673	-1.038275	0.000000	0.159965	0.002566	10.4
674	-1.037847	0.000000	0.159965	0.002594	10.2
675	-1.037539	0.000000	0.159965	0.002611	10.2
676	-1.037658	0.000000	0.159965	0.002431	10.4
677	-1.037961	0.000000	0.159965	0.002309	10.4
678	-1.037825	0.000000	0.159965	0.002133	10.6
679	-1.037525	0.000000	0.159965	0.002321	10.5
680	-1.038554	0.000000	0.159965	0.002222	10.2
681	-1.038163	0.000000	0.159965	0.002425	10.2
682	-1.039157	0.000000	0.159965	0.002398	10.2
683	-1.037247	0.000000	0.159965	0.002424	10.2
684	-1.037894	0.000000	0.159965	0.002161	10.2
685	-1.037240	0.000000	0.159965	0.002513	10.3
686	-1.038159	0.000000	0.159965	0.002348	10.5
687	-1.037516	0.000000	0.159965	0.002536	10.2
688	-1.039265	0.000000	0.159965	0.002103	10.4
689	-1.037446	0.000000	0.159965	0.002395	10.3
690	-1.037306	0.000000	0.159965	0.002586	10.3
691	-1.038129	0.000000	0.159965	0.002227	10.3
692	-1.037332	0.000000	0.159965	0.002133	10.5
693	-1.037885	0.000000	0.159965	0.002668	10.4
694	-1.037315	0.000000	0.159965	0.002462	10.4
695	-1.038970	0.000000	0.159965	0.002308	10.3
696	-1.037315	0.000000	0.159965	0.002185	10.4
697	-1.038359	0.000000	0.159965	0.002666	10.3
698	-1.037597	0.000000	0.159965	0.002451	10.4
699	-1.037164	0.000000	0.159965	0.002402	10.3
700	-1.037258	0.000000	0.159965	0.002320	10.4
701	-1.038196	0.000000	0.159965	0.002135	10.2
702	-1.038219	0.000000	0.159965	0.002484	10.2
703	-1.037707	0.000000	0.159965	0.002075	10.3
704	-1.038271	0.000000	0.159965	0.002262	10.3
705	-1.037526	0.000000	0.159965	0.002306	10.5
706	-1.038006	0.000000	0.159965	0.002494	10.4
707	-1.038194	0.000000	0.159965	0.002685	10.6
708	-1.037958	0.000000	0.159965	0.002291	10.3
709	-1.037807	0.000000	0.159965	0.002206	10.3
710	-1.037206	0.000000	0.159965	0.002713	10.2
711	-1.037054	0.000000	0.159965	0.002467	10.3
712	-1.038965	0.000000	0.159965	0.002360	10.3
713	-1.036987	0.000000	0.159965	0.002336	10.3
714	-1.036865	0.000000	0.159965	0.002418	10.3
715	-1.038131	0.000000	0.159965	0.002800	10.4
716	-1.039337	0.000000	0.159965	0.002355	10.3
717	-1.037765	0.000000	0.159965	0.002616	10.4
718	-1.038627	0.000000	0.159965	0.002575	10.2
719	-1.037837	0.000000	0.159965	0.002510	10.2
720	-1.037926	0.000000	0.159965	0.002364	10.3
721	-1.038141	0.000000	0.159965	0.002419	10.2
722	-1.037831	0.000000	0.159965	0.002534	10.2
723	-1.036911	0.000000	0.159965	0.002243	10.4
724	-1.037533	0.000000	0.159965	0.002542	10.2
725	-1.037403	0.000000	0.159965	0.002539	10.3
726	-1.037371	0.000000	0.159965	0.002671	10.3
727	-1.037199	0.000000	0.159965	0.002429	10.3
728	-1.037190	0.000000	0.159965	0.002406	10.3
729	-1.037546	0.000000	0.159965	0.002171	10.3
730	-1.036975	0.000000	0.159965	0.002198	10.2
731	-1.036901	0.000000	0.159965	0.002566	10.3
732	-1.038113	0.000000	0.159965	0.002262	10.3
733	-1.039314	0.000000	0.159965	0.002612	10.3
734	-1.036162	0.000000	0.159965	0.002062	10.3
735	-1.037921	0.000000	0.159965	0.002296	10.5
736	-1.037824	0.000000	0.159965	0.002612	10.4
737	-1.038122	0.000000	0.159965	0.002348	10.3
738	-1.038576	0.000000	0.159965	0.002092	10.4
739	-1.038815	0.000000	0.159965	0.002301	10.5
740	-1.039684	0.000000	0.159965	0.002447	10.3
741	-1.038773	0.000000	0.159965	0.002616	10.5
742	-1.036662	0.000000	0.159965	0.002717	10.5
743	-1.038172	0.000000	0.159965	0.002344	10.6
744	-1.036659	0.000000	0.159965	0.002331	10.2
745	-1.036974	0.000000	0.159965	0.002232	10.5
746	-1.036566	0.000000	0.159965	0.002279	10.5
747	-1.037364	0.000000	0.159965	0.002198	10.3
748	-1.038957	0.000000	0.159965	0.002175	10.3
749	-1.037753	0.000000	0.159965	0.002537	10.3
750	-1.037658	0.000000	0.159965	0.002597	10.2
751	-1.038442	0.000000	0.159965	0.002367	10.2
752	-1.038354	0.000000	0.159965	0.002728	10.2
753	-1.037775	0.000000	0.159965	0.002342	10.3
754	-1.038562	0.000000	0.159965	0.002164	10.3
755	-1.038404	0.000000	0.159965	0.002270	10.3
756	-1.036725	0.000000	0.159965	0.002581	10.3
757	-1.039297	0.000000	0.159965	0.002461	10.3
758	-1.036595	0.000000	0.159965	0.002666	10.3
759	-1.037598	0.000000	0.159965	0.002632	10.4
760	-1.037233	0.000000	0.159965	0.002513	10.3
761	-1.037763	0.000000	0.159965	0.002405	10.3
762	-1.038416	0.000000	0.159965	0.002291	10.3
763	-1.037787	0.000000	0.159965	0.002104	10.5
764	-1.039117	0.000000	0.159965	0.002424	10.3
765	-1.037923	0.000000	0.159965	0.002082	10.4
766	-1.038941	0.000000	0.159965	0.002729	10.4
767	-1.037618	0.000000	0.159965	0.002394	10.4
768	-1.037893	0.000000	0.159965	0.002347	10.4
769	-1.038010	0.000000	0.159965	0.002330	10.4
770	-1.039111	0.000000	0.159965	0.002557	10.2
771	-1.037432	0.000000	0.159965	0.002203	10.3
772	-1.037242	0.000000	0.159965	0.002350	10.4
773	-1.038318	0.000000	0.159965	0.002357	10.3
774	-1.037513	0.000000	0.159965	0.002256	10.2
775	-1.038246	0.000000	0.159965	0.002437	10.3
776	-1.036744	0.000000	0.159965	0.002415	10.5
777	-1.037897	0.000000	0.159965	0.002223	10.5
778	-1.037317	0.000000	0.159965	0.002326	10.5
779	-1.039105	0.000000	0.159965	0.002480	10.4
780	-1.038919	0.000000	0.159965	0.002712	10.3
781	-1.037212	0.000000	0.159965	0.002278	10.4
782	-1.037804	0.000000	0.159965	0.002211	10.3
783	-1.037538	0.000000	0.159965	0.002059	10.3
784	-1.037923	0.000000	0.159965	0.002654	10.5
785	-1.037600	0.000000	0.159965	0.002462	10.4
786	-1.037869	0.000000	0.159965	0.002502	10.3
787	-1.037485	0.000000	0.159965	0.002323	10.3
788	-1.037871	0.000000	0.159965	0.002382	10.1
789	-1.037307	0.000000	0.159965	0.002401	10.3
790	-1.037751	0.000000	0.159965	0.002215	10.1
791	-1.036818	0.000000	0.159965	0.002367	10.3
792	-1.037789	0.000000	0.159965	0.002298	10.2
793	-1.037967	0.000000	0.159965	0.002322	10.4
794	-1.038069	0.000000	0.159965	0.002380	10.3
795	-1.037969	0.000000	0.159965	0.002157	10.2
796	-1.038289	0.000000	0.159965	0.002683	10.2
797	-1.037800	0.000000	0.159965	0.002456	10.4
798	-1.038179	0.000000	0.159965	0.002543	10.3
799	-1.037347	0.000000	0.159965	0.002106	10.2
800	-1.039667	0.000000	0.159965	0.002314	10.2
801	-1.038667	0.000000	0.159965	0.002554	10.6
802	-1.038426	0.000000	0.159965	0.002423	11.0
803	-1.038019	0.000000	0.159965	0.002036	10.4
804	-1.038395	0.000000	0.159965	0.002504	10.3
805	-1.038090	0.000000	0.159965	0.002779	10.3
806	-1.038059	0.000000	0.159965	0.002175	10.2
807	-1.038183	0.000000	0.159965	0.002372	10.2
808	-1.038178	0.000000	0.159965	0.002660	10.4
809	-1.039323	0.000000	0.159965	0.002411	10.5
810	-1.038976	0.000000	0.159965	0.002562	10.5
811	-1.036365	0.000000	0.159965	0.002524	10.4
812	-1.037792	0.000000	0.159965	0.002305	12.8
813	-1.037807	0.000000	0.159965	0.002277	15.9
814	-1.039855	0.000000	0.159965	0.002546	10.5
815	-1.037293	0.000000	0.159965	0.002521	17.3
816	-1.037914	0.000000	0.159965	0.002556	14.4
817	-1.037859	0.000000	0.159965	0.002272	10.9
818	-1.036953	0.000000	0.159965	0.002347	10.5
819	-1.038785	0.000000	0.159965	0.002419	10.7
820	-1.037488	0.000000	0.159965	0.002334	10.6
821	-1.037661	0.000000	0.159965	0.002620	10.4
822	-1.036757	0.000000	0.159965	0.002524	20.4
823	-1.038236	0.000000	0.159965	0.002426	14.9
824	-1.039214	0.000000	0.159965	0.002331	15.2
825	-1.038631	0.000000	0.159965	0.002254	13.2
826	-1.037971	0.000000	0.159965	0.002400	10.5
827	-1.038051	0.000000	0.159965	0.002046	10.4
828	-1.038213	0.000000	0.159965	0.002259	10.3
829	-1.039589	0.000000	0.159965	0.002565	10.3
830	-1.036825	0.000000	0.159965	0.002273	10.3
831	-1.037955	0.000000	0.159965	0.002426	10.4
832	-1.037807	0.000000	0.159965	0.002239	10.4
833	-1.038607	0.000000	0.159965	0.002341	10.3
834	-1.039266	0.000000	0.159965	0.002336	10.2
835	-1.035914	0.000000	0.159965	0.002086	10.2
836	-1.037840	0.000000	0.159965	0.002492	10.4
837	-1.038235	0.000000	0.159965	0.002031	10.5
838	-1.036944	0.000000	0.159965	0.001998	10.4
839	-1.038304	0.000000	0.159965	0.002171	10.4
840	-1.038360	0.000000	0.159965	0.002680	10.5
841	-1.037167	0.000000	0.159965	0.002781	10.5
842	-1.038645	0.000000	0.159965	0.002624	10.4
843	-1.037703	0.000000	0.159965	0.002565	10.3
844	-1.037683	0.000000	0.159965	0.002422	10.3
845	-1.038636	0.000000	0.159965	0.002301	10.4
846	-1.039037	0.000000	0.159965	0.002161	10.5
847	-1.038413	0.000000	0.159965	0.002528	10.4
848	-1.037639	0.000000	0.159965	0.002683	10.4
849	-1.037692	0.000000	0.159965	0.002447	10.3
850	-1.039532	0.000000	0.159965	0.002582	10.4
851	-1.037800	0.000000	0.159965	0.002325	10.5
852	-1.038847	0.000000	0.159965	0.002321	10.3
853	-1.037376	0.000000	0.159965	0.002481	10.4
854	-1.039162	0.000000	0.159965	0.002345	10.3
855	-1.038511	0.000000	0.159965	0.002275	10.4
856	-1.039122	0.000000	0.159965	0.002435	10.4
857	-1.036938	0.000000	0.159965	0.002311	10.4
858	-1.037709	0.000000	0.159965	0.002166	10.3
859	-1.038500	0.000000	0.159965	0.002518	10.5
860	-1.038705	0.000000	0.159965	0.002251	10.4
861	-1.038149	0.000000	0.159965	0.002649	10.4
862	-1.037757	0.000000	0.159965	0.002379	10.3
863	-1.036878	0.000000	0.159965	0.002283	10.4
864	-1.038474	0.000000	0.159965	0.002623	10.3
865	-1.037844	0.000000	0.159965	0.002421	10.4
866	-1.038935	0.000000	0.159965	0.002403	10.3
867	-1.038557	0.000000	0.159965	0.002354	10.6
868	-1.037721	0.000000	0.159965	0.002260	10.3
869	-1.038621	0.000000	0.159965	0.002790	10.4
870	-1.037269	0.000000	0.159965	0.002112	10.5
871	-1.036976	0.000000	0.159965	0.002171	10.4
872	-1.038189	0.000000	0.159965	0.002535	10.5
873	-1.038882	0.000000	0.159965	0.002248	10.5
874	-1.038257	0.000000	0.159965	0.002487	10.4
875	-1.037868	0.000000	0.159965	0.002632	10.5
876	-1.036969	0.000000	0.159965	0.002080	10.2
877	-1.038749	0.000000	0.159965	0.002394	10.5
878	-1.037056	0.000000	0.159965	0.002167	10.2
879	-1.038500	0.000000	0.159965	0.002099	10.4
880	-1.037521	0.000000	0.159965	0.002618	10.5
881	-1.037397	0.000000	0.159965	0.002147	10.3
882	-1.037434	0.000000	0.159965	0.002566	10.3
883	-1.038797	0.000000	0.159965	0.002144	10.3
884	-1.038668	0.000000	0.159965	0.002172	10.4
885	-1.037120	0.000000	0.159965	0.002381	10.5
886	-1.036654	0.000000	0.159965	0.002401	10.2
887	-1.037887	0.000000	0.159965	0.002386	10.4
888	-1.038533	0.000000	0.159965	0.002299	10.4
889	-1.037388	0.000000	0.159965	0.002064	10.4
890	-1.037956	0.000000	0.159965	0.002471	10.1
891	-1.038306	0.000000	0.159965	0.002622	10.4
892	-1.037170	0.000000	0.159965	0.002318	10.3
893	-1.038018	0.000000	0.159965	0.002740	10.3
894	-1.038981	0.000000	0.159965	0.002465	10.2
895	-1.038457	0.000000	0.159965	0.002663	10.3
896	-1.037479	0.000000	0.159965	0.002384	10.3
897	-1.037532	0.000000	0.159965	0.002013	10.4
898	-1.037729	0.000000	0.159965	0.002318	10.3
899	-1.037757	0.000000	0.159965	0.002585	10.4
900	-1.039001	0.000000	0.159965	0.002221	10.4
901	-1.037736	0.000000	0.159965	0.002508	10.5
902	-1.038397	0.000000	0.159965	0.002358	10.4
903	-1.038367	0.000000	0.159965	0.002226	10.4
904	-1.036933	0.000000	0.159965	0.002283	10.3
905	-1.037276	0.000000	0.159965	0.002356	10.3
906	-1.038503	0.000000	0.159965	0.002323	10.5
907	-1.038054	0.000000	0.159965	0.002263	10.4
908	-1.038551	0.000000	0.159965	0.003084	10.3
909	-1.037022	0.000000	0.159965	0.002353	10.3
910	-1.036858	0.000000	0.159965	0.002717	10.2
911	-1.037851	0.000000	0.159965	0.002353	10.3
912	-1.037658	0.000000	0.159965	0.002320	10.3
913	-1.037499	0.000000	0.159965	0.002419	10.2
914	-1.038860	0.000000	0.159965	0.002338	10.2
915	-1.037367	0.000000	0.159965	0.002530	10.2
916	-1.038216	0.000000	0.159965	0.002667	10.2
917	-1.039214	0.000000	0.159965	0.002424	10.2
918	-1.038329	0.000000	0.159965	0.002363	10.1
919	-1.037744	0.000000	0.159965	0.002554	10.2
920	-1.037603	0.000000	0.159965	0.002310	10.2
921	-1.038079	0.000000	0.159965	0.002599	10.2
922	-1.037757	0.000000	0.159965	0.002578	10.3
923	-1.038406	0.000000	0.159965	0.002147	10.2
924	-1.037048	0.000000	0.159965	0.002633	10.3
925	-1.037996	0.000000	0.159965	0.002400	10.2
926	-1.040098	0.000000	0.159965	0.002174	10.3
927	-1.038779	0.000000	0.159965	0.002209	10.2
928	-1.037016	0.000000	0.159965	0.002293	10.2
929	-1.038577	0.000000	0.159965	0.002458	10.2
930	-1.037645	0.000000	0.159965	0.002138	10.2
931	-1.037712	0.000000	0.159965	0.002534	10.1
932	-1.037794	0.000000	0.159965	0.002230	10.3
933	-1.039265	0.000000	0.159965	0.002398	10.2
934	-1.037980	0.000000	0.159965	0.002442	10.3
935	-1.036880	0.000000	0.159965	0.002009	10.3
936	-1.038841	0.000000	0.159965	0.002153	10.3
937	-1.037139	0.000000	0.159965	0.002089	10.2
938	-1.038515	0.000000	0.159965	0.002563	10.3
939	-1.037874	0.000000	0.159965	0.002043	10.7
940	-1.037990	0.000000	0.159965	0.002142	10.3
941	-1.037795	0.000000	0.159965	0.002487	10.4
942	-1.037227	0.000000	0.159965	0.002823	10.2
943	-1.038065	0.000000	0.159965	0.002515	10.2
944	-1.038045	0.000000	0.159965	0.002465	10.3
945	-1.036981	0.000000	0.159965	0.002569	10.2
946	-1.037086	0.000000	0.159965	0.002139	10.2
947	-1.036876	0.000000	0.159965	0.002447	10.3
948	-1.037446	0.000000	0.159965	0.002535	10.3
949	-1.037496	0.000000	0.159965	0.002413	10.2
950	-1.038559	0.000000	0.159965	0.002505	10.3
951	-1.038267	0.000000	0.159965	0.002182	10.4
952	-1.038203	0.000000	0.159965	0.002799	10.3
953	-1.038213	0.000000	0.159965	0.002088	10.3
954	-1.037981	0.000000	0.159965	0.002221	10.4
955	-1.036045	0.000000	0.159965	0.002574	10.4
956	-1.039119	0.000000	0.159965	0.002196	10.4
957	-1.037744	0.000000	0.159965	0.002527	10.3
958	-1.037033	0.000000	0.159965	0.002223	10.4
959	-1.037461	0.000000	0.159965	0.002186	10.4
960	-1.038015	0.000000	0.159965	0.002312	10.4
961	-1.038050	0.000000	0.159965	0.002258	10.4
962	-1.037626	0.000000	0.159965	0.002530	10.4
963	-1.037985	0.000000	0.159965	0.002307	10.4
964	-1.039017	0.000000	0.159965	0.002482	10.4
965	-1.037722	0.000000	0.159965	0.002162	10.4
966	-1.038013	0.000000	0.159965	0.002491	10.5
967	-1.038182	0.000000	0.159965	0.002196	10.4
968	-1.037573	0.000000	0.159965	0.002299	10.5
969	-1.037157	0.000000	0.159965	0.002739	10.3
970	-1.037646	0.000000	0.159965	0.002683	10.4
971	-1.038108	0.000000	0.159965	0.002777	10.3
972	-1.037123	0.000000	0.159965	0.002621	10.4
973	-1.037259	0.000000	0.159965	0.002144	10.3
974	-1.038645	0.000000	0.159965	0.002666	10.4
975	-1.038536	0.000000	0.159965	0.002496	10.4
976	-1.038072	0.000000	0.159965	0.002100	10.5
977	-1.037876	0.000000	0.159965	0.002457	10.2
978	-1.038844	0.000000	0.159965	0.002470	10.3
979	-1.038416	0.000000	0.159965	0.002369	10.2
980	-1.038486	0.000000	0.159965	0.002164	10.3
981	-1.038378	0.000000	0.159965	0.002342	10.3
982	-1.038907	0.000000	0.159965	0.002370	10.3
983	-1.037365	0.000000	0.159965	0.002380	10.3
984	-1.037493	0.000000	0.159965	0.002209	10.5
985	-1.037789	0.000000	0.159965	0.002206	10.4
986	-1.037029	0.000000	0.159965	0.002644	10.3
987	-1.038644	0.000000	0.159965	0.002627	10.3
988	-1.038543	0.000000	0.159965	0.002460	10.3
989	-1.036777	0.000000	0.159965	0.002418	10.3
990	-1.038651	0.000000	0.159965	0.002305	10.3
991	-1.037847	0.000000	0.159965	0.002564	10.3
992	-1.038536	0.000000	0.159965	0.002260	10.4
993	-1.037709	0.000000	0.159965	0.002423	10.4
994	-1.037786	0.000000	0.159965	0.002455	10.3
995	-1.038992	0.000000	0.159965	0.002189	10.2
996	-1.037043	0.000000	0.159965	0.002191	10.3
997	-1.038372	0.000000	0.159965	0.002913	10.3
998	-1.036970	0.000000	0.159965	0.002054	10.2
999	-1.038430	0.000000	0.159965	0.002185	10.2
