1:ItNr	2:Metric	3a:Time	3b:StepSize	4:||Gradient||	Time[ms]
0	-1.018524	0.000000	0.159965	0.002187	75.6
1	-1.019334	0.000000	0.159965	0.002867	15.7
2	-1.018388	0.000000	0.159965	0.002063	15.6
3	-1.018728	0.000000	0.159965	0.002046	15.4
4	-1.020451	0.000000	0.159965	0.002173	14.7
5	-1.018141	0.000000	0.159965	0.002025	14.3
6	-1.017951	0.000000	0.159965	0.002485	14.3
7	-1.020303	0.000000	0.159965	0.002654	15.6
8	-1.019318	0.000000	0.159965	0.001769	16.8
9	-1.018722	0.000000	0.159965	0.002805	16.6
10	-1.018742	0.000000	0.159965	0.002653	16.4
11	-1.018035	0.000000	0.159965	0.001944	15.7
12	-1.019828	0.000000	0.159965	0.002253	15.1
13	-1.021059	0.000000	0.159965	0.002622	15.0
14	-1.018910	0.000000	0.159965	0.002445	15.1
15	-1.019763	0.000000	0.159965	0.002640	15.4
16	-1.018676	0.000000	0.159965	0.002510	15.1
17	-1.018671	0.000000	0.159965	0.002304	14.9
18	-1.017325	0.000000	0.159965	0.002298	13.9
19	-1.020018	0.000000	0.159965	0.002217	13.4
20	-1.019201	0.000000	0.159965	0.002450	13.2
21	-1.020064	0.000000	0.159965	0.002946	13.4
22	-1.018743	0.000000	0.159965	0.002837	13.5
23	-1.018825	0.000000	0.159965	0.002072	13.1
24	-1.018788	0.000000	0.159965	0.001627	13.1
25	-1.020748	0.000000	0.159965	0.002716	13.0
26	-1.018837	0.000000	0.159965	0.002286	12.9
27	-1.019690	0.000000	0.159965	0.002133	12.9
28	-1.018297	0.000000	0.159965	0.002766	12.9
29	-1.019250	0.000000	0.159965	0.002430	13.0
30	-1.019165	0.000000	0.159965	0.002737	12.9
31	-1.018619	0.000000	0.159965	0.002796	13.0
32	-1.018758	0.000000	0.159965	0.002374	13.0
33	-1.019752	0.000000	0.159965	0.001972	12.9
34	-1.020338	0.000000	0.159965	0.003443	12.8
35	-1.019440	0.000000	0.159965	0.002741	13.0
36	-1.018319	0.000000	0.159965	0.002065	13.0
37	-1.019670	0.000000	0.159965	0.002573	13.1
38	-1.018395	0.000000	0.159965	0.002425	13.3
39	-1.020868	0.000000	0.159965	0.002542	13.3
40	-1.019412	0.000000	0.159965	0.002198	13.5
41	-1.017788	0.000000	0.159965	0.002286	13.0
42	-1.018838	0.000000	0.159965	0.002018	13.0
43	-1.018856	0.000000	0.159965	0.002492	12.9
44	-1.019120	0.000000	0.159965	0.002529	13.1
45	-1.020286	0.000000	0.159965	0.002994	12.9
46	-1.019017	0.000000	0.159965	0.003142	12.9
47	-1.018947	0.000000	0.159965	0.002501	13.1
48	-1.020259	0.000000	0.159965	0.001848	13.3
49	-1.019490	0.000000	0.159965	0.001854	13.2
50	-1.019059	0.000000	0.159965	0.002740	13.2
51	-1.019137	0.000000	0.159965	0.002466	13.4
52	-1.018921	0.000000	0.159965	0.002258	13.7
53	-1.019987	0.000000	0.159965	0.002499	13.5
54	-1.018242	0.000000	0.159965	0.002375	13.4
55	-1.018964	0.000000	0.159965	0.002498	13.3
56	-1.018316	0.000000	0.159965	0.002279	13.0
57	-1.019038	0.000000	0.159965	0.002302	12.9
58	-1.019373	0.000000	0.159965	0.002439	12.8
59	-1.019849	0.000000	0.159965	0.001614	13.6
60	-1.018636	0.000000	0.159965	0.002323	13.6
61	-1.019316	0.000000	0.159965	0.001979	13.3
62	-1.019136	0.000000	0.159965	0.002298	13.2
63	-1.018652	0.000000	0.159965	0.002482	13.0
64	-1.019579	0.000000	0.159965	0.002634	12.9
65	-1.019238	0.000000	0.159965	0.002230	13.2
66	-1.020582	0.000000	0.159965	0.002584	13.1
67	-1.019218	0.000000	0.159965	0.002380	12.8
68	-1.017913	0.000000	0.159965	0.002281	13.0
69	-1.019325	0.000000	0.159965	0.002592	13.0
70	-1.018467	0.000000	0.159965	0.001885	13.2
71	-1.019501	0.000000	0.159965	0.002371	12.9
72	-1.017246	0.000000	0.159965	0.002128	12.7
73	-1.018654	0.000000	0.159965	0.002291	12.8
74	-1.018397	0.000000	0.159965	0.001873	12.9
75	-1.019594	0.000000	0.159965	0.002784	13.0
76	-1.020026	0.000000	0.159965	0.002419	12.8
77	-1.020064	0.000000	0.159965	0.001742	13.2
78	-1.018720	0.000000	0.159965	0.003083	12.9
79	-1.020374	0.000000	0.159965	0.002525	13.1
80	-1.018873	0.000000	0.159965	0.002580	13.2
81	-1.021029	0.000000	0.159965	0.002082	13.2
82	-1.019189	0.000000	0.159965	0.002473	13.5
83	-1.017861	0.000000	0.159965	0.002657	13.3
84	-1.018774	0.000000	0.159965	0.002501	12.9
85	-1.020625	0.000000	0.159965	0.002515	12.8
86	-1.018805	0.000000	0.159965	0.001854	12.9
87	-1.019532	0.000000	0.159965	0.002286	12.7
88	-1.018654	0.000000	0.159965	0.002378	12.7
89	-1.020667	0.000000	0.159965	0.002033	12.9
90	-1.019559	0.000000	0.159965	0.002586	12.9
91	-1.019292	0.000000	0.159965	0.002758	12.8
92	-1.019951	0.000000	0.159965	0.002645	12.9
93	-1.018952	0.000000	0.159965	0.001738	12.9
94	-1.018878	0.000000	0.159965	0.002040	13.2
95	-1.018846	0.000000	0.159965	0.002786	13.0
96	-1.019075	0.000000	0.159965	0.002218	13.1
97	-1.019600	0.000000	0.159965	0.002059	13.1
98	-1.020242	0.000000	0.159965	0.002578	12.8
99	-1.019037	0.000000	0.159965	0.002485	12.9
100	-1.018114	0.000000	0.159965	0.002414	13.0
101	-1.021163	0.000000	0.159965	0.002612	13.2
102	-1.017564	0.000000	0.159965	0.002659	13.1
103	-1.019292	0.000000	0.159965	0.002226	12.9
104	-1.019344	0.000000	0.159965	0.002639	13.0
105	-1.019808	0.000000	0.159965	0.002161	13.0
106	-1.020878	0.000000	0.159965	0.002218	12.8
107	-1.019727	0.000000	0.159965	0.002654	12.8
108	-1.019004	0.000000	0.159965	0.001661	12.8
109	-1.019377	0.000000	0.159965	0.001885	13.0
110	-1.018688	0.000000	0.159965	0.002217	12.9
111	-1.019314	0.000000	0.159965	0.002301	12.8
112	-1.019663	0.000000	0.159965	0.002104	13.2
113	-1.019679	0.000000	0.159965	0.002872	13.1
114	-1.019141	0.000000	0.159965	0.002747	13.0
115	-1.020532	0.000000	0.159965	0.002819	13.0
116	-1.019950	0.000000	0.159965	0.002482	13.1
117	-1.018511	0.000000	0.159965	0.002809	13.1
118	-1.018266	0.000000	0.159965	0.002161	12.9
119	-1.018291	0.000000	0.159965	0.002276	13.0
120	-1.019467	0.000000	0.159965	0.002369	13.3
121	-1.018821	0.000000	0.159965	0.002090	13.4
122	-1.018661	0.000000	0.159965	0.002268	13.0
123	-1.019484	0.000000	0.159965	0.002390	13.0
124	-1.020312	0.000000	0.159965	0.002595	13.5
125	-1.018538	0.000000	0.159965	0.002189	13.2
126	-1.020626	0.000000	0.159965	0.002477	13.1
127	-1.019465	0.000000	0.159965	0.002089	13.3
128	-1.018887	0.000000	0.159965	0.002653	13.7
129	-1.018858	0.000000	0.159965	0.003068	15.0
130	-1.018117	0.000000	0.159965	0.002617	14.8
131	-1.019795	0.000000	0.159965	0.002291	14.2
132	-1.018132	0.000000	0.159965	0.002369	13.5
133	-1.018139	0.000000	0.159965	0.002097	13.3
134	-1.018783	0.000000	0.159965	0.002588	13.3
135	-1.017689	0.000000	0.159965	0.001677	13.4
136	-1.018522	0.000000	0.159965	0.001699	13.2
137	-1.018693	0.000000	0.159965	0.002274	13.0
138	-1.018392	0.000000	0.159965	0.002059	13.1
139	-1.021096	0.000000	0.159965	0.002833	13.1
140	-1.017545	0.000000	0.159965	0.002246	13.1
141	-1.018629	0.000000	0.159965	0.002631	13.1
142	-1.018397	0.000000	0.159965	0.002124	13.2
143	-1.019704	0.000000	0.159965	0.002206	13.5
144	-1.018848	0.000000	0.159965	0.001848	13.0
145	-1.020594	0.000000	0.159965	0.002714	12.9
146	-1.020212	0.000000	0.159965	0.002140	12.9
147	-1.020212	0.000000	0.159965	0.002695	13.0
148	-1.020596	0.000000	0.159965	0.002760	13.0
149	-1.018694	0.000000	0.159965	0.002357	12.9
150	-1.018807	0.000000	0.159965	0.002360	13.0
151	-1.017539	0.000000	0.159965	0.002556	12.9
152	-1.020439	0.000000	0.159965	0.002181	12.8
153	-1.018663	0.000000	0.159965	0.001741	12.8
154	-1.018964	0.000000	0.159965	0.003124	12.8
155	-1.020586	0.000000	0.159965	0.002201	13.0
156	-1.018194	0.000000	0.159965	0.002234	13.4
157	-1.017865	0.000000	0.159965	0.002348	13.2
158	-1.019302	0.000000	0.159965	0.002922	13.1
159	-1.018977	0.000000	0.159965	0.002568	13.0
160	-1.020259	0.000000	0.159965	0.001974	12.8
161	-1.020705	0.000000	0.159965	0.001894	13.0
162	-1.019962	0.000000	0.159965	0.002199	12.9
163	-1.019211	0.000000	0.159965	0.001892	13.0
164	-1.019543	0.000000	0.159965	0.002009	12.9
165	-1.018195	0.000000	0.159965	0.002400	13.0
166	-1.019184	0.000000	0.159965	0.002419	13.0
167	-1.018760	0.000000	0.159965	0.002097	12.7
168	-1.019049	0.000000	0.159965	0.002235	12.7
169	-1.018155	0.000000	0.159965	0.002411	12.7
170	-1.019187	0.000000	0.159965	0.002579	12.6
171	-1.018555	0.000000	0.159965	0.002180	12.7
172	-1.017333	0.000000	0.159965	0.002188	13.0
173	-1.018733	0.000000	0.159965	0.001829	13.1
174	-1.019176	0.000000	0.159965	0.002893	12.8
175	-1.018106	0.000000	0.159965	0.002241	12.7
176	-1.019804	0.000000	0.159965	0.002545	12.7
177	-1.018496	0.000000	0.159965	0.002402	12.9
178	-1.019957	0.000000	0.159965	0.002528	13.0
179	-1.018743	0.000000	0.159965	0.002382	12.9
180	-1.018852	0.000000	0.159965	0.002631	12.9
181	-1.022244	0.000000	0.159965	0.002717	13.0
182	-1.018505	0.000000	0.159965	0.002207	13.4
183	-1.019071	0.000000	0.159965	0.002352	13.0
184	-1.019349	0.000000	0.159965	0.002859	13.0
185	-1.019934	0.000000	0.159965	0.002391	12.7
186	-1.020393	0.000000	0.159965	0.002256	12.8
187	-1.019419	0.000000	0.159965	0.002381	13.1
188	-1.019533	0.000000	0.159965	0.002189	14.1
189	-1.018011	0.000000	0.159965	0.002945	13.2
190	-1.019362	0.000000	0.159965	0.002329	12.9
191	-1.018812	0.000000	0.159965	0.002587	12.7
192	-1.019408	0.000000	0.159965	0.002555	12.7
193	-1.017564	0.000000	0.159965	0.002275	12.9
194	-1.018593	0.000000	0.159965	0.002362	12.8
195	-1.018820	0.000000	0.159965	0.002732	12.8
196	-1.018050	0.000000	0.159965	0.002263	12.9
197	-1.018392	0.000000	0.159965	0.001395	12.7
198	-1.019497	0.000000	0.159965	0.002381	12.6
199	-1.018777	0.000000	0.159965	0.002076	12.6
200	-1.019219	0.000000	0.159965	0.003348	12.9
201	-1.019462	0.000000	0.159965	0.002372	12.8
202	-1.020356	0.000000	0.159965	0.002578	13.0
203	-1.016715	0.000000	0.159965	0.001980	13.4
204	-1.019248	0.000000	0.159965	0.002097	14.2
205	-1.019652	0.000000	0.159965	0.002004	14.1
206	-1.020386	0.000000	0.159965	0.003111	13.3
207	-1.020044	0.000000	0.159965	0.002391	13.1
208	-1.017747	0.000000	0.159965	0.002233	12.9
209	-1.019954	0.000000	0.159965	0.001783	12.7
210	-1.018210	0.000000	0.159965	0.001900	12.9
211	-1.021055	0.000000	0.159965	0.002341	13.1
212	-1.019298	0.000000	0.159965	0.002084	13.2
213	-1.019987	0.000000	0.159965	0.002064	12.9
214	-1.018144	0.000000	0.159965	0.002725	12.8
215	-1.019471	0.000000	0.159965	0.002319	12.8
216	-1.019413	0.000000	0.159965	0.002979	13.0
217	-1.020606	0.000000	0.159965	0.002548	12.8
218	-1.019984	0.000000	0.159965	0.002659	13.2
219	-1.019959	0.000000	0.159965	0.002106	13.0
220	-1.019011	0.000000	0.159965	0.002526	12.9
221	-1.018230	0.000000	0.159965	0.002358	12.8
222	-1.018452	0.000000	0.159965	0.002205	12.7
223	-1.018402	0.000000	0.159965	0.001852	12.7
224	-1.018017	0.000000	0.159965	0.002743	12.7
225	-1.019815	0.000000	0.159965	0.002638	12.8
226	-1.019371	0.000000	0.159965	0.003515	13.0
227	-1.018837	0.000000	0.159965	0.002430	13.0
228	-1.021056	0.000000	0.159965	0.002435	12.8
229	-1.020053	0.000000	0.159965	0.002684	12.7
230	-1.019012	0.000000	0.159965	0.002431	13.1
231	-1.019875	0.000000	0.159965	0.002353	12.7
232	-1.018343	0.000000	0.159965	0.002653	12.9
233	-1.018186	0.000000	0.159965	0.001695	13.0
234	-1.018931	0.000000	0.159965	0.002501	13.2
235	-1.018096	0.000000	0.159965	0.002112	13.0
236	-1.018762	0.000000	0.159965	0.002475	12.9
237	-1.019366	0.000000	0.159965	0.001922	12.8
238	-1.018938	0.000000	0.159965	0.002167	12.7
239	-1.018861	0.000000	0.159965	0.001619	12.7
240	-1.019168	0.000000	0.159965	0.002399	12.8
241	-1.019218	0.000000	0.159965	0.001726	12.8
242	-1.017957	0.000000	0.159965	0.002302	12.8
243	-1.019532	0.000000	0.159965	0.002245	12.9
244	-1.021400	0.000000	0.159965	0.002285	13.2
245	-1.018402	0.000000	0.159965	0.002527	12.9
246	-1.018900	0.000000	0.159965	0.002530	12.8
247	-1.018783	0.000000	0.159965	0.002771	12.6
248	-1.018905	0.000000	0.159965	0.002049	12.6
249	-1.019563	0.000000	0.159965	0.001664	13.0
250	-1.018931	0.000000	0.159965	0.001871	13.1
251	-1.018824	0.000000	0.159965	0.001891	12.8
252	-1.018912	0.000000	0.159965	0.002490	12.7
253	-1.018678	0.000000	0.159965	0.001892	12.7
254	-1.019673	0.000000	0.159965	0.002354	12.8
255	-1.018489	0.000000	0.159965	0.002809	12.7
256	-1.019831	0.000000	0.159965	0.002968	12.6
257	-1.018890	0.000000	0.159965	0.002240	12.8
258	-1.019338	0.000000	0.159965	0.002336	13.0
259	-1.017524	0.000000	0.159965	0.002220	12.8
260	-1.018850	0.000000	0.159965	0.002274	12.7
261	-1.019345	0.000000	0.159965	0.002301	12.7
262	-1.018895	0.000000	0.159965	0.002579	12.7
263	-1.019205	0.000000	0.159965	0.002497	12.6
264	-1.020246	0.000000	0.159965	0.002549	12.7
265	-1.019522	0.000000	0.159965	0.001802	13.0
266	-1.019220	0.000000	0.159965	0.002142	13.1
267	-1.019566	0.000000	0.159965	0.002733	13.3
268	-1.018143	0.000000	0.159965	0.002969	12.8
269	-1.018516	0.000000	0.159965	0.002227	13.0
270	-1.019127	0.000000	0.159965	0.002077	13.0
271	-1.019122	0.000000	0.159965	0.002028	12.8
272	-1.019734	0.000000	0.159965	0.002066	12.6
273	-1.018205	0.000000	0.159965	0.002153	12.9
274	-1.019477	0.000000	0.159965	0.001610	12.8
275	-1.020382	0.000000	0.159965	0.002187	12.8
276	-1.019266	0.000000	0.159965	0.002163	12.8
277	-1.018370	0.000000	0.159965	0.002468	12.9
278	-1.018388	0.000000	0.159965	0.002490	12.8
279	-1.019409	0.000000	0.159965	0.002913	12.7
280	-1.016552	0.000000	0.159965	0.002168	13.2
281	-1.018249	0.000000	0.159965	0.002727	13.8
282	-1.021010	0.000000	0.159965	0.002851	13.4
283	-1.018351	0.000000	0.159965	0.002480	13.1
284	-1.020128	0.000000	0.159965	0.002273	12.7
285	-1.019205	0.000000	0.159965	0.002007	12.9
286	-1.019018	0.000000	0.159965	0.002174	12.8
287	-1.019827	0.000000	0.159965	0.002905	12.7
288	-1.019809	0.000000	0.159965	0.002696	12.7
289	-1.018971	0.000000	0.159965	0.002539	13.2
290	-1.019730	0.000000	0.159965	0.002290	13.1
291	-1.018791	0.000000	0.159965	0.002329	12.9
292	-1.019533	0.000000	0.159965	0.001987	12.9
293	-1.017756	0.000000	0.159965	0.002961	12.8
294	-1.020376	0.000000	0.159965	0.003287	12.6
295	-1.018079	0.000000	0.159965	0.002244	12.7
296	-1.020268	0.000000	0.159965	0.002691	13.1
297	-1.020437	0.000000	0.159965	0.002071	13.1
298	-1.020002	0.000000	0.159965	0.002613	12.9
299	-1.020153	0.000000	0.159965	0.002337	12.9
300	-1.018487	0.000000	0.159965	0.002609	12.9
301	-1.018700	0.000000	0.159965	0.002416	12.7
302	-1.018429	0.000000	0.159965	0.002255	12.7
303	-1.019021	0.000000	0.159965	0.002283	12.9
304	-1.019845	0.000000	0.159965	0.001518	12.9
305	-1.021127	0.000000	0.159965	0.002736	13.2
306	-1.018602	0.000000	0.159965	0.002063	13.4
307	-1.020964	0.000000	0.159965	0.001962	13.0
308	-1.018390	0.000000	0.159965	0.002846	12.8
309	-1.019176	0.000000	0.159965	0.002159	12.6
310	-1.020015	0.000000	0.159965	0.001768	12.8
311	-1.018998	0.000000	0.159965	0.002162	13.0
312	-1.017986	0.000000	0.159965	0.002092	13.0
313	-1.018661	0.000000	0.159965	0.002327	13.0
314	-1.019145	0.000000	0.159965	0.002251	12.9
315	-1.019762	0.000000	0.159965	0.002587	12.9
316	-1.020665	0.000000	0.159965	0.002051	12.9
317	-1.018083	0.000000	0.159965	0.002205	12.9
318	-1.018471	0.000000	0.159965	0.002166	12.6
319	-1.019233	0.000000	0.159965	0.002630	12.6
320	-1.019503	0.000000	0.159965	0.002804	12.9
321	-1.019701	0.000000	0.159965	0.001887	12.7
322	-1.020590	0.000000	0.159965	0.002091	12.8
323	-1.019701	0.000000	0.159965	0.002004	12.7
324	-1.019050	0.000000	0.159965	0.002772	13.2
325	-1.019114	0.000000	0.159965	0.002045	13.1
326	-1.020615	0.000000	0.159965	0.002906	12.9
327	-1.019335	0.000000	0.159965	0.002934	13.1
328	-1.019402	0.000000	0.159965	0.002325	13.2
329	-1.019070	0.000000	0.159965	0.001936	13.3
330	-1.018811	0.000000	0.159965	0.002297	12.9
331	-1.018259	0.000000	0.159965	0.002026	13.0
332	-1.018443	0.000000	0.159965	0.002219	12.8
333	-1.019725	0.000000	0.159965	0.002805	12.8
334	-1.019278	0.000000	0.159965	0.003090	12.6
335	-1.020565	0.000000	0.159965	0.001978	12.7
336	-1.020224	0.000000	0.159965	0.003117	12.7
337	-1.018829	0.000000	0.159965	0.002326	12.8
338	-1.017946	0.000000	0.159965	0.002102	12.6
339	-1.020261	0.000000	0.159965	0.002638	12.6
340	-1.019560	0.000000	0.159965	0.002262	13.0
341	-1.018769	0.000000	0.159965	0.002124	12.7
342	-1.019667	0.000000	0.159965	0.002332	13.1
343	-1.019504	0.000000	0.159965	0.001985	12.9
344	-1.018771	0.000000	0.159965	0.002024	12.9
345	-1.019055	0.000000	0.159965	0.002274	12.9
346	-1.019545	0.000000	0.159965	0.002674	12.8
347	-1.020521	0.000000	0.159965	0.002189	12.8
348	-1.019168	0.000000	0.159965	0.002323	12.7
349	-1.019669	0.000000	0.159965	0.002820	12.7
350	-1.019761	0.000000	0.159965	0.002624	12.8
351	-1.019327	0.000000	0.159965	0.002035	12.7
352	-1.018991	0.000000	0.159965	0.002386	12.8
353	-1.018551	0.000000	0.159965	0.002574	12.8
354	-1.019746	0.000000	0.159965	0.002493	12.7
355	-1.020398	0.000000	0.159965	0.002631	12.8
356	-1.020150	0.000000	0.159965	0.002954	13.1
357	-1.018775	0.000000	0.159965	0.002430	13.0
358	-1.019478	0.000000	0.159965	0.002463	13.6
359	-1.018955	0.000000	0.159965	0.002344	13.3
360	-1.020415	0.000000	0.159965	0.002947	13.3
361	-1.018621	0.000000	0.159965	0.002198	13.0
362	-1.018960	0.000000	0.159965	0.001842	12.8
363	-1.017609	0.000000	0.159965	0.002212	12.8
364	-1.019662	0.000000	0.159965	0.002587	12.8
365	-1.019460	0.000000	0.159965	0.002194	12.7
366	-1.018076	0.000000	0.159965	0.002754	13.1
367	-1.017938	0.000000	0.159965	0.003216	13.0
368	-1.018889	0.000000	0.159965	0.003050	13.3
369	-1.019451	0.000000	0.159965	0.001934	13.1
370	-1.020566	0.000000	0.159965	0.002837	12.9
371	-1.019441	0.000000	0.159965	0.002329	12.7
372	-1.019688	0.000000	0.159965	0.003067	12.6
373	-1.019725	0.000000	0.159965	0.003044	13.0
374	-1.021198	0.000000	0.159965	0.002016	12.9
375	-1.020495	0.000000	0.159965	0.002363	12.9
376	-1.019985	0.000000	0.159965	0.002420	12.9
377	-1.020336	0.000000	0.159965	0.003035	12.8
378	-1.019186	0.000000	0.159965	0.002371	12.8
379	-1.021465	0.000000	0.159965	0.002886	12.6
380	-1.018466	0.000000	0.159965	0.002512	12.6
381	-1.019891	0.000000	0.159965	0.003019	12.6
382	-1.019567	0.000000	0.159965	0.002371	12.8
383	-1.019718	0.000000	0.159965	0.002046	12.7
384	-1.022380	0.000000	0.159965	0.002227	12.9
385	-1.019507	0.000000	0.159965	0.002430	12.9
386	-1.020449	0.000000	0.159965	0.002380	12.7
387	-1.018302	0.000000	0.159965	0.002188	12.8
388	-1.017981	0.000000	0.159965	0.001958	12.8
389	-1.018932	0.000000	0.159965	0.002072	13.2
390	-1.018437	0.000000	0.159965	0.002694	13.0
391	-1.018857	0.000000	0.159965	0.002803	13.4
392	-1.019837	0.000000	0.159965	0.002621	13.1
393	-1.019505	0.000000	0.159965	0.002876	12.8
394	-1.020041	0.000000	0.159965	0.002603	12.9
395	-1.020119	0.000000	0.159965	0.002398	12.7
396	-1.018673	0.000000	0.159965	0.001438	12.7
397	-1.018980	0.000000	0.159965	0.002174	12.8
398	-1.020414	0.000000	0.159965	0.002034	12.6
399	-1.019567	0.000000	0.159965	0.002559	12.7
400	-1.019651	0.000000	0.159965	0.002830	12.6
401	-1.019533	0.000000	0.159965	0.002203	12.7
402	-1.018503	0.000000	0.159965	0.002566	12.9
403	-1.019779	0.000000	0.159965	0.002932	12.9
404	-1.019868	0.000000	0.159965	0.002484	13.0
405	-1.020129	0.000000	0.159965	0.002325	13.0
406	-1.018929	0.000000	0.159965	0.002502	12.7
407	-1.019484	0.000000	0.159965	0.002400	12.6
408	-1.019967	0.000000	0.159965	0.002437	12.9
409	-1.017616	0.000000	0.159965	0.002285	12.8
410	-1.020242	0.000000	0.159965	0.002432	12.8
411	-1.019829	0.000000	0.159965	0.002420	12.8
412	-1.020048	0.000000	0.159965	0.001804	12.8
413	-1.019103	0.000000	0.159965	0.003336	12.8
414	-1.019150	0.000000	0.159965	0.001519	12.7
415	-1.019362	0.000000	0.159965	0.002838	12.8
416	-1.019804	0.000000	0.159965	0.002827	12.8
417	-1.019070	0.000000	0.159965	0.002517	12.7
418	-1.019610	0.000000	0.159965	0.002904	12.7
419	-1.020606	0.000000	0.159965	0.002113	12.9
420	-1.019219	0.000000	0.159965	0.002173	13.3
421	-1.019312	0.000000	0.159965	0.002200	13.1
422	-1.021531	0.000000	0.159965	0.002428	12.9
423	-1.019379	0.000000	0.159965	0.002709	12.8
424	-1.019644	0.000000	0.159965	0.002432	13.0
425	-1.020148	0.000000	0.159965	0.002301	12.8
426	-1.020208	0.000000	0.159965	0.001840	12.7
427	-1.019631	0.000000	0.159965	0.002433	12.7
428	-1.018911	0.000000	0.159965	0.002087	12.9
429	-1.019233	0.000000	0.159965	0.002597	12.8
430	-1.019838	0.000000	0.159965	0.001832	13.1
431	-1.018572	0.000000	0.159965	0.002028	13.3
432	-1.020609	0.000000	0.159965	0.002691	13.1
433	-1.019530	0.000000	0.159965	0.001773	12.9
434	-1.018494	0.000000	0.159965	0.002521	12.9
435	-1.018018	0.000000	0.159965	0.001710	13.4
436	-1.019605	0.000000	0.159965	0.002522	13.7
437	-1.019867	0.000000	0.159965	0.002513	13.2
438	-1.019002	0.000000	0.159965	0.002530	13.5
439	-1.020345	0.000000	0.159965	0.002099	15.2
440	-1.019810	0.000000	0.159965	0.002438	14.7
441	-1.018844	0.000000	0.159965	0.002405	13.5
442	-1.019540	0.000000	0.159965	0.002791	13.2
443	-1.018133	0.000000	0.159965	0.002329	13.3
444	-1.017255	0.000000	0.159965	0.002140	12.9
445	-1.018651	0.000000	0.159965	0.002130	12.9
446	-1.020310	0.000000	0.159965	0.002609	12.9
447	-1.021005	0.000000	0.159965	0.002505	12.8
448	-1.020541	0.000000	0.159965	0.002676	12.8
449	-1.019181	0.000000	0.159965	0.001842	12.7
450	-1.019053	0.000000	0.159965	0.002259	13.1
451	-1.021686	0.000000	0.159965	0.002214	13.0
452	-1.018957	0.000000	0.159965	0.002856	13.2
453	-1.019303	0.000000	0.159965	0.001804	13.1
454	-1.020197	0.000000	0.159965	0.002290	12.9
455	-1.018175	0.000000	0.159965	0.002714	12.8
456	-1.019036	0.000000	0.159965	0.001821	12.7
457	-1.020088	0.000000	0.159965	0.002757	12.6
458	-1.019080	0.000000	0.159965	0.001874	12.9
459	-1.019795	0.000000	0.159965	0.002156	12.7
460	-1.020041	0.000000	0.159965	0.002456	12.6
461	-1.019454	0.000000	0.159965	0.002597	12.6
462	-1.018116	0.000000	0.159965	0.002560	12.8
463	-1.017951	0.000000	0.159965	0.002725	12.9
464	-1.019778	0.000000	0.159965	0.002747	12.8
465	-1.018548	0.000000	0.159965	0.002524	12.9
466	-1.018282	0.000000	0.159965	0.002236	13.1
467	-1.020614	0.000000	0.159965	0.002609	12.9
468	-1.019387	0.000000	0.159965	0.002808	12.8
469	-1.018986	0.000000	0.159965	0.002849	12.6
470	-1.020199	0.000000	0.159965	0.002664	12.8
471	-1.020259	0.000000	0.159965	0.003089	12.8
472	-1.018516	0.000000	0.159965	0.002096	12.7
473	-1.020495	0.000000	0.159965	0.002832	12.6
474	-1.019877	0.000000	0.159965	0.002061	12.8
475	-1.017930	0.000000	0.159965	0.002057	12.7
476	-1.019702	0.000000	0.159965	0.002505	12.5
477	-1.018838	0.000000	0.159965	0.002656	12.5
478	-1.020613	0.000000	0.159965	0.002449	12.7
479	-1.019763	0.000000	0.159965	0.002459	12.6
480	-1.019824	0.000000	0.159965	0.002448	12.6
481	-1.020165	0.000000	0.159965	0.002653	13.5
482	-1.020022	0.000000	0.159965	0.002587	13.7
483	-1.021191	0.000000	0.159965	0.002630	13.2
484	-1.019367	0.000000	0.159965	0.003333	12.8
485	-1.020374	0.000000	0.159965	0.002564	12.8
486	-1.020284	0.000000	0.159965	0.002161	13.0
487	-1.020218	0.000000	0.159965	0.002113	12.8
488	-1.018993	0.000000	0.159965	0.002462	12.8
489	-1.018995	0.000000	0.159965	0.002603	12.8
490	-1.019541	0.000000	0.159965	0.002604	12.8
491	-1.018163	0.000000	0.159965	0.002204	12.7
492	-1.018568	0.000000	0.159965	0.001989	13.2
493	-1.019341	0.000000	0.159965	0.002363	13.0
494	-1.018143	0.000000	0.159965	0.002129	12.8
495	-1.020973	0.000000	0.159965	0.002676	12.8
496	-1.019102	0.000000	0.159965	0.002785	12.9
497	-1.020103	0.000000	0.159965	0.002511	13.1
498	-1.019590	0.000000	0.159965	0.002257	12.8
499	-1.018826	0.000000	0.159965	0.001904	12.6
500	-1.018113	0.000000	0.159965	0.002133	12.7
501	-1.019153	0.000000	0.159965	0.002709	12.7
502	-1.018809	0.000000	0.159965	0.002520	12.8
503	-1.019089	0.000000	0.159965	0.003105	12.8
504	-1.018693	0.000000	0.159965	0.002610	12.7
505	-1.018548	0.000000	0.159965	0.002269	12.9
506	-1.018236	0.000000	0.159965	0.002435	12.7
507	-1.020148	0.000000	0.159965	0.002747	12.6
508	-1.018986	0.000000	0.159965	0.002306	12.8
509	-1.019447	0.000000	0.159965	0.002648	13.0
510	-1.018519	0.000000	0.159965	0.002062	13.0
511	-1.019351	0.000000	0.159965	0.002518	12.9
512	-1.020030	0.000000	0.159965	0.001985	13.3
513	-1.020257	0.000000	0.159965	0.002642	13.6
514	-1.019331	0.000000	0.159965	0.002342	13.4
515	-1.018923	0.000000	0.159965	0.002260	13.5
516	-1.019198	0.000000	0.159965	0.002228	13.2
517	-1.020370	0.000000	0.159965	0.003327	12.9
518	-1.017841	0.000000	0.159965	0.002250	12.9
519	-1.019727	0.000000	0.159965	0.002529	12.9
520	-1.019657	0.000000	0.159965	0.003016	13.3
521	-1.020603	0.000000	0.159965	0.002634	12.9
522	-1.019824	0.000000	0.159965	0.003137	12.6
523	-1.020202	0.000000	0.159965	0.003161	13.0
524	-1.019123	0.000000	0.159965	0.002910	12.9
525	-1.019209	0.000000	0.159965	0.002559	12.8
526	-1.020706	0.000000	0.159965	0.002146	12.8
527	-1.020670	0.000000	0.159965	0.002463	12.9
528	-1.020154	0.000000	0.159965	0.002538	13.0
529	-1.020377	0.000000	0.159965	0.002375	12.8
530	-1.018339	0.000000	0.159965	0.002818	12.7
531	-1.019817	0.000000	0.159965	0.002588	12.5
532	-1.020721	0.000000	0.159965	0.002817	12.6
533	-1.018930	0.000000	0.159965	0.001949	12.7
534	-1.020472	0.000000	0.159965	0.002361	12.7
535	-1.020286	0.000000	0.159965	0.002182	12.9
536	-1.017436	0.000000	0.159965	0.002050	12.8
537	-1.020417	0.000000	0.159965	0.002595	12.8
538	-1.019513	0.000000	0.159965	0.002917	12.9
539	-1.020077	0.000000	0.159965	0.002322	12.7
540	-1.018291	0.000000	0.159965	0.002571	12.7
541	-1.020230	0.000000	0.159965	0.002737	12.9
542	-1.019395	0.000000	0.159965	0.002248	12.9
543	-1.018568	0.000000	0.159965	0.002538	13.1
544	-1.017706	0.000000	0.159965	0.002214	13.0
545	-1.019977	0.000000	0.159965	0.002515	12.9
546	-1.019849	0.000000	0.159965	0.002455	12.6
547	-1.021268	0.000000	0.159965	0.002646	12.5
548	-1.018719	0.000000	0.159965	0.002281	12.6
549	-1.019571	0.000000	0.159965	0.001729	12.7
550	-1.018973	0.000000	0.159965	0.003137	12.7
551	-1.019054	0.000000	0.159965	0.002121	12.9
552	-1.017158	0.000000	0.159965	0.002688	12.9
553	-1.020116	0.000000	0.159965	0.002427	12.8
554	-1.020194	0.000000	0.159965	0.002229	13.2
555	-1.019316	0.000000	0.159965	0.002492	13.1
556	-1.019670	0.000000	0.159965	0.002760	12.7
557	-1.020131	0.000000	0.159965	0.002051	12.6
558	-1.020423	0.000000	0.159965	0.002534	12.9
559	-1.018771	0.000000	0.159965	0.002205	13.0
560	-1.019074	0.000000	0.159965	0.003143	12.7
561	-1.019936	0.000000	0.159965	0.001946	12.7
562	-1.018442	0.000000	0.159965	0.002337	12.6
563	-1.021717	0.000000	0.159965	0.002202	12.8
564	-1.018730	0.000000	0.159965	0.002436	12.7
565	-1.017932	0.000000	0.159965	0.002290	12.6
566	-1.019664	0.000000	0.159965	0.002140	12.6
567	-1.020516	0.000000	0.159965	0.002809	12.9
568	-1.019120	0.000000	0.159965	0.002858	12.7
569	-1.020330	0.000000	0.159965	0.002051	12.7
570	-1.020254	0.000000	0.159965	0.002404	12.6
571	-1.019086	0.000000	0.159965	0.002839	12.6
572	-1.019220	0.000000	0.159965	0.001939	12.7
573	-1.018897	0.000000	0.159965	0.002544	12.6
574	-1.019838	0.000000	0.159965	0.003088	12.9
575	-1.019230	0.000000	0.159965	0.002532	13.0
576	-1.020303	0.000000	0.159965	0.002670	13.1
577	-1.019478	0.000000	0.159965	0.002235	13.1
578	-1.019372	0.000000	0.159965	0.002039	13.1
579	-1.018646	0.000000	0.159965	0.001907	13.3
580	-1.017730	0.000000	0.159965	0.002744	13.0
581	-1.020877	0.000000	0.159965	0.002822	12.7
582	-1.020928	0.000000	0.159965	0.003075	12.9
583	-1.018696	0.000000	0.159965	0.001575	12.9
584	-1.019165	0.000000	0.159965	0.002368	12.7
585	-1.019390	0.000000	0.159965	0.002147	12.5
586	-1.017484	0.000000	0.159965	0.002411	12.7
587	-1.018459	0.000000	0.159965	0.002336	12.8
588	-1.019826	0.000000	0.159965	0.001813	12.8
589	-1.019045	0.000000	0.159965	0.002529	12.9
590	-1.019209	0.000000	0.159965	0.003521	13.8
591	-1.019548	0.000000	0.159965	0.002457	13.4
592	-1.020421	0.000000	0.159965	0.002688	12.9
593	-1.018900	0.000000	0.159965	0.002662	12.8
594	-1.018328	0.000000	0.159965	0.002417	12.6
595	-1.020405	0.000000	0.159965	0.003009	12.6
596	-1.019829	0.000000	0.159965	0.002657	12.6
597	-1.019787	0.000000	0.159965	0.002005	13.1
598	-1.019447	0.000000	0.159965	0.002311	15.6
599	-1.018800	0.000000	0.159965	0.001894	15.3
600	-1.018420	0.000000	0.159965	0.002625	15.3
601	-1.018392	0.000000	0.159965	0.002509	15.3
602	-1.019071	0.000000	0.159965	0.002224	15.6
603	-1.019527	0.000000	0.159965	0.002156	15.4
604	-1.019275	0.000000	0.159965	0.002417	15.7
605	-1.018107	0.000000	0.159965	0.001701	15.6
606	-1.020199	0.000000	0.159965	0.002071	15.3
607	-1.019049	0.000000	0.159965	0.002091	14.8
608	-1.020112	0.000000	0.159965	0.001570	13.8
609	-1.020868	0.000000	0.159965	0.002294	13.2
610	-1.017659	0.000000	0.159965	0.001674	13.1
611	-1.019854	0.000000	0.159965	0.001943	13.0
612	-1.020459	0.000000	0.159965	0.002614	12.9
613	-1.019247	0.000000	0.159965	0.002228	12.8
614	-1.018217	0.000000	0.159965	0.002637	13.1
615	-1.019603	0.000000	0.159965	0.002222	13.3
616	-1.020037	0.000000	0.159965	0.002629	13.1
617	-1.019536	0.000000	0.159965	0.002577	13.2
618	-1.019128	0.000000	0.159965	0.002456	13.1
619	-1.018938	0.000000	0.159965	0.002221	13.2
620	-1.018574	0.000000	0.159965	0.002692	12.9
621	-1.018956	0.000000	0.159965	0.002188	12.8
622	-1.019996	0.000000	0.159965	0.002557	12.8
623	-1.019212	0.000000	0.159965	0.002864	13.1
624	-1.019362	0.000000	0.159965	0.002098	12.9
625	-1.018617	0.000000	0.159965	0.002167	12.9
626	-1.020883	0.000000	0.159965	0.002639	12.9
627	-1.018582	0.000000	0.159965	0.002208	12.8
628	-1.022305	0.000000	0.159965	0.002318	14.2
629	-1.019654	0.000000	0.159965	0.002079	15.7
630	-1.019203	0.000000	0.159965	0.002598	15.8
631	-1.020354	0.000000	0.159965	0.002361	15.8
632	-1.019042	0.000000	0.159965	0.002595	15.6
633	-1.018939	0.000000	0.159965	0.003007	16.4
634	-1.018460	0.000000	0.159965	0.002575	17.4
635	-1.018809	0.000000	0.159965	0.002571	17.3
636	-1.019845	0.000000	0.159965	0.002673	17.2
637	-1.017877	0.000000	0.159965	0.002903	16.9
638	-1.019435	0.000000	0.159965	0.001872	16.7
639	-1.018645	0.000000	0.159965	0.002278	16.8
640	-1.019245	0.000000	0.159965	0.001829	17.1
641	-1.019565	0.000000	0.159965	0.002665	16.9
642	-1.018525	0.000000	0.159965	0.002673	17.2
643	-1.018588	0.000000	0.159965	0.002331	16.7
644	-1.018951	0.000000	0.159965	0.002269	16.6
645	-1.020022	0.000000	0.159965	0.002415	16.0
646	-1.019513	0.000000	0.159965	0.002510	15.8
647	-1.017991	0.000000	0.159965	0.002237	15.7
648	-1.019546	0.000000	0.159965	0.002587	15.8
649	-1.019126	0.000000	0.159965	0.002156	16.1
650	-1.018758	0.000000	0.159965	0.002373	16.2
651	-1.019488	0.000000	0.159965	0.002342	16.3
652	-1.019703	0.000000	0.159965	0.002584	16.1
653	-1.020426	0.000000	0.159965	0.003154	16.2
654	-1.019042	0.000000	0.159965	0.002535	16.3
655	-1.019752	0.000000	0.159965	0.001649	16.3
656	-1.018317	0.000000	0.159965	0.002437	16.2
657	-1.017883	0.000000	0.159965	0.001943	16.5
658	-1.019244	0.000000	0.159965	0.002171	16.4
659	-1.019254	0.000000	0.159965	0.002236	16.3
660	-1.019930	0.000000	0.159965	0.002428	16.3
661	-1.019295	0.000000	0.159965	0.002843	16.2
662	-1.019677	0.000000	0.159965	0.002546	16.3
663	-1.019054	0.000000	0.159965	0.002205	17.1
664	-1.018650	0.000000	0.159965	0.002769	17.3
665	-1.019108	0.000000	0.159965	0.002356	17.5
666	-1.019523	0.000000	0.159965	0.003013	17.5
667	-1.020306	0.000000	0.159965	0.002764	17.3
668	-1.020276	0.000000	0.159965	0.002453	17.7
669	-1.018962	0.000000	0.159965	0.001944	17.5
670	-1.020586	0.000000	0.159965	0.002363	17.0
671	-1.018833	0.000000	0.159965	0.002352	17.0
672	-1.018365	0.000000	0.159965	0.001951	17.0
673	-1.019864	0.000000	0.159965	0.002309	17.2
674	-1.019782	0.000000	0.159965	0.002395	16.8
675	-1.020829	0.000000	0.159965	0.002171	17.1
676	-1.018620	0.000000	0.159965	0.001897	16.5
677	-1.018981	0.000000	0.159965	0.001994	16.2
678	-1.018862	0.000000	0.159965	0.001690	16.2
679	-1.017993	0.000000	0.159965	0.002050	16.4
680	-1.020008	0.000000	0.159965	0.002922	16.6
681	-1.020760	0.000000	0.159965	0.002814	16.7
682	-1.020559	0.000000	0.159965	0.002051	16.9
683	-1.019227	0.000000	0.159965	0.002431	16.5
684	-1.020047	0.000000	0.159965	0.002411	16.2
685	-1.019429	0.000000	0.159965	0.002396	16.2
686	-1.020040	0.000000	0.159965	0.002562	16.2
687	-1.018686	0.000000	0.159965	0.002264	16.3
688	-1.019448	0.000000	0.159965	0.002646	16.1
689	-1.019067	0.000000	0.159965	0.002527	16.6
690	-1.018627	0.000000	0.159965	0.002679	16.8
691	-1.018967	0.000000	0.159965	0.003126	17.0
692	-1.018417	0.000000	0.159965	0.002077	17.0
693	-1.021751	0.000000	0.159965	0.003178	16.8
694	-1.020662	0.000000	0.159965	0.002839	16.8
695	-1.021176	0.000000	0.159965	0.002399	16.7
696	-1.020463	0.000000	0.159965	0.002498	17.0
697	-1.019447	0.000000	0.159965	0.002549	17.0
698	-1.019926	0.000000	0.159965	0.001886	16.9
699	-1.019390	0.000000	0.159965	0.002977	16.8
700	-1.019264	0.000000	0.159965	0.002065	16.5
701	-1.020917	0.000000	0.159965	0.003296	16.6
702	-1.019771	0.000000	0.159965	0.002685	16.6
703	-1.018543	0.000000	0.159965	0.002022	16.8
704	-1.019064	0.000000	0.159965	0.002210	16.9
705	-1.019510	0.000000	0.159965	0.002841	16.9
706	-1.019258	0.000000	0.159965	0.002031	16.5
707	-1.021269	0.000000	0.159965	0.002555	16.4
708	-1.020867	0.000000	0.159965	0.003162	16.8
709	-1.019250	0.000000	0.159965	0.002325	16.4
710	-1.019602	0.000000	0.159965	0.002729	16.4
711	-1.020848	0.000000	0.159965	0.002494	16.9
712	-1.020298	0.000000	0.159965	0.002210	16.6
713	-1.020277	0.000000	0.159965	0.002416	16.5
714	-1.020689	0.000000	0.159965	0.002541	16.7
715	-1.019507	0.000000	0.159965	0.002484	16.7
716	-1.021032	0.000000	0.159965	0.002982	16.7
717	-1.019000	0.000000	0.159965	0.002927	17.2
718	-1.018678	0.000000	0.159965	0.002453	16.0
719	-1.019873	0.000000	0.159965	0.002361	14.6
720	-1.019851	0.000000	0.159965	0.002656	13.6
721	-1.019332	0.000000	0.159965	0.002551	13.3
722	-1.020506	0.000000	0.159965	0.002279	13.2
723	-1.018802	0.000000	0.159965	0.002655	13.2
724	-1.020956	0.000000	0.159965	0.003235	13.3
725	-1.020195	0.000000	0.159965	0.002371	13.1
726	-1.020683	0.000000	0.159965	0.002785	13.2
727	-1.018651	0.000000	0.159965	0.002588	13.0
728	-1.019487	0.000000	0.159965	0.002066	13.1
729	-1.018338	0.000000	0.159965	0.001942	13.1
730	-1.020275	0.000000	0.159965	0.002452	13.1
731	-1.019889	0.000000	0.159965	0.001810	13.2
732	-1.020075	0.000000	0.159965	0.002101	13.1
733	-1.020597	0.000000	0.159965	0.002399	13.1
734	-1.020108	0.000000	0.159965	0.002496	13.5
735	-1.020480	0.000000	0.159965	0.002639	13.3
736	-1.020216	0.000000	0.159965	0.002790	13.2
737	-1.019752	0.000000	0.159965	0.002913	13.0
738	-1.019268	0.000000	0.159965	0.002383	13.1
739	-1.018533	0.000000	0.159965	0.002225	13.1
740	-1.019863	0.000000	0.159965	0.002153	13.0
741	-1.020401	0.000000	0.159965	0.002878	12.9
742	-1.019414	0.000000	0.159965	0.002519	12.8
743	-1.019954	0.000000	0.159965	0.002519	13.0
744	-1.019523	0.000000	0.159965	0.002602	13.0
745	-1.019556	0.000000	0.159965	0.002144	12.9
746	-1.020439	0.000000	0.159965	0.003157	13.2
747	-1.018231	0.000000	0.159965	0.002677	13.2
748	-1.018871	0.000000	0.159965	0.002078	13.1
749	-1.020884	0.000000	0.159965	0.002294	13.2
750	-1.019410	0.000000	0.159965	0.002164	13.2
751	-1.021257	0.000000	0.159965	0.002967	13.1
752	-1.019022	0.000000	0.159965	0.002397	12.9
753	-1.020027	0.000000	0.159965	0.002721	13.0
754	-1.018572	0.000000	0.159965	0.002566	13.1
755	-1.019653	0.000000	0.159965	0.002495	12.9
756	-1.018908	0.000000	0.159965	0.002191	12.9
757	-1.019201	0.000000	0.159965	0.002750	12.8
758	-1.020666	0.000000	0.159965	0.002577	13.1
759	-1.019272	0.000000	0.159965	0.002568	13.0
760	-1.019642	0.000000	0.159965	0.002741	12.9
761	-1.019412	0.000000	0.159965	0.002688	13.2
762	-1.018500	0.000000	0.159965	0.002149	13.2
763	-1.020776	0.000000	0.159965	0.003026	13.1
764	-1.018578	0.000000	0.159965	0.002599	13.1
765	-1.020017	0.000000	0.159965	0.002828	13.1
766	-1.019863	0.000000	0.159965	0.001946	13.2
767	-1.019892	0.000000	0.159965	0.002866	13.0
768	-1.019924	0.000000	0.159965	0.002479	12.9
769	-1.020707	0.000000	0.159965	0.002736	13.2
770	-1.020247	0.000000	0.159965	0.002520	13.1
771	-1.019606	0.000000	0.159965	0.003035	13.0
772	-1.019064	0.000000	0.159965	0.002434	12.9
773	-1.019434	0.000000	0.159965	0.002353	13.3
774	-1.018957	0.000000	0.159965	0.002251	13.4
775	-1.020135	0.000000	0.159965	0.002508	13.3
776	-1.019022	0.000000	0.159965	0.002394	13.5
777	-1.019813	0.000000	0.159965	0.003485	13.4
778	-1.019707	0.000000	0.159965	0.001810	13.1
779	-1.017880	0.000000	0.159965	0.002373	13.1
780	-1.019706	0.000000	0.159965	0.002979	13.1
781	-1.019791	0.000000	0.159965	0.002257	13.1
782	-1.019514	0.000000	0.159965	0.002012	12.9
783	-1.020137	0.000000	0.159965	0.002747	12.8
784	-1.019729	0.000000	0.159965	0.002523	13.1
785	-1.019453	0.000000	0.159965	0.002240	13.1
786	-1.017957	0.000000	0.159965	0.002384	12.9
787	-1.019820	0.000000	0.159965	0.002668	12.8
788	-1.018664	0.000000	0.159965	0.001873	12.9
789	-1.019675	0.000000	0.159965	0.001957	12.9
790	-1.019239	0.000000	0.159965	0.002782	33.4
791	-1.020454	0.000000	0.159965	0.002251	19.7
792	-1.018867	0.000000	0.159965	0.002145	14.6
793	-1.019149	0.000000	0.159965	0.002692	13.6
794	-1.019503	0.000000	0.159965	0.002236	14.3
795	-1.019847	0.000000	0.159965	0.002040	14.3
796	-1.019344	0.000000	0.159965	0.003047	13.5
797	-1.018920	0.000000	0.159965	0.001861	13.4
798	-1.019441	0.000000	0.159965	0.002045	13.1
799	-1.019254	0.000000	0.159965	0.002175	12.8
800	-1.021165	0.000000	0.159965	0.002581	12.8
801	-1.019640	0.000000	0.159965	0.002694	12.9
802	-1.019093	0.000000	0.159965	0.002143	12.9
803	-1.018905	0.000000	0.159965	0.003049	13.0
804	-1.018908	0.000000	0.159965	0.002239	12.9
805	-1.020984	0.000000	0.159965	0.002879	13.1
806	-1.020790	0.000000	0.159965	0.002627	13.0
807	-1.020553	0.000000	0.159965	0.002393	13.0
808	-1.018675	0.000000	0.159965	0.002410	12.8
809	-1.018819	0.000000	0.159965	0.002043	12.8
810	-1.019823	0.000000	0.159965	0.002874	12.6
811	-1.019024	0.000000	0.159965	0.002528	12.8
812	-1.019504	0.000000	0.159965	0.002550	13.1
813	-1.018289	0.000000	0.159965	0.002454	13.0
814	-1.020301	0.000000	0.159965	0.002788	12.7
815	-1.018836	0.000000	0.159965	0.002873	12.6
816	-1.020700	0.000000	0.159965	0.001853	12.7
817	-1.018220	0.000000	0.159965	0.003091	12.8
818	-1.020110	0.000000	0.159965	0.002093	13.1
819	-1.020866	0.000000	0.159965	0.002438	12.9
820	-1.020008	0.000000	0.159965	0.002385	13.1
821	-1.021214	0.000000	0.159965	0.002883	13.2
822	-1.019953	0.000000	0.159965	0.002541	13.1
823	-1.021584	0.000000	0.159965	0.002909	13.0
824	-1.019357	0.000000	0.159965	0.002875	13.0
825	-1.019596	0.000000	0.159965	0.002430	12.8
826	-1.018698	0.000000	0.159965	0.001881	12.8
827	-1.020675	0.000000	0.159965	0.002571	12.7
828	-1.020667	0.000000	0.159965	0.002831	12.7
829	-1.020140	0.000000	0.159965	0.002346	12.8
830	-1.018365	0.000000	0.159965	0.002605	12.7
831	-1.020218	0.000000	0.159965	0.002575	12.8
832	-1.020786	0.000000	0.159965	0.002668	29.1
833	-1.019461	0.000000	0.159965	0.002267	24.2
834	-1.019706	0.000000	0.159965	0.002666	18.2
835	-1.018857	0.000000	0.159965	0.002636	13.6
836	-1.019661	0.000000	0.159965	0.001889	13.1
837	-1.019228	0.000000	0.159965	0.002503	13.1
838	-1.020588	0.000000	0.159965	0.002248	12.8
839	-1.018453	0.000000	0.159965	0.002956	12.8
840	-1.018744	0.000000	0.159965	0.002718	12.7
841	-1.020080	0.000000	0.159965	0.002537	12.8
842	-1.020145	0.000000	0.159965	0.002541	12.9
843	-1.020316	0.000000	0.159965	0.003075	12.8
844	-1.020476	0.000000	0.159965	0.001888	12.6
845	-1.020205	0.000000	0.159965	0.002563	12.7
846	-1.018213	0.000000	0.159965	0.002734	12.8
847	-1.019799	0.000000	0.159965	0.002765	12.8
848	-1.020521	0.000000	0.159965	0.002622	12.7
849	-1.020461	0.000000	0.159965	0.001742	13.1
850	-1.018646	0.000000	0.159965	0.002346	13.0
851	-1.018017	0.000000	0.159965	0.002253	13.7
852	-1.020209	0.000000	0.159965	0.002311	13.5
853	-1.019007	0.000000	0.159965	0.001533	13.5
854	-1.019957	0.000000	0.159965	0.002821	13.5
855	-1.018153	0.000000	0.159965	0.002479	13.0
856	-1.019257	0.000000	0.159965	0.002303	13.1
857	-1.018949	0.000000	0.159965	0.002713	12.9
858	-1.019592	0.000000	0.159965	0.002193	12.9
859	-1.019664	0.000000	0.159965	0.002432	13.0
860	-1.019427	0.000000	0.159965	0.002622	13.1
861	-1.018860	0.000000	0.159965	0.001953	13.2
862	-1.020099	0.000000	0.159965	0.002150	12.9
863	-1.019026	0.000000	0.159965	0.002592	13.0
864	-1.021569	0.000000	0.159965	0.003200	13.7
865	-1.017189	0.000000	0.159965	0.002074	13.4
866	-1.019343	0.000000	0.159965	0.002757	13.2
867	-1.019787	0.000000	0.159965	0.002211	13.3
868	-1.019931	0.000000	0.159965	0.002011	13.0
869	-1.018309	0.000000	0.159965	0.002542	12.9
870	-1.017856	0.000000	0.159965	0.002121	12.9
871	-1.022370	0.000000	0.159965	0.003566	13.2
872	-1.018517	0.000000	0.159965	0.001977	13.2
873	-1.017440	0.000000	0.159965	0.002087	12.9
874	-1.017580	0.000000	0.159965	0.002398	12.9
875	-1.018858	0.000000	0.159965	0.002605	12.9
876	-1.019077	0.000000	0.159965	0.003198	12.6
877	-1.019002	0.000000	0.159965	0.002376	12.6
878	-1.021483	0.000000	0.159965	0.002842	12.6
879	-1.019429	0.000000	0.159965	0.002226	12.8
880	-1.019464	0.000000	0.159965	0.002540	12.9
881	-1.019908	0.000000	0.159965	0.002492	12.7
882	-1.021288	0.000000	0.159965	0.002681	13.0
883	-1.019514	0.000000	0.159965	0.002422	13.0
884	-1.018209	0.000000	0.159965	0.001805	12.6
885	-1.018989	0.000000	0.159965	0.002006	12.6
886	-1.018844	0.000000	0.159965	0.002038	12.7
887	-1.019250	0.000000	0.159965	0.002335	12.6
888	-1.017884	0.000000	0.159965	0.002697	12.6
889	-1.019680	0.000000	0.159965	0.002802	12.7
890	-1.018910	0.000000	0.159965	0.002655	12.7
891	-1.019564	0.000000	0.159965	0.001899	13.2
892	-1.019663	0.000000	0.159965	0.002245	13.2
893	-1.020059	0.000000	0.159965	0.002211	13.1
894	-1.019046	0.000000	0.159965	0.002624	13.0
895	-1.020124	0.000000	0.159965	0.002765	13.0
896	-1.019215	0.000000	0.159965	0.002107	12.9
897	-1.021058	0.000000	0.159965	0.002274	12.7
898	-1.019120	0.000000	0.159965	0.003019	13.2
899	-1.019076	0.000000	0.159965	0.002299	13.4
900	-1.021427	0.000000	0.159965	0.002849	12.9
901	-1.020806	0.000000	0.159965	0.002643	12.7
902	-1.019271	0.000000	0.159965	0.003122	12.7
903	-1.020664	0.000000	0.159965	0.003441	12.8
904	-1.020816	0.000000	0.159965	0.002477	12.5
905	-1.019908	0.000000	0.159965	0.002549	12.7
906	-1.019091	0.000000	0.159965	0.002265	12.7
907	-1.021481	0.000000	0.159965	0.001585	12.7
908	-1.019181	0.000000	0.159965	0.002101	12.7
909	-1.019524	0.000000	0.159965	0.002432	12.7
910	-1.021085	0.000000	0.159965	0.003292	13.0
911	-1.020244	0.000000	0.159965	0.002564	12.8
912	-1.020018	0.000000	0.159965	0.002743	12.8
913	-1.020179	0.000000	0.159965	0.002591	13.5
914	-1.020151	0.000000	0.159965	0.002381	13.3
915	-1.019178	0.000000	0.159965	0.002661	13.1
916	-1.019081	0.000000	0.159965	0.001856	12.7
917	-1.018676	0.000000	0.159965	0.002683	12.7
918	-1.020246	0.000000	0.159965	0.002499	12.6
919	-1.018650	0.000000	0.159965	0.002994	12.7
920	-1.019569	0.000000	0.159965	0.002358	12.6
921	-1.019511	0.000000	0.159965	0.002867	12.8
922	-1.019932	0.000000	0.159965	0.002962	12.7
923	-1.018807	0.000000	0.159965	0.002540	12.8
924	-1.019148	0.000000	0.159965	0.002610	12.6
925	-1.020474	0.000000	0.159965	0.002345	12.6
926	-1.020257	0.000000	0.159965	0.002492	12.9
927	-1.020295	0.000000	0.159965	0.001684	12.9
928	-1.020081	0.000000	0.159965	0.002576	12.9
929	-1.019648	0.000000	0.159965	0.002391	24.4
930	-1.020994	0.000000	0.159965	0.002023	24.8
931	-1.019917	0.000000	0.159965	0.002902	16.2
932	-1.019063	0.000000	0.159965	0.001836	14.0
933	-1.019606	0.000000	0.159965	0.002243	12.7
934	-1.019853	0.000000	0.159965	0.002179	13.0
935	-1.019596	0.000000	0.159965	0.003285	12.9
936	-1.018071	0.000000	0.159965	0.002257	13.1
937	-1.019967	0.000000	0.159965	0.001792	12.8
938	-1.020685	0.000000	0.159965	0.002732	13.2
939	-1.020396	0.000000	0.159965	0.001931	13.6
940	-1.018370	0.000000	0.159965	0.002113	13.4
941	-1.018842	0.000000	0.159965	0.002274	13.2
942	-1.017834	0.000000	0.159965	0.002396	13.0
943	-1.019663	0.000000	0.159965	0.002131	12.9
944	-1.018642	0.000000	0.159965	0.001803	12.7
945	-1.021022	0.000000	0.159965	0.002562	12.6
946	-1.017909	0.000000	0.159965	0.002146	12.9
947	-1.019649	0.000000	0.159965	0.002060	12.9
948	-1.019576	0.000000	0.159965	0.002528	12.7
949	-1.019369	0.000000	0.159965	0.002722	12.7
950	-1.021137	0.000000	0.159965	0.002351	12.9
951	-1.018742	0.000000	0.159965	0.002034	13.4
952	-1.019297	0.000000	0.159965	0.003371	13.3
953	-1.020647	0.000000	0.159965	0.002569	12.9
954	-1.021052	0.000000	0.159965	0.002442	13.2
955	-1.020247	0.000000	0.159965	0.002498	14.8
956	-1.021698	0.000000	0.159965	0.002836	15.7
957	-1.020707	0.000000	0.159965	0.003057	15.4
958	-1.020096	0.000000	0.159965	0.002264	15.5
959	-1.022142	0.000000	0.159965	0.002723	15.5
960	-1.018822	0.000000	0.159965	0.002521	15.0
961	-1.020175	0.000000	0.159965	0.002291	14.3
962	-1.019195	0.000000	0.159965	0.003011	14.0
963	-1.019351	0.000000	0.159965	0.002285	13.9
964	-1.021470	0.000000	0.159965	0.002851	14.0
965	-1.019274	0.000000	0.159965	0.001961	14.0
966	-1.018421	0.000000	0.159965	0.002463	13.7
967	-1.019330	0.000000	0.159965	0.002504	13.7
968	-1.019016	0.000000	0.159965	0.002762	13.9
969	-1.020790	0.000000	0.159965	0.002384	13.6
970	-1.019866	0.000000	0.159965	0.002434	13.7
971	-1.019311	0.000000	0.159965	0.001608	14.4
972	-1.022051	0.000000	0.159965	0.002721	13.9
973	-1.020132	0.000000	0.159965	0.002781	13.7
974	-1.019226	0.000000	0.159965	0.002371	13.0
975	-1.018737	0.000000	0.159965	0.002704	12.9
976	-1.020141	0.000000	0.159965	0.002345	12.9
977	-1.020239	0.000000	0.159965	0.002641	12.8
978	-1.019134	0.000000	0.159965	0.002342	12.7
979	-1.020420	0.000000	0.159965	0.002536	12.8
980	-1.019439	0.000000	0.159965	0.002221	13.0
981	-1.020477	0.000000	0.159965	0.002926	12.9
982	-1.019074	0.000000	0.159965	0.002364	12.9
983	-1.019570	0.000000	0.159965	0.002748	13.0
984	-1.020582	0.000000	0.159965	0.002427	13.0
985	-1.019906	0.000000	0.159965	0.002615	12.9
986	-1.019492	0.000000	0.159965	0.002274	12.9
987	-1.021400	0.000000	0.159965	0.002513	13.2
988	-1.019560	0.000000	0.159965	0.002052	13.0
989	-1.021944	0.000000	0.159965	0.002663	13.0
990	-1.020475	0.000000	0.159965	0.002006	12.7
991	-1.020366	0.000000	0.159965	0.003380	12.9
992	-1.018818	0.000000	0.159965	0.002450	12.8
993	-1.019323	0.000000	0.159965	0.002554	12.9
994	-1.019660	0.000000	0.159965	0.002915	12.7
995	-1.019580	0.000000	0.159965	0.003239	12.7
996	-1.019088	0.000000	0.159965	0.002048	12.8
997	-1.022339	0.000000	0.159965	0.002515	12.7
998	-1.020383	0.000000	0.159965	0.002505	13.0
999	-1.019613	0.000000	0.159965	0.002739	13.1
