1:ItNr	2:Metric	3a:Time	3b:StepSize	4:||Gradient||	Time[ms]
0	-1.039098	0.000000	0.159965	0.003681	569.1
1	-1.039860	0.000000	0.159965	0.003206	19.6
2	-1.040620	0.000000	0.159965	0.004217	26.0
3	-1.041293	0.000000	0.159965	0.003524	20.1
4	-1.038981	0.000000	0.159965	0.002968	19.0
5	-1.039943	0.000000	0.159965	0.002963	19.1
6	-1.039439	0.000000	0.159965	0.004756	19.0
7	-1.037526	0.000000	0.159965	0.003834	19.0
8	-1.038002	0.000000	0.159965	0.002687	18.9
9	-1.039411	0.000000	0.159965	0.004042	19.0
10	-1.039167	0.000000	0.159965	0.003699	19.0
11	-1.038932	0.000000	0.159965	0.004223	18.9
12	-1.040311	0.000000	0.159965	0.004206	19.0
13	-1.039827	0.000000	0.159965	0.003521	19.0
14	-1.039389	0.000000	0.159965	0.003701	19.2
15	-1.038317	0.000000	0.159965	0.003750	18.9
16	-1.039131	0.000000	0.159965	0.003006	18.9
17	-1.037882	0.000000	0.159965	0.003466	18.9
18	-1.040088	0.000000	0.159965	0.003456	19.0
19	-1.039562	0.000000	0.159965	0.002341	18.8
20	-1.040415	0.000000	0.159965	0.002890	19.1
21	-1.041390	0.000000	0.159965	0.003072	19.0
22	-1.042517	0.000000	0.159965	0.004549	19.0
23	-1.039611	0.000000	0.159965	0.002975	18.9
24	-1.039436	0.000000	0.159965	0.004789	18.9
25	-1.042637	0.000000	0.159965	0.003469	18.8
26	-1.040112	0.000000	0.159965	0.004393	19.0
27	-1.041326	0.000000	0.159965	0.001820	19.0
28	-1.039529	0.000000	0.159965	0.002345	18.9
29	-1.039960	0.000000	0.159965	0.003860	18.8
30	-1.039674	0.000000	0.159965	0.003616	19.0
31	-1.040539	0.000000	0.159965	0.003266	18.9
32	-1.038525	0.000000	0.159965	0.003892	19.3
33	-1.039006	0.000000	0.159965	0.003235	19.1
34	-1.038343	0.000000	0.159965	0.003302	18.9
35	-1.039504	0.000000	0.159965	0.003422	19.0
36	-1.040623	0.000000	0.159965	0.004210	19.0
37	-1.038400	0.000000	0.159965	0.002438	19.1
38	-1.039009	0.000000	0.159965	0.003218	18.9
39	-1.037434	0.000000	0.159965	0.003394	18.9
40	-1.038646	0.000000	0.159965	0.003135	19.0
41	-1.039269	0.000000	0.159965	0.003868	18.8
42	-1.040763	0.000000	0.159965	0.003199	18.9
43	-1.039734	0.000000	0.159965	0.002686	18.9
44	-1.038687	0.000000	0.159965	0.002085	19.0
45	-1.040371	0.000000	0.159965	0.002337	18.9
46	-1.040789	0.000000	0.159965	0.004197	18.9
47	-1.037981	0.000000	0.159965	0.003900	18.8
48	-1.041358	0.000000	0.159965	0.003586	19.0
49	-1.039608	0.000000	0.159965	0.002544	18.9
50	-1.039941	0.000000	0.159965	0.003071	18.9
51	-1.037332	0.000000	0.159965	0.004687	18.8
52	-1.040065	0.000000	0.159965	0.004213	18.8
53	-1.041920	0.000000	0.159965	0.004374	19.0
54	-1.038961	0.000000	0.159965	0.003502	18.9
55	-1.038510	0.000000	0.159965	0.002536	18.9
56	-1.040146	0.000000	0.159965	0.002790	18.9
57	-1.039393	0.000000	0.159965	0.003677	19.0
58	-1.040551	0.000000	0.159965	0.003319	19.1
59	-1.042330	0.000000	0.159965	0.004723	19.1
60	-1.038128	0.000000	0.159965	0.004587	19.1
61	-1.042242	0.000000	0.159965	0.002478	18.9
62	-1.041115	0.000000	0.159965	0.003377	18.8
63	-1.040774	0.000000	0.159965	0.002561	18.8
64	-1.038883	0.000000	0.159965	0.004321	18.8
65	-1.039238	0.000000	0.159965	0.002998	18.8
66	-1.039547	0.000000	0.159965	0.004999	19.0
67	-1.038572	0.000000	0.159965	0.003396	18.8
68	-1.041850	0.000000	0.159965	0.002764	18.8
69	-1.040312	0.000000	0.159965	0.004546	19.1
70	-1.036881	0.000000	0.159965	0.003660	18.8
71	-1.040240	0.000000	0.159965	0.002784	18.7
72	-1.037779	0.000000	0.159965	0.003983	18.8
73	-1.038317	0.000000	0.159965	0.001768	18.9
74	-1.042050	0.000000	0.159965	0.004450	18.8
75	-1.039993	0.000000	0.159965	0.003497	18.9
76	-1.039658	0.000000	0.159965	0.002659	18.9
77	-1.039205	0.000000	0.159965	0.003509	19.1
78	-1.038634	0.000000	0.159965	0.002483	19.0
79	-1.038607	0.000000	0.159965	0.002616	18.8
80	-1.038858	0.000000	0.159965	0.003270	18.9
81	-1.039945	0.000000	0.159965	0.003040	19.0
82	-1.038851	0.000000	0.159965	0.002360	18.9
83	-1.040818	0.000000	0.159965	0.003910	19.2
84	-1.038010	0.000000	0.159965	0.002536	18.9
85	-1.038682	0.000000	0.159965	0.004280	19.0
86	-1.037794	0.000000	0.159965	0.002073	18.9
87	-1.036642	0.000000	0.159965	0.004011	19.0
88	-1.040499	0.000000	0.159965	0.002818	18.9
89	-1.039226	0.000000	0.159965	0.003052	18.8
90	-1.041042	0.000000	0.159965	0.003320	19.0
91	-1.043431	0.000000	0.159965	0.002931	19.0
92	-1.039072	0.000000	0.159965	0.003480	18.8
93	-1.039898	0.000000	0.159965	0.004894	18.9
94	-1.039000	0.000000	0.159965	0.004171	18.8
95	-1.038034	0.000000	0.159965	0.004262	18.9
96	-1.040130	0.000000	0.159965	0.002935	19.0
97	-1.042013	0.000000	0.159965	0.002746	19.0
98	-1.040345	0.000000	0.159965	0.004650	18.9
99	-1.039398	0.000000	0.159965	0.003211	18.9
100	-1.039619	0.000000	0.159965	0.003735	19.0
101	-1.039076	0.000000	0.159965	0.002873	18.9
102	-1.039618	0.000000	0.159965	0.002997	18.8
103	-1.041032	0.000000	0.159965	0.003604	18.8
104	-1.039796	0.000000	0.159965	0.003083	19.0
105	-1.039419	0.000000	0.159965	0.002890	18.9
106	-1.040364	0.000000	0.159965	0.002469	19.0
107	-1.041046	0.000000	0.159965	0.003367	18.9
108	-1.039589	0.000000	0.159965	0.003727	18.8
109	-1.038680	0.000000	0.159965	0.002570	19.2
110	-1.039454	0.000000	0.159965	0.003467	18.9
111	-1.039648	0.000000	0.159965	0.003744	18.9
112	-1.040797	0.000000	0.159965	0.003269	18.8
113	-1.040090	0.000000	0.159965	0.003696	18.8
114	-1.039192	0.000000	0.159965	0.002497	18.8
115	-1.038244	0.000000	0.159965	0.002968	18.8
116	-1.039630	0.000000	0.159965	0.003091	18.8
117	-1.039073	0.000000	0.159965	0.003540	19.1
118	-1.040773	0.000000	0.159965	0.004149	18.9
119	-1.040762	0.000000	0.159965	0.003986	18.8
120	-1.040100	0.000000	0.159965	0.002789	19.0
121	-1.038443	0.000000	0.159965	0.002302	19.0
122	-1.040726	0.000000	0.159965	0.003178	18.7
123	-1.041129	0.000000	0.159965	0.002415	18.8
124	-1.041752	0.000000	0.159965	0.004903	18.8
125	-1.040534	0.000000	0.159965	0.002572	19.0
126	-1.041642	0.000000	0.159965	0.004327	18.8
127	-1.039288	0.000000	0.159965	0.004521	18.8
128	-1.039007	0.000000	0.159965	0.004323	18.9
129	-1.038744	0.000000	0.159965	0.003302	18.8
130	-1.039544	0.000000	0.159965	0.003503	18.8
131	-1.040276	0.000000	0.159965	0.002766	18.9
132	-1.040726	0.000000	0.159965	0.003447	18.8
133	-1.036755	0.000000	0.159965	0.002646	18.8
134	-1.042177	0.000000	0.159965	0.005301	18.9
135	-1.039894	0.000000	0.159965	0.002618	18.9
136	-1.039509	0.000000	0.159965	0.004325	19.0
137	-1.041275	0.000000	0.159965	0.003402	19.1
138	-1.041255	0.000000	0.159965	0.005530	19.1
139	-1.041810	0.000000	0.159965	0.002676	18.9
140	-1.040462	0.000000	0.159965	0.002937	18.8
141	-1.040045	0.000000	0.159965	0.003833	18.9
142	-1.040090	0.000000	0.159965	0.002976	19.0
143	-1.040557	0.000000	0.159965	0.003737	18.9
144	-1.039659	0.000000	0.159965	0.004662	18.7
145	-1.040030	0.000000	0.159965	0.002949	19.0
146	-1.039831	0.000000	0.159965	0.002980	19.0
147	-1.038387	0.000000	0.159965	0.002035	18.9
148	-1.040475	0.000000	0.159965	0.002362	18.8
149	-1.040011	0.000000	0.159965	0.001407	18.9
150	-1.040963	0.000000	0.159965	0.002910	18.8
151	-1.041306	0.000000	0.159965	0.003466	18.9
152	-1.039851	0.000000	0.159965	0.003262	18.8
153	-1.039649	0.000000	0.159965	0.003924	18.8
154	-1.037240	0.000000	0.159965	0.004061	18.8
155	-1.039094	0.000000	0.159965	0.003919	18.8
156	-1.040264	0.000000	0.159965	0.003708	18.8
157	-1.037868	0.000000	0.159965	0.004096	19.0
158	-1.038783	0.000000	0.159965	0.002724	18.8
159	-1.038435	0.000000	0.159965	0.003965	19.0
160	-1.038593	0.000000	0.159965	0.004209	18.9
161	-1.041243	0.000000	0.159965	0.004160	18.8
162	-1.039623	0.000000	0.159965	0.002752	19.0
163	-1.038529	0.000000	0.159965	0.002654	18.8
164	-1.041351	0.000000	0.159965	0.004109	18.9
165	-1.040562	0.000000	0.159965	0.002855	18.9
166	-1.039293	0.000000	0.159965	0.002702	18.8
167	-1.039134	0.000000	0.159965	0.003608	18.9
168	-1.039544	0.000000	0.159965	0.002721	18.7
169	-1.040860	0.000000	0.159965	0.002224	18.9
170	-1.037517	0.000000	0.159965	0.002766	18.9
171	-1.038323	0.000000	0.159965	0.003319	18.7
172	-1.042769	0.000000	0.159965	0.005159	18.9
173	-1.040974	0.000000	0.159965	0.002916	19.1
174	-1.041712	0.000000	0.159965	0.003739	19.1
175	-1.039947	0.000000	0.159965	0.004394	18.9
176	-1.038341	0.000000	0.159965	0.003331	19.0
177	-1.039516	0.000000	0.159965	0.003158	18.9
178	-1.039750	0.000000	0.159965	0.003881	18.9
179	-1.038840	0.000000	0.159965	0.003133	18.8
180	-1.040300	0.000000	0.159965	0.003399	19.2
181	-1.040473	0.000000	0.159965	0.002865	18.9
182	-1.038295	0.000000	0.159965	0.003490	18.7
183	-1.040507	0.000000	0.159965	0.004363	19.1
184	-1.041172	0.000000	0.159965	0.002393	18.8
185	-1.039386	0.000000	0.159965	0.003051	19.0
186	-1.039490	0.000000	0.159965	0.003417	18.9
187	-1.041196	0.000000	0.159965	0.003294	18.7
188	-1.041281	0.000000	0.159965	0.002769	18.7
189	-1.039166	0.000000	0.159965	0.003861	18.9
190	-1.039859	0.000000	0.159965	0.003145	19.2
191	-1.037225	0.000000	0.159965	0.003362	18.9
192	-1.040017	0.000000	0.159965	0.002717	18.9
193	-1.040942	0.000000	0.159965	0.003075	18.9
194	-1.041153	0.000000	0.159965	0.003288	19.1
195	-1.039613	0.000000	0.159965	0.003083	19.0
196	-1.041280	0.000000	0.159965	0.003249	19.0
197	-1.039434	0.000000	0.159965	0.003244	19.0
198	-1.039822	0.000000	0.159965	0.003196	18.8
199	-1.041852	0.000000	0.159965	0.005001	18.8
200	-1.039791	0.000000	0.159965	0.003223	18.9
201	-1.039358	0.000000	0.159965	0.003168	18.9
202	-1.040428	0.000000	0.159965	0.003026	18.9
203	-1.039842	0.000000	0.159965	0.002033	18.9
204	-1.039405	0.000000	0.159965	0.003189	19.0
205	-1.039449	0.000000	0.159965	0.003593	19.0
206	-1.038323	0.000000	0.159965	0.002217	18.9
207	-1.040526	0.000000	0.159965	0.004451	18.8
208	-1.039492	0.000000	0.159965	0.003346	19.0
209	-1.038754	0.000000	0.159965	0.002757	18.8
210	-1.041414	0.000000	0.159965	0.003633	19.0
211	-1.039889	0.000000	0.159965	0.003958	18.8
212	-1.039545	0.000000	0.159965	0.002815	18.9
213	-1.041139	0.000000	0.159965	0.003709	18.8
214	-1.039690	0.000000	0.159965	0.003229	18.7
215	-1.042051	0.000000	0.159965	0.004059	18.9
216	-1.040508	0.000000	0.159965	0.003341	19.0
217	-1.041091	0.000000	0.159965	0.004253	18.9
218	-1.040168	0.000000	0.159965	0.003409	18.6
219	-1.039480	0.000000	0.159965	0.002963	18.9
220	-1.039576	0.000000	0.159965	0.002897	19.0
221	-1.039733	0.000000	0.159965	0.004188	18.9
222	-1.039108	0.000000	0.159965	0.002273	18.9
223	-1.039421	0.000000	0.159965	0.002065	18.9
224	-1.038864	0.000000	0.159965	0.003035	18.8
225	-1.041533	0.000000	0.159965	0.005749	18.8
226	-1.042328	0.000000	0.159965	0.004358	19.0
227	-1.038891	0.000000	0.159965	0.002376	19.0
228	-1.039986	0.000000	0.159965	0.003466	18.9
229	-1.041025	0.000000	0.159965	0.003751	18.9
230	-1.040404	0.000000	0.159965	0.004164	19.0
231	-1.040809	0.000000	0.159965	0.002680	18.8
232	-1.040701	0.000000	0.159965	0.003820	18.7
233	-1.039433	0.000000	0.159965	0.003297	18.9
234	-1.039642	0.000000	0.159965	0.002399	18.8
235	-1.039507	0.000000	0.159965	0.002803	18.9
236	-1.040390	0.000000	0.159965	0.002363	18.9
237	-1.039156	0.000000	0.159965	0.004516	18.7
238	-1.041615	0.000000	0.159965	0.003497	18.8
239	-1.037610	0.000000	0.159965	0.004326	18.9
240	-1.039526	0.000000	0.159965	0.003139	18.9
241	-1.039369	0.000000	0.159965	0.002930	19.0
242	-1.038294	0.000000	0.159965	0.004186	18.8
243	-1.040020	0.000000	0.159965	0.003197	19.0
244	-1.040458	0.000000	0.159965	0.003629	18.9
245	-1.040838	0.000000	0.159965	0.004282	19.0
246	-1.040600	0.000000	0.159965	0.003602	18.9
247	-1.039179	0.000000	0.159965	0.002089	19.0
248	-1.037583	0.000000	0.159965	0.002662	19.3
249	-1.039103	0.000000	0.159965	0.002986	18.9
250	-1.038122	0.000000	0.159965	0.002667	18.8
251	-1.038190	0.000000	0.159965	0.004258	18.8
252	-1.040821	0.000000	0.159965	0.003954	19.1
253	-1.039659	0.000000	0.159965	0.002185	18.9
254	-1.040378	0.000000	0.159965	0.004272	18.9
255	-1.041053	0.000000	0.159965	0.002887	18.9
256	-1.038687	0.000000	0.159965	0.003863	18.9
257	-1.036992	0.000000	0.159965	0.003232	19.0
258	-1.042126	0.000000	0.159965	0.003485	18.9
259	-1.036999	0.000000	0.159965	0.004185	19.0
260	-1.039079	0.000000	0.159965	0.004279	18.6
261	-1.039104	0.000000	0.159965	0.004624	18.7
262	-1.040396	0.000000	0.159965	0.004017	18.9
263	-1.038950	0.000000	0.159965	0.003556	18.9
264	-1.039432	0.000000	0.159965	0.003257	18.8
265	-1.039246	0.000000	0.159965	0.002294	18.8
266	-1.039171	0.000000	0.159965	0.004328	18.7
267	-1.039769	0.000000	0.159965	0.003155	18.7
268	-1.038047	0.000000	0.159965	0.003188	18.9
269	-1.040964	0.000000	0.159965	0.003468	18.9
270	-1.039758	0.000000	0.159965	0.002877	18.8
271	-1.041899	0.000000	0.159965	0.004809	18.8
272	-1.039179	0.000000	0.159965	0.003937	18.8
273	-1.040789	0.000000	0.159965	0.004541	19.0
274	-1.039350	0.000000	0.159965	0.003074	19.0
275	-1.038824	0.000000	0.159965	0.003047	18.8
276	-1.040109	0.000000	0.159965	0.003830	18.8
277	-1.041109	0.000000	0.159965	0.004540	18.8
278	-1.038730	0.000000	0.159965	0.003686	18.8
279	-1.040440	0.000000	0.159965	0.002110	18.8
280	-1.041775	0.000000	0.159965	0.003244	18.7
281	-1.042040	0.000000	0.159965	0.003016	18.9
282	-1.038078	0.000000	0.159965	0.002591	18.8
283	-1.040354	0.000000	0.159965	0.002984	18.8
284	-1.042476	0.000000	0.159965	0.003438	18.8
285	-1.042744	0.000000	0.159965	0.004285	18.9
286	-1.039184	0.000000	0.159965	0.002008	18.9
287	-1.041239	0.000000	0.159965	0.003603	18.8
288	-1.040822	0.000000	0.159965	0.003833	18.8
289	-1.039767	0.000000	0.159965	0.002355	18.9
290	-1.040321	0.000000	0.159965	0.003222	18.7
291	-1.041035	0.000000	0.159965	0.003085	18.9
292	-1.041458	0.000000	0.159965	0.003885	18.8
293	-1.041273	0.000000	0.159965	0.002978	18.9
294	-1.041792	0.000000	0.159965	0.004611	18.9
295	-1.039877	0.000000	0.159965	0.002313	18.9
296	-1.041123	0.000000	0.159965	0.004562	19.1
297	-1.038362	0.000000	0.159965	0.003574	18.8
298	-1.040195	0.000000	0.159965	0.002733	19.0
299	-1.042289	0.000000	0.159965	0.003717	18.8
300	-1.038488	0.000000	0.159965	0.003389	18.9
301	-1.041169	0.000000	0.159965	0.004056	19.1
302	-1.040213	0.000000	0.159965	0.002350	18.9
303	-1.039846	0.000000	0.159965	0.003420	18.8
304	-1.041328	0.000000	0.159965	0.003200	18.8
305	-1.041131	0.000000	0.159965	0.002446	18.9
306	-1.040017	0.000000	0.159965	0.003737	18.8
307	-1.042038	0.000000	0.159965	0.003470	18.8
308	-1.038872	0.000000	0.159965	0.002843	18.9
309	-1.041283	0.000000	0.159965	0.002966	18.8
310	-1.041153	0.000000	0.159965	0.004225	18.9
311	-1.039289	0.000000	0.159965	0.004412	18.8
312	-1.039413	0.000000	0.159965	0.003906	19.0
313	-1.041587	0.000000	0.159965	0.002512	18.8
314	-1.042685	0.000000	0.159965	0.004324	18.7
315	-1.040005	0.000000	0.159965	0.003467	18.7
316	-1.038288	0.000000	0.159965	0.002429	19.0
317	-1.041019	0.000000	0.159965	0.003466	18.9
318	-1.037909	0.000000	0.159965	0.003370	18.8
319	-1.038042	0.000000	0.159965	0.002512	18.9
320	-1.039252	0.000000	0.159965	0.004174	18.9
321	-1.039363	0.000000	0.159965	0.002543	19.0
322	-1.038684	0.000000	0.159965	0.004073	18.7
323	-1.040146	0.000000	0.159965	0.003457	18.8
324	-1.041326	0.000000	0.159965	0.003580	18.7
325	-1.039557	0.000000	0.159965	0.002739	18.9
326	-1.040170	0.000000	0.159965	0.004256	19.0
327	-1.039160	0.000000	0.159965	0.003523	18.8
328	-1.040737	0.000000	0.159965	0.002079	18.8
329	-1.039017	0.000000	0.159965	0.002764	18.8
330	-1.039363	0.000000	0.159965	0.002808	18.9
331	-1.041460	0.000000	0.159965	0.002943	18.8
332	-1.040149	0.000000	0.159965	0.004498	18.9
333	-1.038942	0.000000	0.159965	0.003390	18.8
334	-1.039040	0.000000	0.159965	0.002838	18.9
335	-1.038856	0.000000	0.159965	0.004983	18.9
336	-1.039945	0.000000	0.159965	0.003457	19.0
337	-1.037381	0.000000	0.159965	0.003000	18.9
338	-1.039454	0.000000	0.159965	0.004225	18.7
339	-1.040317	0.000000	0.159965	0.002972	18.8
340	-1.040507	0.000000	0.159965	0.004257	19.1
341	-1.039869	0.000000	0.159965	0.003565	18.8
342	-1.041059	0.000000	0.159965	0.003465	18.8
343	-1.039431	0.000000	0.159965	0.002330	18.8
344	-1.038933	0.000000	0.159965	0.002562	18.8
345	-1.041762	0.000000	0.159965	0.003831	18.7
346	-1.039402	0.000000	0.159965	0.002497	18.8
347	-1.040429	0.000000	0.159965	0.002598	19.0
348	-1.041748	0.000000	0.159965	0.004822	18.8
349	-1.040695	0.000000	0.159965	0.003938	19.0
350	-1.040609	0.000000	0.159965	0.003868	18.9
351	-1.041068	0.000000	0.159965	0.003447	18.8
352	-1.038842	0.000000	0.159965	0.003053	18.9
353	-1.040508	0.000000	0.159965	0.003067	18.9
354	-1.039425	0.000000	0.159965	0.002370	18.9
355	-1.039924	0.000000	0.159965	0.002416	18.9
356	-1.040527	0.000000	0.159965	0.002892	18.8
357	-1.042108	0.000000	0.159965	0.003796	18.9
358	-1.038266	0.000000	0.159965	0.003887	18.9
359	-1.040423	0.000000	0.159965	0.003735	18.9
360	-1.037757	0.000000	0.159965	0.003016	18.9
361	-1.042628	0.000000	0.159965	0.002933	18.6
362	-1.041960	0.000000	0.159965	0.003701	18.8
363	-1.040266	0.000000	0.159965	0.003254	19.0
364	-1.039279	0.000000	0.159965	0.001902	18.8
365	-1.040159	0.000000	0.159965	0.004152	18.7
366	-1.040649	0.000000	0.159965	0.003049	18.8
367	-1.038540	0.000000	0.159965	0.004145	18.8
368	-1.043260	0.000000	0.159965	0.003370	18.8
369	-1.041874	0.000000	0.159965	0.002547	18.9
370	-1.038670	0.000000	0.159965	0.003046	18.8
371	-1.041107	0.000000	0.159965	0.002864	18.8
372	-1.039646	0.000000	0.159965	0.002480	18.8
373	-1.041216	0.000000	0.159965	0.004008	18.7
374	-1.039477	0.000000	0.159965	0.003292	18.8
375	-1.041570	0.000000	0.159965	0.003121	18.9
376	-1.041373	0.000000	0.159965	0.003161	18.7
377	-1.040809	0.000000	0.159965	0.004688	18.7
378	-1.041199	0.000000	0.159965	0.002749	18.8
379	-1.040786	0.000000	0.159965	0.004933	18.9
380	-1.039459	0.000000	0.159965	0.004569	18.9
381	-1.040125	0.000000	0.159965	0.004278	18.6
382	-1.040936	0.000000	0.159965	0.003156	18.8
383	-1.038012	0.000000	0.159965	0.001592	18.7
384	-1.041191	0.000000	0.159965	0.003485	18.9
385	-1.043074	0.000000	0.159965	0.003318	18.7
386	-1.042001	0.000000	0.159965	0.003539	18.8
387	-1.038755	0.000000	0.159965	0.003106	18.7
388	-1.039951	0.000000	0.159965	0.003218	18.8
389	-1.040222	0.000000	0.159965	0.005123	18.8
390	-1.039925	0.000000	0.159965	0.003099	18.7
391	-1.038344	0.000000	0.159965	0.002971	18.7
392	-1.040443	0.000000	0.159965	0.002477	18.8
393	-1.041025	0.000000	0.159965	0.003019	18.9
394	-1.039797	0.000000	0.159965	0.003469	18.8
395	-1.040924	0.000000	0.159965	0.003454	19.0
396	-1.041026	0.000000	0.159965	0.004320	18.8
397	-1.038113	0.000000	0.159965	0.002211	19.1
398	-1.039100	0.000000	0.159965	0.003126	18.8
399	-1.041425	0.000000	0.159965	0.004438	18.8
400	-1.040079	0.000000	0.159965	0.002381	18.9
401	-1.040419	0.000000	0.159965	0.004339	18.8
402	-1.040636	0.000000	0.159965	0.003689	19.4
403	-1.039550	0.000000	0.159965	0.003915	18.9
404	-1.040723	0.000000	0.159965	0.002591	18.9
405	-1.040551	0.000000	0.159965	0.003511	18.8
406	-1.041889	0.000000	0.159965	0.002906	18.8
407	-1.042616	0.000000	0.159965	0.002765	18.9
408	-1.037273	0.000000	0.159965	0.002309	18.8
409	-1.040086	0.000000	0.159965	0.004182	18.8
410	-1.041305	0.000000	0.159965	0.003764	18.7
411	-1.040887	0.000000	0.159965	0.002777	18.9
412	-1.038972	0.000000	0.159965	0.003137	18.8
413	-1.040009	0.000000	0.159965	0.003559	18.9
414	-1.039959	0.000000	0.159965	0.002819	18.8
415	-1.040899	0.000000	0.159965	0.002662	18.8
416	-1.040725	0.000000	0.159965	0.004144	18.9
417	-1.041229	0.000000	0.159965	0.002580	19.0
418	-1.041201	0.000000	0.159965	0.004267	18.9
419	-1.040055	0.000000	0.159965	0.003371	18.8
420	-1.039985	0.000000	0.159965	0.004180	18.9
421	-1.040931	0.000000	0.159965	0.002136	18.9
422	-1.041161	0.000000	0.159965	0.002793	19.0
423	-1.038763	0.000000	0.159965	0.004049	18.8
424	-1.040168	0.000000	0.159965	0.004088	19.0
425	-1.039392	0.000000	0.159965	0.002136	18.8
426	-1.041219	0.000000	0.159965	0.004528	18.9
427	-1.040519	0.000000	0.159965	0.002811	18.7
428	-1.041415	0.000000	0.159965	0.002570	18.9
429	-1.042894	0.000000	0.159965	0.004380	18.6
430	-1.039527	0.000000	0.159965	0.001562	18.7
431	-1.038840	0.000000	0.159965	0.003363	18.7
432	-1.039312	0.000000	0.159965	0.002176	18.8
433	-1.038750	0.000000	0.159965	0.002733	18.9
434	-1.039945	0.000000	0.159965	0.003096	18.8
435	-1.039517	0.000000	0.159965	0.002685	19.0
436	-1.039447	0.000000	0.159965	0.003439	18.8
437	-1.040038	0.000000	0.159965	0.004229	18.8
438	-1.041051	0.000000	0.159965	0.005210	18.7
439	-1.041872	0.000000	0.159965	0.002857	18.7
440	-1.040619	0.000000	0.159965	0.004552	18.9
441	-1.038897	0.000000	0.159965	0.003108	18.7
442	-1.040703	0.000000	0.159965	0.003170	18.8
443	-1.040206	0.000000	0.159965	0.004383	18.7
444	-1.038501	0.000000	0.159965	0.003689	19.0
445	-1.040747	0.000000	0.159965	0.004640	18.9
446	-1.042185	0.000000	0.159965	0.004878	18.7
447	-1.039779	0.000000	0.159965	0.004153	18.7
448	-1.041157	0.000000	0.159965	0.003177	18.7
449	-1.039522	0.000000	0.159965	0.002258	18.9
450	-1.037938	0.000000	0.159965	0.004095	18.9
451	-1.040519	0.000000	0.159965	0.004007	18.7
452	-1.041197	0.000000	0.159965	0.002760	18.8
453	-1.040393	0.000000	0.159965	0.002551	18.8
454	-1.040655	0.000000	0.159965	0.003500	18.8
455	-1.040076	0.000000	0.159965	0.004599	19.2
456	-1.040585	0.000000	0.159965	0.002725	18.8
457	-1.041150	0.000000	0.159965	0.002642	18.8
458	-1.039397	0.000000	0.159965	0.003113	18.8
459	-1.042239	0.000000	0.159965	0.004199	18.9
460	-1.041658	0.000000	0.159965	0.002809	19.0
461	-1.041068	0.000000	0.159965	0.002903	18.9
462	-1.042541	0.000000	0.159965	0.003606	18.8
463	-1.040476	0.000000	0.159965	0.002161	18.7
464	-1.039303	0.000000	0.159965	0.004104	19.0
465	-1.041982	0.000000	0.159965	0.003166	18.9
466	-1.040973	0.000000	0.159965	0.003176	18.8
467	-1.043172	0.000000	0.159965	0.003561	19.0
468	-1.039660	0.000000	0.159965	0.002873	18.8
469	-1.043582	0.000000	0.159965	0.004640	18.9
470	-1.041322	0.000000	0.159965	0.004214	18.9
471	-1.042238	0.000000	0.159965	0.004495	18.8
472	-1.044227	0.000000	0.159965	0.004791	19.0
473	-1.039665	0.000000	0.159965	0.003816	19.0
474	-1.040972	0.000000	0.159965	0.003630	18.9
475	-1.040501	0.000000	0.159965	0.002502	18.9
476	-1.040225	0.000000	0.159965	0.003811	18.7
477	-1.040228	0.000000	0.159965	0.002500	18.9
478	-1.040713	0.000000	0.159965	0.003634	18.7
479	-1.042395	0.000000	0.159965	0.003165	18.8
480	-1.040718	0.000000	0.159965	0.003747	18.8
481	-1.042503	0.000000	0.159965	0.003853	18.9
482	-1.041120	0.000000	0.159965	0.003349	18.7
483	-1.038259	0.000000	0.159965	0.004255	18.7
484	-1.041617	0.000000	0.159965	0.004141	18.7
485	-1.039863	0.000000	0.159965	0.003168	19.0
486	-1.041913	0.000000	0.159965	0.003873	19.0
487	-1.040348	0.000000	0.159965	0.005684	18.8
488	-1.041425	0.000000	0.159965	0.003556	18.8
489	-1.041156	0.000000	0.159965	0.002640	18.9
490	-1.039819	0.000000	0.159965	0.002753	18.7
491	-1.041608	0.000000	0.159965	0.002801	18.7
492	-1.042483	0.000000	0.159965	0.004667	18.7
493	-1.041525	0.000000	0.159965	0.004490	18.6
494	-1.039134	0.000000	0.159965	0.002825	18.9
495	-1.041091	0.000000	0.159965	0.003379	18.9
496	-1.041044	0.000000	0.159965	0.003476	18.8
497	-1.040941	0.000000	0.159965	0.004228	18.7
498	-1.040070	0.000000	0.159965	0.003127	18.8
499	-1.039121	0.000000	0.159965	0.003175	18.9
500	-1.040100	0.000000	0.159965	0.003194	18.9
501	-1.040144	0.000000	0.159965	0.002688	19.0
502	-1.039636	0.000000	0.159965	0.002508	19.1
503	-1.040903	1.000000	0.155547	0.002174	18.9
504	-1.041364	0.200000	0.159054	0.002914	18.8
505	-1.040674	0.000000	0.159965	0.003131	18.8
506	-1.038837	0.000000	0.159965	0.001980	19.0
507	-1.041696	0.000000	0.159965	0.003159	18.9
508	-1.040330	0.000000	0.159965	0.004585	18.9
509	-1.042862	0.000000	0.159965	0.002930	18.8
510	-1.039185	0.000000	0.159965	0.003436	18.8
511	-1.039760	0.000000	0.159965	0.002484	19.1
512	-1.043049	0.000000	0.159965	0.001979	19.0
513	-1.041745	0.000000	0.159965	0.002755	19.2
514	-1.040858	0.000000	0.159965	0.001781	18.9
515	-1.042056	0.000000	0.159965	0.003051	19.0
516	-1.041370	0.000000	0.159965	0.003817	18.7
517	-1.040094	0.000000	0.159965	0.002376	18.9
518	-1.041428	0.000000	0.159965	0.004548	18.8
519	-1.040357	0.000000	0.159965	0.004398	18.8
520	-1.040773	0.000000	0.159965	0.002055	19.0
521	-1.042594	0.000000	0.159965	0.002505	18.9
522	-1.042230	0.000000	0.159965	0.002421	18.8
523	-1.040687	0.000000	0.159965	0.003811	18.7
524	-1.037468	0.000000	0.159965	0.003300	18.9
525	-1.040747	0.000000	0.159965	0.002081	18.9
526	-1.038415	0.000000	0.159965	0.003464	18.8
527	-1.041024	0.000000	0.159965	0.004391	18.9
528	-1.039273	0.000000	0.159965	0.002091	18.8
529	-1.040567	0.000000	0.159965	0.004213	18.7
530	-1.042672	0.000000	0.159965	0.004682	18.9
531	-1.040427	0.000000	0.159965	0.003911	18.8
532	-1.040559	0.000000	0.159965	0.003095	18.9
533	-1.042158	0.000000	0.159965	0.002124	18.8
534	-1.039618	0.000000	0.159965	0.004186	18.8
535	-1.040155	0.000000	0.159965	0.002957	18.9
536	-1.039700	0.000000	0.159965	0.002405	18.9
537	-1.041411	0.000000	0.159965	0.002489	18.9
538	-1.040372	0.000000	0.159965	0.004214	18.9
539	-1.041628	0.000000	0.159965	0.002785	18.8
540	-1.038975	0.000000	0.159965	0.002550	18.8
541	-1.040554	0.000000	0.159965	0.004583	18.6
542	-1.040994	0.000000	0.159965	0.003050	18.8
543	-1.041646	0.000000	0.159965	0.003787	18.7
544	-1.040359	0.000000	0.159965	0.002372	18.8
545	-1.042305	0.000000	0.159965	0.002356	18.9
546	-1.041350	0.000000	0.159965	0.003535	18.8
547	-1.042358	0.000000	0.159965	0.001858	18.6
548	-1.039554	0.000000	0.159965	0.003607	18.7
549	-1.041112	0.000000	0.159965	0.003190	18.9
550	-1.038149	0.000000	0.159965	0.004070	18.9
551	-1.042174	0.000000	0.159965	0.002315	19.0
552	-1.037760	0.000000	0.159965	0.003479	18.8
553	-1.039472	0.000000	0.159965	0.003764	18.8
554	-1.039053	0.000000	0.159965	0.003943	18.8
555	-1.041273	0.000000	0.159965	0.002353	18.8
556	-1.039606	0.000000	0.159965	0.003989	18.8
557	-1.042539	0.000000	0.159965	0.002904	18.7
558	-1.039505	0.000000	0.159965	0.004270	18.8
559	-1.039294	0.000000	0.159965	0.002635	19.0
560	-1.042994	0.000000	0.159965	0.003116	19.0
561	-1.040707	0.000000	0.159965	0.003765	19.0
562	-1.037918	0.000000	0.159965	0.002640	18.9
563	-1.038353	0.000000	0.159965	0.003232	19.0
564	-1.041233	0.000000	0.159965	0.002931	18.7
565	-1.042037	0.000000	0.159965	0.003789	18.9
566	-1.040582	0.000000	0.159965	0.003628	18.9
567	-1.042661	0.000000	0.159965	0.003331	19.0
568	-1.041498	0.000000	0.159965	0.002830	18.9
569	-1.040852	0.000000	0.159965	0.002866	18.7
570	-1.039716	0.000000	0.159965	0.004380	18.8
571	-1.040373	0.000000	0.159965	0.002724	18.8
572	-1.042898	0.000000	0.159965	0.003145	18.8
573	-1.039789	0.000000	0.159965	0.004373	18.8
574	-1.042900	0.000000	0.159965	0.003841	18.8
575	-1.038982	0.000000	0.159965	0.002233	18.7
576	-1.040327	0.000000	0.159965	0.004336	18.8
577	-1.041890	0.000000	0.159965	0.004369	18.9
578	-1.040901	0.000000	0.159965	0.003347	18.8
579	-1.040718	0.000000	0.159965	0.004382	18.9
580	-1.041803	0.000000	0.159965	0.004301	18.8
581	-1.041250	0.000000	0.159965	0.003528	18.8
582	-1.042967	0.000000	0.159965	0.003141	18.6
583	-1.039567	0.000000	0.159965	0.002692	18.8
584	-1.039355	0.000000	0.159965	0.004544	18.7
585	-1.040681	0.000000	0.159965	0.003914	18.8
586	-1.042309	0.000000	0.159965	0.003902	18.7
587	-1.042247	0.000000	0.159965	0.004321	18.9
588	-1.043224	0.000000	0.159965	0.004394	18.7
589	-1.039267	0.000000	0.159965	0.003168	18.7
590	-1.041660	0.000000	0.159965	0.003042	18.7
591	-1.040312	0.000000	0.159965	0.003551	18.8
592	-1.042301	0.000000	0.159965	0.002583	18.8
593	-1.041230	0.000000	0.159965	0.002306	18.8
594	-1.044162	0.000000	0.159965	0.003778	18.9
595	-1.041650	0.000000	0.159965	0.003909	18.7
596	-1.040820	0.000000	0.159965	0.003773	18.8
597	-1.040590	0.000000	0.159965	0.003402	18.9
598	-1.039592	0.000000	0.159965	0.004181	18.9
599	-1.041925	0.000000	0.159965	0.002125	18.7
600	-1.039950	0.000000	0.159965	0.003648	18.8
601	-1.038241	0.000000	0.159965	0.002768	18.8
602	-1.040173	0.000000	0.159965	0.002619	18.7
603	-1.042591	0.000000	0.159965	0.003732	18.9
604	-1.039947	0.000000	0.159965	0.004231	18.8
605	-1.040416	0.000000	0.159965	0.003781	18.9
606	-1.039914	0.000000	0.159965	0.003412	18.7
607	-1.041210	0.000000	0.159965	0.003990	18.7
608	-1.040841	0.000000	0.159965	0.002465	18.8
609	-1.041103	0.000000	0.159965	0.002654	18.8
610	-1.039382	0.000000	0.159965	0.005252	18.9
611	-1.037690	0.000000	0.159965	0.003001	18.9
612	-1.039617	0.000000	0.159965	0.002979	19.0
613	-1.038102	0.000000	0.159965	0.002880	19.0
614	-1.041451	0.000000	0.159965	0.002645	18.8
615	-1.040488	0.000000	0.159965	0.003423	18.9
616	-1.042569	0.000000	0.159965	0.003617	18.8
617	-1.041058	0.000000	0.159965	0.003533	18.7
618	-1.040846	0.000000	0.159965	0.002360	18.8
619	-1.042432	0.000000	0.159965	0.003633	18.8
620	-1.040934	0.000000	0.159965	0.002680	19.0
621	-1.041360	0.000000	0.159965	0.003525	18.9
622	-1.042842	0.000000	0.159965	0.003944	18.8
623	-1.040271	0.000000	0.159965	0.003305	18.8
624	-1.042100	0.000000	0.159965	0.002939	18.8
625	-1.042447	0.000000	0.159965	0.004382	18.7
626	-1.041385	0.000000	0.159965	0.003597	18.6
627	-1.043202	0.000000	0.159965	0.003120	18.8
628	-1.039485	0.000000	0.159965	0.002875	18.8
629	-1.042162	0.000000	0.159965	0.002827	18.8
630	-1.038463	0.000000	0.159965	0.002103	18.9
631	-1.041436	0.000000	0.159965	0.003666	18.7
632	-1.038417	0.000000	0.159965	0.002042	18.8
633	-1.040503	0.000000	0.159965	0.003076	18.8
634	-1.040344	0.000000	0.159965	0.002592	18.8
635	-1.039991	0.000000	0.159965	0.001903	18.8
636	-1.040219	0.000000	0.159965	0.002880	18.9
637	-1.039687	0.000000	0.159965	0.002843	18.9
638	-1.040538	0.000000	0.159965	0.003330	18.9
639	-1.040276	0.000000	0.159965	0.002808	18.8
640	-1.042029	0.000000	0.159965	0.003569	18.7
641	-1.038948	0.000000	0.159965	0.004097	18.7
642	-1.043650	0.000000	0.159965	0.002454	18.7
643	-1.040767	0.000000	0.159965	0.002471	18.9
644	-1.041853	0.000000	0.159965	0.002985	19.0
645	-1.038368	0.000000	0.159965	0.002610	18.7
646	-1.042193	0.000000	0.159965	0.004118	18.7
647	-1.041128	0.000000	0.159965	0.002362	18.8
648	-1.037653	0.000000	0.159965	0.004069	18.7
649	-1.039907	0.000000	0.159965	0.002939	18.7
650	-1.040106	0.000000	0.159965	0.004316	18.7
651	-1.040878	0.000000	0.159965	0.004345	18.8
652	-1.041470	0.000000	0.159965	0.003572	18.8
653	-1.043020	0.000000	0.159965	0.003637	18.7
654	-1.040913	0.000000	0.159965	0.003402	18.7
655	-1.040122	0.000000	0.159965	0.003539	19.0
656	-1.041041	0.000000	0.159965	0.003474	18.7
657	-1.040774	0.000000	0.159965	0.002272	18.8
658	-1.039724	0.000000	0.159965	0.003242	18.7
659	-1.038676	0.000000	0.159965	0.002303	18.8
660	-1.041693	0.000000	0.159965	0.002777	19.0
661	-1.039838	0.000000	0.159965	0.003442	18.8
662	-1.041146	0.000000	0.159965	0.003142	18.9
663	-1.041313	0.000000	0.159965	0.003130	18.8
664	-1.041058	0.000000	0.159965	0.002576	18.7
665	-1.039008	0.000000	0.159965	0.002772	18.9
666	-1.039442	0.000000	0.159965	0.004289	19.1
667	-1.041389	0.000000	0.159965	0.004028	18.8
668	-1.040239	0.000000	0.159965	0.002243	18.9
669	-1.043426	0.000000	0.159965	0.002716	18.7
670	-1.041362	0.000000	0.159965	0.004076	18.8
671	-1.041273	0.000000	0.159965	0.004104	18.9
672	-1.038561	0.000000	0.159965	0.002003	18.8
673	-1.041495	0.000000	0.159965	0.004586	18.8
674	-1.042247	0.000000	0.159965	0.003111	18.9
675	-1.040743	0.000000	0.159965	0.002313	18.9
676	-1.040701	0.000000	0.159965	0.002616	18.8
677	-1.041627	0.000000	0.159965	0.003394	18.8
678	-1.040352	0.000000	0.159965	0.003108	18.8
679	-1.041090	0.000000	0.159965	0.003334	18.8
680	-1.039824	0.000000	0.159965	0.003935	18.7
681	-1.042613	0.000000	0.159965	0.002806	18.8
682	-1.041950	0.000000	0.159965	0.004150	18.8
683	-1.045807	0.000000	0.159965	0.004207	18.7
684	-1.040776	0.000000	0.159965	0.004573	18.7
685	-1.041840	0.000000	0.159965	0.003371	18.8
686	-1.040789	0.000000	0.159965	0.003387	18.7
687	-1.040756	0.000000	0.159965	0.001899	18.8
688	-1.040456	0.000000	0.159965	0.002571	18.7
689	-1.040524	0.000000	0.159965	0.002495	18.6
690	-1.039329	0.000000	0.159965	0.003893	18.9
691	-1.038877	0.000000	0.159965	0.002627	19.1
692	-1.040018	0.000000	0.159965	0.003056	18.8
693	-1.039615	0.000000	0.159965	0.003180	18.8
694	-1.040986	0.000000	0.159965	0.003176	18.7
695	-1.041129	0.000000	0.159965	0.003712	18.8
696	-1.039667	0.000000	0.159965	0.003072	18.7
697	-1.041475	0.000000	0.159965	0.002828	18.6
698	-1.039684	0.000000	0.159965	0.003207	18.8
699	-1.042164	0.000000	0.159965	0.003773	18.9
700	-1.040461	0.000000	0.159965	0.003695	18.8
701	-1.040467	0.000000	0.159965	0.004426	18.7
702	-1.040963	0.000000	0.159965	0.004361	18.7
703	-1.042618	0.000000	0.159965	0.004805	18.8
704	-1.041013	0.000000	0.159965	0.002078	18.8
705	-1.043228	0.000000	0.159965	0.003506	18.7
706	-1.040811	0.000000	0.159965	0.002906	18.7
707	-1.043061	0.000000	0.159965	0.004285	18.9
708	-1.039332	0.000000	0.159965	0.003479	18.8
709	-1.040202	0.000000	0.159965	0.003787	18.7
710	-1.041547	0.000000	0.159965	0.002162	18.8
711	-1.040561	0.000000	0.159965	0.001807	18.6
712	-1.039016	0.000000	0.159965	0.002292	18.7
713	-1.039047	0.000000	0.159965	0.003331	18.9
714	-1.041777	0.000000	0.159965	0.002211	18.8
715	-1.039361	0.000000	0.159965	0.003724	18.8
716	-1.041152	0.000000	0.159965	0.002973	18.9
717	-1.039985	0.000000	0.159965	0.003887	18.7
718	-1.042116	0.000000	0.159965	0.002114	18.9
719	-1.041767	0.000000	0.159965	0.003703	18.9
720	-1.039929	0.000000	0.159965	0.002981	18.9
721	-1.039965	0.000000	0.159965	0.003767	18.6
722	-1.040376	0.000000	0.159965	0.002646	18.8
723	-1.039934	0.000000	0.159965	0.002667	18.8
724	-1.040413	0.000000	0.159965	0.003294	18.7
725	-1.040334	0.000000	0.159965	0.004457	18.7
726	-1.039705	0.000000	0.159965	0.002948	18.9
727	-1.039968	0.000000	0.159965	0.003707	18.8
728	-1.040694	0.000000	0.159965	0.003171	18.7
729	-1.038846	0.000000	0.159965	0.004135	18.7
730	-1.040752	0.000000	0.159965	0.004737	18.8
731	-1.040416	0.000000	0.159965	0.002993	18.8
732	-1.041514	0.000000	0.159965	0.004111	18.9
733	-1.042042	0.000000	0.159965	0.003024	18.7
734	-1.040061	0.000000	0.159965	0.003540	18.8
735	-1.041539	0.000000	0.159965	0.003388	18.8
736	-1.040816	0.000000	0.159965	0.002097	18.8
737	-1.039313	0.000000	0.159965	0.003692	18.8
738	-1.042071	0.000000	0.159965	0.003266	18.8
739	-1.041679	0.000000	0.159965	0.003146	18.8
740	-1.041284	0.000000	0.159965	0.003122	18.9
741	-1.040895	0.000000	0.159965	0.002045	18.8
742	-1.038614	0.000000	0.159965	0.002860	18.8
743	-1.041323	0.000000	0.159965	0.004283	18.9
744	-1.040442	0.000000	0.159965	0.005079	19.0
745	-1.041874	0.000000	0.159965	0.001659	18.8
746	-1.039056	0.000000	0.159965	0.002628	18.7
747	-1.042776	0.000000	0.159965	0.003535	18.8
748	-1.040538	0.000000	0.159965	0.003139	18.6
749	-1.042510	0.000000	0.159965	0.002960	18.8
750	-1.042554	0.000000	0.159965	0.003790	18.6
751	-1.040567	0.000000	0.159965	0.002669	18.7
752	-1.041078	0.000000	0.159965	0.004112	18.7
753	-1.041356	0.000000	0.159965	0.003791	18.7
754	-1.041391	0.000000	0.159965	0.003950	18.7
755	-1.040754	0.000000	0.159965	0.004028	18.8
756	-1.039362	0.000000	0.159965	0.004620	18.7
757	-1.038587	0.000000	0.159965	0.005073	18.8
758	-1.041820	0.000000	0.159965	0.003418	18.8
759	-1.038809	0.000000	0.159965	0.004723	18.7
760	-1.041565	0.000000	0.159965	0.004234	18.7
761	-1.043361	0.000000	0.159965	0.003816	18.8
762	-1.040329	0.000000	0.159965	0.002842	18.9
763	-1.039371	0.000000	0.159965	0.002860	18.6
764	-1.040133	0.000000	0.159965	0.004547	18.9
765	-1.040481	0.000000	0.159965	0.003788	18.7
766	-1.040203	0.000000	0.159965	0.003290	18.7
767	-1.038922	0.000000	0.159965	0.002984	18.7
768	-1.041121	0.000000	0.159965	0.003668	18.6
769	-1.040514	0.000000	0.159965	0.002507	18.7
770	-1.040948	0.000000	0.159965	0.003300	18.7
771	-1.040924	0.000000	0.159965	0.003541	18.9
772	-1.040790	0.000000	0.159965	0.002896	19.0
773	-1.041592	0.000000	0.159965	0.003875	19.0
774	-1.038464	0.000000	0.159965	0.002659	18.9
775	-1.040287	0.000000	0.159965	0.004354	18.8
776	-1.041876	0.000000	0.159965	0.004207	18.8
777	-1.041475	0.000000	0.159965	0.004378	18.6
778	-1.041416	0.000000	0.159965	0.002806	18.8
779	-1.042218	0.000000	0.159965	0.003182	18.7
780	-1.039832	0.000000	0.159965	0.003631	18.8
781	-1.039870	0.000000	0.159965	0.003260	18.9
782	-1.039913	0.000000	0.159965	0.002875	18.8
783	-1.039271	0.000000	0.159965	0.004118	18.7
784	-1.040621	0.000000	0.159965	0.002682	18.7
785	-1.041340	0.000000	0.159965	0.002631	18.9
786	-1.040100	0.000000	0.159965	0.003391	18.7
787	-1.040328	0.000000	0.159965	0.003701	18.9
788	-1.040736	0.000000	0.159965	0.003663	18.9
789	-1.039653	0.000000	0.159965	0.004229	18.7
790	-1.042469	0.000000	0.159965	0.002849	18.6
791	-1.041008	0.000000	0.159965	0.004849	18.9
792	-1.040063	0.000000	0.159965	0.003827	18.8
793	-1.043141	0.000000	0.159965	0.003156	19.0
794	-1.040981	0.000000	0.159965	0.004148	18.9
795	-1.041958	0.000000	0.159965	0.003690	18.8
796	-1.040063	0.000000	0.159965	0.003140	18.7
797	-1.040482	0.000000	0.159965	0.003057	18.7
798	-1.041393	0.000000	0.159965	0.005191	18.6
799	-1.041083	0.000000	0.159965	0.002962	18.6
800	-1.042632	0.000000	0.159965	0.003301	18.8
801	-1.043020	0.000000	0.159965	0.002879	18.8
802	-1.041270	0.000000	0.159965	0.003262	19.0
803	-1.043050	0.000000	0.159965	0.003197	18.9
804	-1.040992	0.000000	0.159965	0.004066	18.8
805	-1.039859	0.000000	0.159965	0.003705	18.9
806	-1.040794	0.000000	0.159965	0.002874	18.8
807	-1.040837	0.000000	0.159965	0.004453	18.7
808	-1.042985	0.000000	0.159965	0.002509	18.6
809	-1.040667	0.000000	0.159965	0.003106	18.8
810	-1.042687	0.000000	0.159965	0.002590	18.8
811	-1.040866	0.000000	0.159965	0.003396	18.9
812	-1.041235	0.000000	0.159965	0.003917	18.8
813	-1.041248	0.000000	0.159965	0.001896	18.7
814	-1.039802	0.000000	0.159965	0.004563	18.7
815	-1.040218	0.000000	0.159965	0.004762	18.8
816	-1.042373	0.000000	0.159965	0.003509	18.8
817	-1.041750	0.000000	0.159965	0.003363	18.8
818	-1.042151	0.000000	0.159965	0.003467	18.7
819	-1.042094	0.000000	0.159965	0.002394	18.8
820	-1.040426	0.000000	0.159965	0.003011	18.8
821	-1.040721	0.000000	0.159965	0.004608	18.9
822	-1.043152	0.000000	0.159965	0.004984	18.7
823	-1.040388	0.000000	0.159965	0.003277	18.8
824	-1.040453	0.000000	0.159965	0.002805	18.7
825	-1.042480	0.000000	0.159965	0.002923	19.1
826	-1.040804	0.000000	0.159965	0.003839	19.0
827	-1.041371	0.000000	0.159965	0.003390	18.7
828	-1.040705	0.000000	0.159965	0.003244	18.9
829	-1.040144	0.000000	0.159965	0.003176	18.8
830	-1.039362	0.000000	0.159965	0.002991	18.8
831	-1.041375	0.000000	0.159965	0.004128	18.8
832	-1.041440	0.000000	0.159965	0.002762	18.8
833	-1.040698	0.000000	0.159965	0.003719	18.8
834	-1.041899	0.000000	0.159965	0.002519	18.8
835	-1.040764	0.000000	0.159965	0.003800	18.8
836	-1.040110	0.000000	0.159965	0.003242	18.7
837	-1.041393	0.000000	0.159965	0.002556	18.7
838	-1.039878	0.000000	0.159965	0.002725	18.9
839	-1.041386	0.000000	0.159965	0.002546	18.9
840	-1.041731	0.000000	0.159965	0.004246	18.7
841	-1.043485	0.000000	0.159965	0.004320	18.6
842	-1.038869	0.000000	0.159965	0.003104	18.9
843	-1.040966	0.000000	0.159965	0.003867	18.9
844	-1.040494	0.000000	0.159965	0.003550	18.7
845	-1.041846	0.000000	0.159965	0.003459	18.8
846	-1.039381	0.000000	0.159965	0.002988	18.8
847	-1.042616	0.000000	0.159965	0.003361	18.9
848	-1.042597	0.000000	0.159965	0.004123	18.6
849	-1.040958	0.000000	0.159965	0.003176	18.7
850	-1.039064	0.000000	0.159965	0.003189	18.7
851	-1.043657	0.000000	0.159965	0.002284	18.8
852	-1.039890	0.000000	0.159965	0.002790	18.8
853	-1.043443	0.000000	0.159965	0.004161	18.8
854	-1.040001	0.000000	0.159965	0.003699	18.7
855	-1.041223	0.000000	0.159965	0.002817	18.8
856	-1.040310	0.000000	0.159965	0.003043	18.7
857	-1.041296	0.000000	0.159965	0.003604	18.8
858	-1.042350	0.000000	0.159965	0.002639	18.7
859	-1.039109	0.000000	0.159965	0.002930	18.6
860	-1.041198	0.000000	0.159965	0.003131	18.8
861	-1.041192	0.000000	0.159965	0.003183	18.8
862	-1.038373	0.000000	0.159965	0.003425	18.6
863	-1.040562	0.000000	0.159965	0.002867	18.7
864	-1.041870	0.000000	0.159965	0.002566	18.8
865	-1.040625	0.000000	0.159965	0.002555	18.7
866	-1.040649	0.000000	0.159965	0.003649	18.8
867	-1.041485	0.000000	0.159965	0.003669	18.8
868	-1.039581	0.000000	0.159965	0.004212	18.8
869	-1.040636	0.000000	0.159965	0.002751	18.8
870	-1.041270	0.000000	0.159965	0.003123	18.7
871	-1.040257	0.000000	0.159965	0.003665	18.7
872	-1.040030	0.000000	0.159965	0.003133	18.7
873	-1.042012	0.000000	0.159965	0.003595	18.6
874	-1.039240	0.000000	0.159965	0.002554	18.7
875	-1.041955	0.000000	0.159965	0.002738	18.8
876	-1.041374	0.000000	0.159965	0.002623	18.8
877	-1.038895	0.000000	0.159965	0.002806	18.7
878	-1.039997	0.000000	0.159965	0.003385	18.8
879	-1.039083	0.000000	0.159965	0.003410	19.0
880	-1.043110	0.000000	0.159965	0.002227	18.9
881	-1.041558	0.000000	0.159965	0.003665	19.0
882	-1.042536	0.000000	0.159965	0.003839	18.7
883	-1.044244	0.000000	0.159965	0.002117	18.8
884	-1.041415	0.000000	0.159965	0.003099	18.7
885	-1.040900	0.000000	0.159965	0.005049	18.8
886	-1.040639	0.000000	0.159965	0.004091	18.8
887	-1.042869	0.000000	0.159965	0.004465	18.8
888	-1.040696	0.000000	0.159965	0.003754	18.8
889	-1.041707	0.000000	0.159965	0.002764	18.6
890	-1.042082	0.000000	0.159965	0.002851	18.7
891	-1.040836	0.000000	0.159965	0.003048	18.8
892	-1.041345	0.000000	0.159965	0.003030	18.7
893	-1.039508	0.000000	0.159965	0.002172	19.1
894	-1.043203	0.000000	0.159965	0.003039	18.7
895	-1.041691	0.000000	0.159965	0.003211	18.8
896	-1.041885	0.000000	0.159965	0.003795	18.7
897	-1.040976	0.000000	0.159965	0.003639	18.8
898	-1.042578	0.000000	0.159965	0.003032	18.7
899	-1.041565	0.000000	0.159965	0.003240	18.7
900	-1.039899	0.000000	0.159965	0.005555	18.7
901	-1.042713	0.000000	0.159965	0.002194	18.8
902	-1.042929	0.000000	0.159965	0.002912	18.7
903	-1.041269	0.000000	0.159965	0.003017	18.9
904	-1.041917	0.000000	0.159965	0.002839	18.8
905	-1.041858	0.000000	0.159965	0.003766	18.8
906	-1.042803	0.000000	0.159965	0.003083	18.9
907	-1.041067	0.000000	0.159965	0.003768	19.0
908	-1.041396	0.000000	0.159965	0.003172	19.0
909	-1.039903	0.000000	0.159965	0.002815	18.6
910	-1.038681	0.000000	0.159965	0.001287	18.8
911	-1.039595	0.000000	0.159965	0.001252	18.8
912	-1.042835	0.000000	0.159965	0.003478	18.8
913	-1.041592	0.000000	0.159965	0.002948	18.8
914	-1.043024	0.000000	0.159965	0.001962	18.6
915	-1.040094	0.000000	0.159965	0.002835	18.6
916	-1.041787	0.000000	0.159965	0.003505	18.6
917	-1.041217	0.000000	0.159965	0.004785	18.7
918	-1.041489	0.000000	0.159965	0.002805	18.7
919	-1.040902	0.000000	0.159965	0.003677	18.7
920	-1.040399	0.000000	0.159965	0.003256	18.7
921	-1.041393	0.000000	0.159965	0.003730	19.1
922	-1.041173	0.000000	0.159965	0.003589	18.8
923	-1.042925	0.000000	0.159965	0.004107	18.8
924	-1.042230	0.000000	0.159965	0.003682	18.7
925	-1.043357	0.000000	0.159965	0.002452	18.7
926	-1.041898	0.000000	0.159965	0.003179	18.7
927	-1.039603	0.000000	0.159965	0.003099	18.7
928	-1.041288	0.000000	0.159965	0.003249	18.7
929	-1.042925	0.000000	0.159965	0.003480	18.7
930	-1.040947	0.000000	0.159965	0.002609	18.8
931	-1.041148	0.000000	0.159965	0.003000	18.7
932	-1.041196	0.000000	0.159965	0.003865	18.8
933	-1.043668	0.000000	0.159965	0.004917	18.8
934	-1.041461	0.000000	0.159965	0.001920	18.8
935	-1.042299	0.000000	0.159965	0.003021	18.9
936	-1.039394	0.000000	0.159965	0.004860	18.8
937	-1.041777	0.000000	0.159965	0.003433	18.9
938	-1.041532	0.000000	0.159965	0.003106	18.8
939	-1.041279	0.000000	0.159965	0.004525	18.9
940	-1.039935	0.000000	0.159965	0.003159	18.7
941	-1.039799	0.000000	0.159965	0.002616	18.8
942	-1.041548	0.000000	0.159965	0.004070	18.7
943	-1.039852	0.000000	0.159965	0.003149	18.7
944	-1.041008	0.000000	0.159965	0.003301	18.6
945	-1.041815	0.000000	0.159965	0.003571	18.8
946	-1.043807	0.000000	0.159965	0.003186	18.9
947	-1.042859	0.000000	0.159965	0.003322	18.7
948	-1.041091	0.000000	0.159965	0.003501	18.8
949	-1.040596	0.000000	0.159965	0.004133	18.6
950	-1.042404	0.000000	0.159965	0.003437	18.7
951	-1.042149	0.000000	0.159965	0.003008	18.7
952	-1.039720	0.000000	0.159965	0.003540	18.8
953	-1.043649	0.000000	0.159965	0.002517	18.9
954	-1.042314	0.000000	0.159965	0.002224	18.8
955	-1.042539	0.000000	0.159965	0.003000	18.6
956	-1.043813	0.000000	0.159965	0.003345	18.9
957	-1.044061	0.000000	0.159965	0.003884	18.9
958	-1.042341	0.000000	0.159965	0.003000	18.7
959	-1.041040	0.000000	0.159965	0.002452	18.6
960	-1.041613	0.000000	0.159965	0.003245	18.8
961	-1.041338	0.000000	0.159965	0.004159	18.7
962	-1.041735	0.000000	0.159965	0.003994	18.8
963	-1.040432	0.000000	0.159965	0.003666	18.8
964	-1.043778	0.000000	0.159965	0.003715	18.8
965	-1.041373	0.000000	0.159965	0.001811	18.7
966	-1.039529	0.000000	0.159965	0.004345	18.6
967	-1.041802	0.000000	0.159965	0.003101	18.7
968	-1.042705	0.000000	0.159965	0.003650	18.7
969	-1.041453	0.000000	0.159965	0.002429	18.7
970	-1.039411	0.000000	0.159965	0.003077	18.7
971	-1.038594	0.000000	0.159965	0.002911	18.7
972	-1.040883	0.000000	0.159965	0.002316	18.6
973	-1.042021	0.000000	0.159965	0.003397	18.6
974	-1.041368	0.000000	0.159965	0.002669	19.0
975	-1.039947	0.000000	0.159965	0.003814	18.8
976	-1.040427	0.000000	0.159965	0.004924	18.8
977	-1.040078	0.000000	0.159965	0.002791	18.7
978	-1.040789	0.000000	0.159965	0.004465	18.8
979	-1.040452	0.000000	0.159965	0.003025	18.9
980	-1.042799	0.000000	0.159965	0.003134	18.7
981	-1.041561	0.000000	0.159965	0.002779	18.9
982	-1.040761	0.000000	0.159965	0.003119	18.7
983	-1.040920	0.000000	0.159965	0.003991	18.8
984	-1.042677	0.000000	0.159965	0.003141	18.8
985	-1.039659	0.000000	0.159965	0.002885	19.1
986	-1.040998	0.000000	0.159965	0.003311	18.8
987	-1.042025	0.000000	0.159965	0.003652	18.8
988	-1.040585	0.000000	0.159965	0.002549	18.8
989	-1.039418	0.000000	0.159965	0.003491	18.8
990	-1.040730	0.000000	0.159965	0.003529	19.0
991	-1.041159	0.000000	0.159965	0.004772	18.7
992	-1.040142	0.000000	0.159965	0.004388	18.8
993	-1.040168	0.000000	0.159965	0.004064	18.7
994	-1.040074	0.000000	0.159965	0.004412	18.9
995	-1.040652	0.000000	0.159965	0.003233	18.8
996	-1.039468	0.000000	0.159965	0.003363	18.7
997	-1.042536	0.000000	0.159965	0.002926	18.7
998	-1.041173	0.000000	0.159965	0.003616	18.6
999	-1.039023	0.000000	0.159965	0.001688	18.7
