1:ItNr	2:Metric	3a:Time	3b:StepSize	4:||Gradient||	Time[ms]
0	-1.018626	0.000000	0.159965	0.001851	21.2
1	-1.018564	0.000000	0.159965	0.001890	19.8
2	-1.018694	0.000000	0.159965	0.001783	19.7
3	-1.018964	0.000000	0.159965	0.001950	19.7
4	-1.018696	0.000000	0.159965	0.001802	19.6
5	-1.018637	0.000000	0.159965	0.001770	20.4
6	-1.018918	0.000000	0.159965	0.001905	20.3
7	-1.018617	0.000000	0.159965	0.001876	20.4
8	-1.018916	0.000000	0.159965	0.001807	20.3
9	-1.018121	0.000000	0.159965	0.001820	20.3
10	-1.018962	0.000000	0.159965	0.001764	20.0
11	-1.018489	0.000000	0.159965	0.001975	19.9
12	-1.018993	0.000000	0.159965	0.001809	20.1
13	-1.018434	0.000000	0.159965	0.001892	20.3
14	-1.018748	0.000000	0.159965	0.001911	20.0
15	-1.019341	0.000000	0.159965	0.001745	20.0
16	-1.018867	0.000000	0.159965	0.001815	19.7
17	-1.019093	0.000000	0.159965	0.001923	19.9
18	-1.018587	0.000000	0.159965	0.001892	20.0
19	-1.019078	0.000000	0.159965	0.001743	20.0
20	-1.018425	0.000000	0.159965	0.001877	19.9
21	-1.018916	0.000000	0.159965	0.001964	19.7
22	-1.018752	0.000000	0.159965	0.002016	19.7
23	-1.019209	0.000000	0.159965	0.001726	20.0
24	-1.019018	0.000000	0.159965	0.001906	19.8
25	-1.018891	0.000000	0.159965	0.001849	19.7
26	-1.018689	0.000000	0.159965	0.001851	19.9
27	-1.018191	0.000000	0.159965	0.001667	19.7
28	-1.018622	0.000000	0.159965	0.001883	19.7
29	-1.019570	0.000000	0.159965	0.001996	19.7
30	-1.019000	0.000000	0.159965	0.001966	19.6
31	-1.018928	0.000000	0.159965	0.001881	19.8
32	-1.019074	0.000000	0.159965	0.001892	19.9
33	-1.018167	0.000000	0.159965	0.001927	19.7
34	-1.018925	0.000000	0.159965	0.001926	19.8
35	-1.018819	0.000000	0.159965	0.002014	19.7
36	-1.018626	0.000000	0.159965	0.001926	19.7
37	-1.018796	0.000000	0.159965	0.002037	19.7
38	-1.018479	0.000000	0.159965	0.001778	19.9
39	-1.018870	0.000000	0.159965	0.001775	19.6
40	-1.018527	0.000000	0.159965	0.001856	19.6
41	-1.019829	0.000000	0.159965	0.001967	19.6
42	-1.018894	0.000000	0.159965	0.001764	19.7
43	-1.018775	0.000000	0.159965	0.001958	19.7
44	-1.018947	0.000000	0.159965	0.001776	19.8
45	-1.018469	0.000000	0.159965	0.001802	19.7
46	-1.018694	0.000000	0.159965	0.001887	19.8
47	-1.018534	0.000000	0.159965	0.001895	19.6
48	-1.018948	0.000000	0.159965	0.001784	19.9
49	-1.019196	0.000000	0.159965	0.001769	19.7
50	-1.018976	0.000000	0.159965	0.001837	19.6
51	-1.018636	0.000000	0.159965	0.001801	19.7
52	-1.018382	0.000000	0.159965	0.001984	19.8
53	-1.019290	0.000000	0.159965	0.001775	19.7
54	-1.018960	0.000000	0.159965	0.001904	19.8
55	-1.019177	0.000000	0.159965	0.002001	19.9
56	-1.018823	0.000000	0.159965	0.001977	19.7
57	-1.018162	0.000000	0.159965	0.001563	19.8
58	-1.018433	0.000000	0.159965	0.001772	19.8
59	-1.018362	0.000000	0.159965	0.001903	20.0
60	-1.018530	0.000000	0.159965	0.001861	19.7
61	-1.018791	0.000000	0.159965	0.001696	19.7
62	-1.018458	0.000000	0.159965	0.001808	19.7
63	-1.018583	0.000000	0.159965	0.001790	19.7
64	-1.018930	0.000000	0.159965	0.001771	19.7
65	-1.019406	0.000000	0.159965	0.001903	19.7
66	-1.019168	0.000000	0.159965	0.001832	19.8
67	-1.018585	0.000000	0.159965	0.001710	19.8
68	-1.018526	0.000000	0.159965	0.001838	19.7
69	-1.018893	0.000000	0.159965	0.001856	19.8
70	-1.018696	0.000000	0.159965	0.001861	19.8
71	-1.019196	0.000000	0.159965	0.001743	19.9
72	-1.018705	0.000000	0.159965	0.001950	19.8
73	-1.018513	0.000000	0.159965	0.001702	19.9
74	-1.018324	0.000000	0.159965	0.002142	19.8
75	-1.018760	0.000000	0.159965	0.001944	19.7
76	-1.019219	0.000000	0.159965	0.001918	19.8
77	-1.019011	0.000000	0.159965	0.001692	19.9
78	-1.018691	0.000000	0.159965	0.001654	19.7
79	-1.018638	0.000000	0.159965	0.001859	19.8
80	-1.018522	0.000000	0.159965	0.001828	19.8
81	-1.019371	0.000000	0.159965	0.001761	19.7
82	-1.018239	0.000000	0.159965	0.002015	19.9
83	-1.018710	0.000000	0.159965	0.001896	19.8
84	-1.018864	0.000000	0.159965	0.001855	19.9
85	-1.018820	0.000000	0.159965	0.001819	19.8
86	-1.018830	0.000000	0.159965	0.001778	19.7
87	-1.018456	0.000000	0.159965	0.001995	19.8
88	-1.018411	0.000000	0.159965	0.001845	19.8
89	-1.018486	0.000000	0.159965	0.001895	19.9
90	-1.018912	0.000000	0.159965	0.001744	19.7
91	-1.019179	0.000000	0.159965	0.001840	19.8
92	-1.019210	0.000000	0.159965	0.001843	19.7
93	-1.019350	0.000000	0.159965	0.001800	19.8
94	-1.019346	0.000000	0.159965	0.001709	19.9
95	-1.019385	0.000000	0.159965	0.001858	19.8
96	-1.018456	0.000000	0.159965	0.001891	19.9
97	-1.018567	0.000000	0.159965	0.001771	19.8
98	-1.019157	0.000000	0.159965	0.001843	19.7
99	-1.018708	0.000000	0.159965	0.001999	19.9
100	-1.018644	0.000000	0.159965	0.002171	19.7
101	-1.019431	0.000000	0.159965	0.001919	19.9
102	-1.018872	0.000000	0.159965	0.002034	19.8
103	-1.018573	0.000000	0.159965	0.002131	19.8
104	-1.019686	0.000000	0.159965	0.001846	19.7
105	-1.018950	0.000000	0.159965	0.001767	19.6
106	-1.019149	0.000000	0.159965	0.001884	19.8
107	-1.019347	0.000000	0.159965	0.002026	19.8
108	-1.018823	0.000000	0.159965	0.001946	19.8
109	-1.018834	0.000000	0.159965	0.001943	20.1
110	-1.018861	0.000000	0.159965	0.001829	20.0
111	-1.018217	0.000000	0.159965	0.001802	19.9
112	-1.018341	0.000000	0.159965	0.001808	19.7
113	-1.019016	0.000000	0.159965	0.002147	19.7
114	-1.018962	0.000000	0.159965	0.001765	20.0
115	-1.018774	0.000000	0.159965	0.001885	19.9
116	-1.018509	0.000000	0.159965	0.001689	19.8
117	-1.018826	0.000000	0.159965	0.001816	19.8
118	-1.018286	0.000000	0.159965	0.001829	19.8
119	-1.018630	0.000000	0.159965	0.001911	19.9
120	-1.018802	0.000000	0.159965	0.001991	19.7
121	-1.018651	0.000000	0.159965	0.001974	19.7
122	-1.018562	0.000000	0.159965	0.001796	19.9
123	-1.018558	0.000000	0.159965	0.001609	19.8
124	-1.018602	0.000000	0.159965	0.001912	19.8
125	-1.018958	0.000000	0.159965	0.001767	19.6
126	-1.019163	0.000000	0.159965	0.001891	19.8
127	-1.018944	0.000000	0.159965	0.001869	19.8
128	-1.019093	0.000000	0.159965	0.001901	19.7
129	-1.018980	0.000000	0.159965	0.001730	19.8
130	-1.018743	0.000000	0.159965	0.001847	19.6
131	-1.018901	0.000000	0.159965	0.001962	19.7
132	-1.018985	0.000000	0.159965	0.001834	19.7
133	-1.019980	0.000000	0.159965	0.001967	19.8
134	-1.018582	0.000000	0.159965	0.001852	19.8
135	-1.018851	0.000000	0.159965	0.001804	19.6
136	-1.018927	0.000000	0.159965	0.001886	19.8
137	-1.018552	0.000000	0.159965	0.001886	19.8
138	-1.018645	0.000000	0.159965	0.001763	19.8
139	-1.018959	0.000000	0.159965	0.001980	19.8
140	-1.018710	0.000000	0.159965	0.001905	19.7
141	-1.018687	0.000000	0.159965	0.002008	19.7
142	-1.018720	0.000000	0.159965	0.001928	19.8
143	-1.018807	0.000000	0.159965	0.001817	19.7
144	-1.018606	0.000000	0.159965	0.001930	19.8
145	-1.018794	0.000000	0.159965	0.001965	19.7
146	-1.018794	0.000000	0.159965	0.001821	19.7
147	-1.018645	0.000000	0.159965	0.002113	19.9
148	-1.019033	0.000000	0.159965	0.002100	19.8
149	-1.018256	0.000000	0.159965	0.001742	19.8
150	-1.019023	0.000000	0.159965	0.001863	19.7
151	-1.018515	0.000000	0.159965	0.001734	19.6
152	-1.018530	0.000000	0.159965	0.001912	19.7
153	-1.018684	0.000000	0.159965	0.001804	19.7
154	-1.018964	0.000000	0.159965	0.001688	19.8
155	-1.018834	0.000000	0.159965	0.001701	19.8
156	-1.019054	0.000000	0.159965	0.001996	19.7
157	-1.018452	0.000000	0.159965	0.001729	19.8
158	-1.018579	0.000000	0.159965	0.001828	19.9
159	-1.019271	0.000000	0.159965	0.001815	20.0
160	-1.019332	0.000000	0.159965	0.001771	19.9
161	-1.018969	0.000000	0.159965	0.001779	19.8
162	-1.018893	0.000000	0.159965	0.001653	20.0
163	-1.019116	0.000000	0.159965	0.001846	19.9
164	-1.019139	0.000000	0.159965	0.001837	20.0
165	-1.019029	0.000000	0.159965	0.001998	19.8
166	-1.018634	0.000000	0.159965	0.001964	19.8
167	-1.018223	0.000000	0.159965	0.001740	20.0
168	-1.018986	0.000000	0.159965	0.001780	19.7
169	-1.019344	0.000000	0.159965	0.001889	19.8
170	-1.018934	0.000000	0.159965	0.001775	19.7
171	-1.019606	0.000000	0.159965	0.002101	19.7
172	-1.018651	0.000000	0.159965	0.001751	19.7
173	-1.018591	0.000000	0.159965	0.002095	19.9
174	-1.018630	0.000000	0.159965	0.001738	20.0
175	-1.019271	0.000000	0.159965	0.001763	19.8
176	-1.019013	0.000000	0.159965	0.001891	19.8
177	-1.019856	0.000000	0.159965	0.002018	19.7
178	-1.019498	0.000000	0.159965	0.001892	19.7
179	-1.019135	0.000000	0.159965	0.001805	19.8
180	-1.019455	0.000000	0.159965	0.001718	19.7
181	-1.019223	0.000000	0.159965	0.001767	19.6
182	-1.018636	0.000000	0.159965	0.001893	19.7
183	-1.018460	0.000000	0.159965	0.001917	19.8
184	-1.018907	0.000000	0.159965	0.001904	19.9
185	-1.018965	0.000000	0.159965	0.002037	20.6
186	-1.019001	0.000000	0.159965	0.001700	20.6
187	-1.019336	0.000000	0.159965	0.001742	20.3
188	-1.018877	0.000000	0.159965	0.001923	20.1
189	-1.018658	0.000000	0.159965	0.001879	20.2
190	-1.019247	0.000000	0.159965	0.001942	20.0
191	-1.019313	0.000000	0.159965	0.001908	20.1
192	-1.019175	0.000000	0.159965	0.001809	20.1
193	-1.019023	0.000000	0.159965	0.001946	20.2
194	-1.019510	0.000000	0.159965	0.001916	20.2
195	-1.018037	0.000000	0.159965	0.002060	20.1
196	-1.019154	0.000000	0.159965	0.001864	20.0
197	-1.019303	0.000000	0.159965	0.001875	20.2
198	-1.019075	0.000000	0.159965	0.001698	19.8
199	-1.019004	0.000000	0.159965	0.001897	19.9
200	-1.018652	0.000000	0.159965	0.001781	20.0
201	-1.019005	0.000000	0.159965	0.002023	19.9
202	-1.018980	0.000000	0.159965	0.001657	19.8
203	-1.019196	0.000000	0.159965	0.001916	19.9
204	-1.018780	0.000000	0.159965	0.001835	19.9
205	-1.019039	0.000000	0.159965	0.001737	19.7
206	-1.018577	0.000000	0.159965	0.001650	19.8
207	-1.019014	0.000000	0.159965	0.001910	19.8
208	-1.018578	0.000000	0.159965	0.001671	20.0
209	-1.019003	0.000000	0.159965	0.001849	19.9
210	-1.019117	0.000000	0.159965	0.001816	19.9
211	-1.019138	0.000000	0.159965	0.001746	19.9
212	-1.018424	0.000000	0.159965	0.001887	19.9
213	-1.019756	0.000000	0.159965	0.001718	20.0
214	-1.019055	0.000000	0.159965	0.001901	20.2
215	-1.018496	0.000000	0.159965	0.002017	20.0
216	-1.019140	0.000000	0.159965	0.001828	19.9
217	-1.018406	0.000000	0.159965	0.001913	19.8
218	-1.018983	0.000000	0.159965	0.001871	20.0
219	-1.018340	0.000000	0.159965	0.001869	19.9
220	-1.018899	0.000000	0.159965	0.001813	20.0
221	-1.018704	0.000000	0.159965	0.001818	19.8
222	-1.018721	0.000000	0.159965	0.001932	19.9
223	-1.018458	0.000000	0.159965	0.001865	19.8
224	-1.018644	0.000000	0.159965	0.001658	20.0
225	-1.019006	0.000000	0.159965	0.001876	20.0
226	-1.018860	0.000000	0.159965	0.001636	19.8
227	-1.018678	0.000000	0.159965	0.001903	19.8
228	-1.018593	0.000000	0.159965	0.001802	19.8
229	-1.019035	0.000000	0.159965	0.001701	20.0
230	-1.018769	0.000000	0.159965	0.002018	19.9
231	-1.018851	0.000000	0.159965	0.001970	19.9
232	-1.018795	0.000000	0.159965	0.001776	19.8
233	-1.017851	0.000000	0.159965	0.001800	20.0
234	-1.018876	0.000000	0.159965	0.001947	20.1
235	-1.018265	0.000000	0.159965	0.001920	20.3
236	-1.018634	0.000000	0.159965	0.001837	20.4
237	-1.019092	0.000000	0.159965	0.001862	19.9
238	-1.018502	0.000000	0.159965	0.001814	19.9
239	-1.019394	0.000000	0.159965	0.001890	19.9
240	-1.018806	0.000000	0.159965	0.001839	19.9
241	-1.018837	0.000000	0.159965	0.001775	19.7
242	-1.018952	0.000000	0.159965	0.001878	19.8
243	-1.018835	0.000000	0.159965	0.001699	19.7
244	-1.019588	0.000000	0.159965	0.001874	19.8
245	-1.018732	0.000000	0.159965	0.001879	19.8
246	-1.018856	0.000000	0.159965	0.001638	19.9
247	-1.018960	0.000000	0.159965	0.002117	19.8
248	-1.018996	0.000000	0.159965	0.001825	19.8
249	-1.018605	0.000000	0.159965	0.001843	19.8
250	-1.018871	0.000000	0.159965	0.001715	19.9
251	-1.019235	0.000000	0.159965	0.001862	19.9
252	-1.018857	0.000000	0.159965	0.001888	19.8
253	-1.018677	0.000000	0.159965	0.001870	19.9
254	-1.018808	0.000000	0.159965	0.001805	19.9
255	-1.019001	0.000000	0.159965	0.001887	19.8
256	-1.018723	0.000000	0.159965	0.001910	19.9
257	-1.018381	0.000000	0.159965	0.001736	19.9
258	-1.018797	0.000000	0.159965	0.002015	20.0
259	-1.019111	0.000000	0.159965	0.001848	19.9
260	-1.019005	0.000000	0.159965	0.001996	19.8
261	-1.019080	0.000000	0.159965	0.001983	20.0
262	-1.018602	0.000000	0.159965	0.002028	19.9
263	-1.019512	0.000000	0.159965	0.001643	19.9
264	-1.019191	0.000000	0.159965	0.001847	19.8
265	-1.019192	0.000000	0.159965	0.001828	20.1
266	-1.018543	0.000000	0.159965	0.001750	20.0
267	-1.018963	0.000000	0.159965	0.002070	19.8
268	-1.018291	0.000000	0.159965	0.001843	19.9
269	-1.018314	0.000000	0.159965	0.001716	20.0
270	-1.018912	0.000000	0.159965	0.002017	19.8
271	-1.019208	0.000000	0.159965	0.001727	19.8
272	-1.018599	0.000000	0.159965	0.001934	19.8
273	-1.018215	0.000000	0.159965	0.001971	19.8
274	-1.019149	0.000000	0.159965	0.002012	19.9
275	-1.019137	0.000000	0.159965	0.001981	19.9
276	-1.018532	0.000000	0.159965	0.001742	20.1
277	-1.018936	0.000000	0.159965	0.001860	20.0
278	-1.018921	0.000000	0.159965	0.002025	19.9
279	-1.018737	0.000000	0.159965	0.001891	19.9
280	-1.018819	0.000000	0.159965	0.001817	19.8
281	-1.018948	0.000000	0.159965	0.001946	19.8
282	-1.018386	0.000000	0.159965	0.001868	20.1
283	-1.019025	0.000000	0.159965	0.001944	20.1
284	-1.019067	0.000000	0.159965	0.001796	19.9
285	-1.018969	0.000000	0.159965	0.001871	20.0
286	-1.019026	0.000000	0.159965	0.001881	20.0
287	-1.018556	0.000000	0.159965	0.001663	20.0
288	-1.019216	0.000000	0.159965	0.001885	19.9
289	-1.018977	0.000000	0.159965	0.001841	20.0
290	-1.018845	0.000000	0.159965	0.001794	19.9
291	-1.018798	0.000000	0.159965	0.001716	20.0
292	-1.018252	0.000000	0.159965	0.001580	20.0
293	-1.019509	0.000000	0.159965	0.001889	19.8
294	-1.018810	0.000000	0.159965	0.001850	20.0
295	-1.018938	0.000000	0.159965	0.001781	19.8
296	-1.018723	0.000000	0.159965	0.001866	19.8
297	-1.018716	0.000000	0.159965	0.001935	19.9
298	-1.019475	0.000000	0.159965	0.001879	19.8
299	-1.018768	0.000000	0.159965	0.001826	19.8
300	-1.018791	0.000000	0.159965	0.001835	19.9
301	-1.018375	0.000000	0.159965	0.001756	19.8
302	-1.018680	0.000000	0.159965	0.001527	19.8
303	-1.018772	0.000000	0.159965	0.001669	20.0
304	-1.019041	0.000000	0.159965	0.001923	19.8
305	-1.019482	0.000000	0.159965	0.001946	19.9
306	-1.019349	0.000000	0.159965	0.001909	19.8
307	-1.018420	0.000000	0.159965	0.001741	19.8
308	-1.018829	0.000000	0.159965	0.001880	19.8
309	-1.018864	0.000000	0.159965	0.001787	19.8
310	-1.018473	0.000000	0.159965	0.001873	19.9
311	-1.019921	0.000000	0.159965	0.001794	20.1
312	-1.019126	0.000000	0.159965	0.001861	19.9
313	-1.018652	0.000000	0.159965	0.001696	19.8
314	-1.019614	0.000000	0.159965	0.001799	19.8
315	-1.018849	0.000000	0.159965	0.001871	19.9
316	-1.018659	0.000000	0.159965	0.001905	19.9
317	-1.018979	0.000000	0.159965	0.002008	20.0
318	-1.018635	0.000000	0.159965	0.001835	19.9
319	-1.018814	0.000000	0.159965	0.001599	19.9
320	-1.019381	0.000000	0.159965	0.001929	19.9
321	-1.019061	0.000000	0.159965	0.001741	19.8
322	-1.019391	0.000000	0.159965	0.001927	19.8
323	-1.018728	0.000000	0.159965	0.002007	19.8
324	-1.018368	0.000000	0.159965	0.001794	19.9
325	-1.019199	0.000000	0.159965	0.001854	19.9
326	-1.018687	0.000000	0.159965	0.001838	19.8
327	-1.018544	0.000000	0.159965	0.001637	20.0
328	-1.018719	0.000000	0.159965	0.001827	19.9
329	-1.019148	0.000000	0.159965	0.001913	20.0
330	-1.019216	0.000000	0.159965	0.001904	20.0
331	-1.019013	0.000000	0.159965	0.002032	19.9
332	-1.019327	0.000000	0.159965	0.001756	19.8
333	-1.018898	0.000000	0.159965	0.002094	20.0
334	-1.019152	0.000000	0.159965	0.001829	19.8
335	-1.018469	0.000000	0.159965	0.001791	19.8
336	-1.018805	0.000000	0.159965	0.001801	19.9
337	-1.018773	0.000000	0.159965	0.001952	19.8
338	-1.018425	0.000000	0.159965	0.001921	19.8
339	-1.018959	0.000000	0.159965	0.002059	19.9
340	-1.018824	0.000000	0.159965	0.002006	19.9
341	-1.018444	0.000000	0.159965	0.001833	19.8
342	-1.018614	0.000000	0.159965	0.002160	19.7
343	-1.019488	0.000000	0.159965	0.001837	19.9
344	-1.019030	0.000000	0.159965	0.001953	19.8
345	-1.019081	0.000000	0.159965	0.002006	19.9
346	-1.019249	0.000000	0.159965	0.001903	19.8
347	-1.018940	0.000000	0.159965	0.002066	19.8
348	-1.019315	0.000000	0.159965	0.001817	19.8
349	-1.018582	0.000000	0.159965	0.001936	19.8
350	-1.019579	0.000000	0.159965	0.001802	19.9
351	-1.019142	0.000000	0.159965	0.001837	19.8
352	-1.018942	0.000000	0.159965	0.001691	19.8
353	-1.019023	0.000000	0.159965	0.001813	19.8
354	-1.018800	0.000000	0.159965	0.001844	19.8
355	-1.018745	0.000000	0.159965	0.001864	20.0
356	-1.018739	0.000000	0.159965	0.001745	19.8
357	-1.019024	0.000000	0.159965	0.001760	19.8
358	-1.019223	0.000000	0.159965	0.001981	19.8
359	-1.018311	0.000000	0.159965	0.001914	19.9
360	-1.018775	0.000000	0.159965	0.001751	20.0
361	-1.018602	0.000000	0.159965	0.001861	19.9
362	-1.019211	0.000000	0.159965	0.001780	19.8
363	-1.019001	0.000000	0.159965	0.001960	19.8
364	-1.018214	0.000000	0.159965	0.001853	19.8
365	-1.018814	0.000000	0.159965	0.001786	19.9
366	-1.018494	0.000000	0.159965	0.001773	19.8
367	-1.018714	0.000000	0.159965	0.002038	19.7
368	-1.018792	0.000000	0.159965	0.001877	19.9
369	-1.019485	0.000000	0.159965	0.001907	20.0
370	-1.018769	0.000000	0.159965	0.001796	19.8
371	-1.019445	0.000000	0.159965	0.001639	19.8
372	-1.018561	0.000000	0.159965	0.001864	19.7
373	-1.018898	0.000000	0.159965	0.001921	19.8
374	-1.018457	0.000000	0.159965	0.001803	19.8
375	-1.019060	0.000000	0.159965	0.001780	20.0
376	-1.018502	0.000000	0.159965	0.001741	19.8
377	-1.019148	0.000000	0.159965	0.001916	19.8
378	-1.018641	0.000000	0.159965	0.001783	19.9
379	-1.019045	0.000000	0.159965	0.001997	19.8
380	-1.018997	0.000000	0.159965	0.001689	19.8
381	-1.019155	0.000000	0.159965	0.001875	20.1
382	-1.019137	0.000000	0.159965	0.001917	19.9
383	-1.018763	0.000000	0.159965	0.001660	19.9
384	-1.019151	0.000000	0.159965	0.001923	19.9
385	-1.018722	0.000000	0.159965	0.001909	19.8
386	-1.019393	0.000000	0.159965	0.001878	19.8
387	-1.019400	0.000000	0.159965	0.001792	19.8
388	-1.019178	0.000000	0.159965	0.001967	19.8
389	-1.018008	0.000000	0.159965	0.001786	19.8
390	-1.018812	0.000000	0.159965	0.001989	20.0
391	-1.019120	0.000000	0.159965	0.001789	19.8
392	-1.019152	0.000000	0.159965	0.001868	19.8
393	-1.018875	0.000000	0.159965	0.001739	19.8
394	-1.018936	0.000000	0.159965	0.001868	19.9
395	-1.019024	0.000000	0.159965	0.001714	19.9
396	-1.019200	0.000000	0.159965	0.001895	19.8
397	-1.018635	0.000000	0.159965	0.001890	19.8
398	-1.019171	0.000000	0.159965	0.001739	19.8
399	-1.018821	0.000000	0.159965	0.001941	19.9
400	-1.019372	0.000000	0.159965	0.001861	19.9
401	-1.018485	0.000000	0.159965	0.001901	19.9
402	-1.018372	0.000000	0.159965	0.001875	19.8
403	-1.018372	0.000000	0.159965	0.002020	19.9
404	-1.018615	0.000000	0.159965	0.001747	19.8
405	-1.019225	0.000000	0.159965	0.001849	19.7
406	-1.019599	0.000000	0.159965	0.001860	19.8
407	-1.019102	0.000000	0.159965	0.001884	20.0
408	-1.018684	0.000000	0.159965	0.002027	19.7
409	-1.019449	0.000000	0.159965	0.001889	19.8
410	-1.018853	0.000000	0.159965	0.001839	19.9
411	-1.018589	0.000000	0.159965	0.002005	19.8
412	-1.019162	0.000000	0.159965	0.001755	19.8
413	-1.018417	0.000000	0.159965	0.001930	19.8
414	-1.019294	0.000000	0.159965	0.001896	19.8
415	-1.018930	0.000000	0.159965	0.001739	20.0
416	-1.018540	0.000000	0.159965	0.001938	19.8
417	-1.019543	0.000000	0.159965	0.001903	19.9
418	-1.018930	0.000000	0.159965	0.001924	19.8
419	-1.019106	0.000000	0.159965	0.001758	19.9
420	-1.019045	0.000000	0.159965	0.001896	21.7
421	-1.019094	0.000000	0.159965	0.001955	19.9
422	-1.019477	0.000000	0.159965	0.001810	19.7
423	-1.019075	0.000000	0.159965	0.001700	19.8
424	-1.019246	0.000000	0.159965	0.001854	19.8
425	-1.018941	0.000000	0.159965	0.001680	19.8
426	-1.018685	0.000000	0.159965	0.001737	19.9
427	-1.018981	0.000000	0.159965	0.001971	19.9
428	-1.018994	0.000000	0.159965	0.001835	19.8
429	-1.018762	0.000000	0.159965	0.001715	19.7
430	-1.019437	0.000000	0.159965	0.001775	19.8
431	-1.018649	0.000000	0.159965	0.001967	19.9
432	-1.018023	0.000000	0.159965	0.001922	19.8
433	-1.018375	0.000000	0.159965	0.001829	19.9
434	-1.018990	0.000000	0.159965	0.002060	19.9
435	-1.018459	0.000000	0.159965	0.001955	19.8
436	-1.018935	0.000000	0.159965	0.001793	19.8
437	-1.018991	0.000000	0.159965	0.001968	19.9
438	-1.018946	0.000000	0.159965	0.001772	19.9
439	-1.019182	0.000000	0.159965	0.002004	19.9
440	-1.019239	0.000000	0.159965	0.001902	19.8
441	-1.019226	0.000000	0.159965	0.002131	19.8
442	-1.019642	0.000000	0.159965	0.002040	19.8
443	-1.018948	0.000000	0.159965	0.001912	19.7
444	-1.019037	0.000000	0.159965	0.001909	19.8
445	-1.019185	0.000000	0.159965	0.001815	19.8
446	-1.018811	0.000000	0.159965	0.002033	19.9
447	-1.018876	0.000000	0.159965	0.001870	19.9
448	-1.018746	0.000000	0.159965	0.001789	19.8
449	-1.018979	0.000000	0.159965	0.001876	19.9
450	-1.019125	0.000000	0.159965	0.001953	19.8
451	-1.019267	0.000000	0.159965	0.001931	19.8
452	-1.018663	0.000000	0.159965	0.001781	19.7
453	-1.018563	0.000000	0.159965	0.001711	19.9
454	-1.018623	0.000000	0.159965	0.002052	19.8
455	-1.018763	0.000000	0.159965	0.001965	19.8
456	-1.019386	0.000000	0.159965	0.001913	19.8
457	-1.018138	0.000000	0.159965	0.001826	19.8
458	-1.018596	0.000000	0.159965	0.001731	19.7
459	-1.019010	0.000000	0.159965	0.001883	19.9
460	-1.019499	0.000000	0.159965	0.001813	19.9
461	-1.019232	0.000000	0.159965	0.001926	19.8
462	-1.018985	0.000000	0.159965	0.001830	19.8
463	-1.019260	0.000000	0.159965	0.001834	19.7
464	-1.019078	0.000000	0.159965	0.001760	19.8
465	-1.018574	0.000000	0.159965	0.001778	19.8
466	-1.019532	0.000000	0.159965	0.001805	19.9
467	-1.019235	0.000000	0.159965	0.001926	19.7
468	-1.018999	0.000000	0.159965	0.001869	19.9
469	-1.019098	0.000000	0.159965	0.001784	20.0
470	-1.019429	0.000000	0.159965	0.001920	19.9
471	-1.019043	0.000000	0.159965	0.001884	19.8
472	-1.019115	0.000000	0.159965	0.001733	19.9
473	-1.019038	0.000000	0.159965	0.001935	19.9
474	-1.018783	0.000000	0.159965	0.001893	19.7
475	-1.018822	0.000000	0.159965	0.001962	19.9
476	-1.019119	0.000000	0.159965	0.001769	19.9
477	-1.018310	0.000000	0.159965	0.001825	19.8
478	-1.018409	0.000000	0.159965	0.001846	19.8
479	-1.019261	0.000000	0.159965	0.001911	19.9
480	-1.018893	0.000000	0.159965	0.001885	19.8
481	-1.018627	0.000000	0.159965	0.001774	19.9
482	-1.019362	0.000000	0.159965	0.001750	19.9
483	-1.018937	0.000000	0.159965	0.001994	19.8
484	-1.019042	0.000000	0.159965	0.001684	20.1
485	-1.018959	0.000000	0.159965	0.001987	19.9
486	-1.019134	0.000000	0.159965	0.001920	19.8
487	-1.018698	0.000000	0.159965	0.001797	19.8
488	-1.018578	0.000000	0.159965	0.001789	19.8
489	-1.019133	0.000000	0.159965	0.001848	19.9
490	-1.019028	0.000000	0.159965	0.001898	19.8
491	-1.018858	0.000000	0.159965	0.001978	19.9
492	-1.018930	0.000000	0.159965	0.001715	19.7
493	-1.018576	0.000000	0.159965	0.001967	19.8
494	-1.019363	0.000000	0.159965	0.001948	19.8
495	-1.018412	0.000000	0.159965	0.001629	19.9
496	-1.018860	0.000000	0.159965	0.001768	19.8
497	-1.018918	0.000000	0.159965	0.001904	19.8
498	-1.019066	0.000000	0.159965	0.001740	19.7
499	-1.019106	0.000000	0.159965	0.001830	19.9
500	-1.018644	0.000000	0.159965	0.001884	19.8
501	-1.018988	0.000000	0.159965	0.002046	19.7
502	-1.019019	0.000000	0.159965	0.001959	19.8
503	-1.019013	0.000000	0.159965	0.001917	19.8
504	-1.018963	0.000000	0.159965	0.001868	19.8
505	-1.018929	0.000000	0.159965	0.001994	19.8
506	-1.019490	0.000000	0.159965	0.001783	20.0
507	-1.019596	0.000000	0.159965	0.001803	19.8
508	-1.018964	0.000000	0.159965	0.001794	19.8
509	-1.018819	0.000000	0.159965	0.001827	19.8
510	-1.019083	0.000000	0.159965	0.001802	19.9
511	-1.018587	0.000000	0.159965	0.002026	20.1
512	-1.018921	0.000000	0.159965	0.001870	19.9
513	-1.018591	0.000000	0.159965	0.001889	20.1
514	-1.019295	0.000000	0.159965	0.002034	20.3
515	-1.019200	0.000000	0.159965	0.001842	19.9
516	-1.018502	0.000000	0.159965	0.001777	19.8
517	-1.019122	0.000000	0.159965	0.002083	19.8
518	-1.019040	0.000000	0.159965	0.001724	19.8
519	-1.019198	0.000000	0.159965	0.001885	19.9
520	-1.019111	0.000000	0.159965	0.001911	19.9
521	-1.019051	0.000000	0.159965	0.001861	19.9
522	-1.019059	0.000000	0.159965	0.001808	19.7
523	-1.018495	0.000000	0.159965	0.001723	19.9
524	-1.019394	0.000000	0.159965	0.001816	19.8
525	-1.019328	0.000000	0.159965	0.002076	19.9
526	-1.018932	0.000000	0.159965	0.001746	19.9
527	-1.019130	0.000000	0.159965	0.002013	19.8
528	-1.018999	0.000000	0.159965	0.002065	19.9
529	-1.018652	0.000000	0.159965	0.001715	19.8
530	-1.019281	0.000000	0.159965	0.001889	19.9
531	-1.019683	0.000000	0.159965	0.001975	19.9
532	-1.018913	0.000000	0.159965	0.001766	19.8
533	-1.018904	0.000000	0.159965	0.001889	19.8
534	-1.019056	0.000000	0.159965	0.001985	19.8
535	-1.019188	0.000000	0.159965	0.001699	19.8
536	-1.018516	0.000000	0.159965	0.001734	19.9
537	-1.019217	0.000000	0.159965	0.001886	20.0
538	-1.019252	0.000000	0.159965	0.001788	19.7
539	-1.018394	0.000000	0.159965	0.001672	19.8
540	-1.018935	0.000000	0.159965	0.001862	20.0
541	-1.018965	0.000000	0.159965	0.001839	19.8
542	-1.018683	0.000000	0.159965	0.002087	19.8
543	-1.019295	0.000000	0.159965	0.001880	19.8
544	-1.018638	0.000000	0.159965	0.002038	19.8
545	-1.018864	0.000000	0.159965	0.001610	19.9
546	-1.019739	0.000000	0.159965	0.001838	19.8
547	-1.019163	0.000000	0.159965	0.001980	19.9
548	-1.019309	0.000000	0.159965	0.002024	19.8
549	-1.018672	0.000000	0.159965	0.002041	19.8
550	-1.018966	0.000000	0.159965	0.001822	20.0
551	-1.018749	0.000000	0.159965	0.001828	20.0
552	-1.018983	0.000000	0.159965	0.001970	19.8
553	-1.019323	0.000000	0.159965	0.001889	19.7
554	-1.019324	0.000000	0.159965	0.001855	19.9
555	-1.018872	0.000000	0.159965	0.001813	19.8
556	-1.018887	0.000000	0.159965	0.001691	19.9
557	-1.018676	0.000000	0.159965	0.001832	19.9
558	-1.018689	0.000000	0.159965	0.001804	19.8
559	-1.018809	0.000000	0.159965	0.001850	19.7
560	-1.019217	0.000000	0.159965	0.001888	20.0
561	-1.019166	0.000000	0.159965	0.001883	20.2
562	-1.018904	0.000000	0.159965	0.001853	20.1
563	-1.018758	0.000000	0.159965	0.001894	20.2
564	-1.018239	0.000000	0.159965	0.001756	19.8
565	-1.019044	0.000000	0.159965	0.001671	19.8
566	-1.019032	0.000000	0.159965	0.001721	20.0
567	-1.018660	0.000000	0.159965	0.001722	19.8
568	-1.018823	0.000000	0.159965	0.001825	19.8
569	-1.018566	0.000000	0.159965	0.001784	19.9
570	-1.018907	0.000000	0.159965	0.001864	19.9
571	-1.018819	0.000000	0.159965	0.001868	19.8
572	-1.018939	0.000000	0.159965	0.001817	19.8
573	-1.018941	0.000000	0.159965	0.001964	19.8
574	-1.019076	0.000000	0.159965	0.001815	19.8
575	-1.018891	0.000000	0.159965	0.002005	19.8
576	-1.019290	0.000000	0.159965	0.001978	19.9
577	-1.019088	0.000000	0.159965	0.001890	19.8
578	-1.018740	0.000000	0.159965	0.001881	19.8
579	-1.018976	0.000000	0.159965	0.001858	19.8
580	-1.018688	0.000000	0.159965	0.001868	19.9
581	-1.019068	0.000000	0.159965	0.001906	19.8
582	-1.019273	0.000000	0.159965	0.001860	19.8
583	-1.019130	0.000000	0.159965	0.001966	19.8
584	-1.018852	0.000000	0.159965	0.001879	19.9
585	-1.019197	0.000000	0.159965	0.001933	19.9
586	-1.018659	0.000000	0.159965	0.001823	19.9
587	-1.018848	0.000000	0.159965	0.001779	19.8
588	-1.019072	0.000000	0.159965	0.001931	19.8
589	-1.019517	0.000000	0.159965	0.001801	19.8
590	-1.018875	0.000000	0.159965	0.001777	19.7
591	-1.019543	0.000000	0.159965	0.002108	20.0
592	-1.018646	0.000000	0.159965	0.001699	19.8
593	-1.019234	0.000000	0.159965	0.001715	19.8
594	-1.019455	0.000000	0.159965	0.001787	19.8
595	-1.019082	0.000000	0.159965	0.001900	19.9
596	-1.019361	0.000000	0.159965	0.001827	19.8
597	-1.018849	0.000000	0.159965	0.002006	19.8
598	-1.019113	0.000000	0.159965	0.001789	19.7
599	-1.018657	0.000000	0.159965	0.001722	19.8
600	-1.018670	0.000000	0.159965	0.002187	20.0
601	-1.019520	0.000000	0.159965	0.001792	19.8
602	-1.018935	0.000000	0.159965	0.001951	19.8
603	-1.020085	0.000000	0.159965	0.002058	20.0
604	-1.018989	0.000000	0.159965	0.001743	19.8
605	-1.018649	0.000000	0.159965	0.001880	19.8
606	-1.019325	0.000000	0.159965	0.001714	19.8
607	-1.018910	0.000000	0.159965	0.002006	19.8
608	-1.019093	0.000000	0.159965	0.001756	19.9
609	-1.019166	0.000000	0.159965	0.001840	19.9
610	-1.018931	0.000000	0.159965	0.002056	19.8
611	-1.019478	0.000000	0.159965	0.001986	20.0
612	-1.018701	0.000000	0.159965	0.001637	19.9
613	-1.019703	0.000000	0.159965	0.001896	19.8
614	-1.018862	0.000000	0.159965	0.001882	19.8
615	-1.018302	0.000000	0.159965	0.001718	19.9
616	-1.019171	0.000000	0.159965	0.002030	20.0
617	-1.019422	0.000000	0.159965	0.001922	19.8
618	-1.018982	0.000000	0.159965	0.001700	19.8
619	-1.019198	0.000000	0.159965	0.001835	19.8
620	-1.019109	0.000000	0.159965	0.001855	19.9
621	-1.019432	0.000000	0.159965	0.001833	19.7
622	-1.018793	0.000000	0.159965	0.001966	19.9
623	-1.018561	0.000000	0.159965	0.001722	19.7
624	-1.019050	0.000000	0.159965	0.001874	19.8
625	-1.018367	0.000000	0.159965	0.001923	19.8
626	-1.019479	0.000000	0.159965	0.001806	19.9
627	-1.018508	0.000000	0.159965	0.001931	19.8
628	-1.018585	0.000000	0.159965	0.001798	19.8
629	-1.018907	0.000000	0.159965	0.001897	19.9
630	-1.019335	0.000000	0.159965	0.002274	19.8
631	-1.019147	0.000000	0.159965	0.001749	19.8
632	-1.018405	0.000000	0.159965	0.001911	19.9
633	-1.018689	0.000000	0.159965	0.001921	19.8
634	-1.019235	0.000000	0.159965	0.001749	19.8
635	-1.018881	0.000000	0.159965	0.001901	20.0
636	-1.018736	0.000000	0.159965	0.001878	19.8
637	-1.019262	0.000000	0.159965	0.001716	19.8
638	-1.018938	0.000000	0.159965	0.001936	19.9
639	-1.019305	0.000000	0.159965	0.001903	19.8
640	-1.019000	0.000000	0.159965	0.001869	19.8
641	-1.018554	0.000000	0.159965	0.001693	20.0
642	-1.018887	0.000000	0.159965	0.001822	19.8
643	-1.018926	0.000000	0.159965	0.001672	19.8
644	-1.018870	0.000000	0.159965	0.001786	19.8
645	-1.018820	0.000000	0.159965	0.001902	19.7
646	-1.019387	0.000000	0.159965	0.001784	19.8
647	-1.018786	0.000000	0.159965	0.001854	19.7
648	-1.018567	0.000000	0.159965	0.001960	19.9
649	-1.018940	0.000000	0.159965	0.001776	19.8
650	-1.019070	0.000000	0.159965	0.001981	19.8
651	-1.019465	0.000000	0.159965	0.001789	19.8
652	-1.019148	0.000000	0.159965	0.001896	19.8
653	-1.019142	0.000000	0.159965	0.001893	19.8
654	-1.018561	0.000000	0.159965	0.001828	19.8
655	-1.018747	0.000000	0.159965	0.001808	19.8
656	-1.019323	0.000000	0.159965	0.001924	19.7
657	-1.019653	0.000000	0.159965	0.001789	20.0
658	-1.019081	0.000000	0.159965	0.001798	19.8
659	-1.018832	0.000000	0.159965	0.001815	19.9
660	-1.019041	0.000000	0.159965	0.001871	19.9
661	-1.018375	0.000000	0.159965	0.001667	19.9
662	-1.018823	0.000000	0.159965	0.001897	20.0
663	-1.019027	0.000000	0.159965	0.001871	19.8
664	-1.018650	0.000000	0.159965	0.001894	19.8
665	-1.018708	0.000000	0.159965	0.001869	19.8
666	-1.019109	0.000000	0.159965	0.002113	19.9
667	-1.018870	0.000000	0.159965	0.001924	19.9
668	-1.019098	0.000000	0.159965	0.001909	19.8
669	-1.019748	0.000000	0.159965	0.001902	19.8
670	-1.018450	0.000000	0.159965	0.001913	19.8
671	-1.019336	0.000000	0.159965	0.001975	19.9
672	-1.018764	0.000000	0.159965	0.001872	19.9
673	-1.018970	0.000000	0.159965	0.001931	19.8
674	-1.019132	0.000000	0.159965	0.001810	19.8
675	-1.019219	0.000000	0.159965	0.001900	19.8
676	-1.019150	0.000000	0.159965	0.001837	19.9
677	-1.019611	0.000000	0.159965	0.001840	19.8
678	-1.020099	0.000000	0.159965	0.001787	19.7
679	-1.018807	0.000000	0.159965	0.001729	19.8
680	-1.019010	0.000000	0.159965	0.002031	19.8
681	-1.019136	0.000000	0.159965	0.001850	19.9
682	-1.018862	0.000000	0.159965	0.001848	19.9
683	-1.019281	0.000000	0.159965	0.002005	19.8
684	-1.019650	0.000000	0.159965	0.001976	19.8
685	-1.018671	0.000000	0.159965	0.001856	20.0
686	-1.019435	0.000000	0.159965	0.001793	19.8
687	-1.019490	0.000000	0.159965	0.001925	19.8
688	-1.019502	0.000000	0.159965	0.001862	19.9
689	-1.018802	0.000000	0.159965	0.001702	19.9
690	-1.019393	0.000000	0.159965	0.001931	20.4
691	-1.020208	0.000000	0.159965	0.002039	20.5
692	-1.019093	0.000000	0.159965	0.001830	20.8
693	-1.019621	0.000000	0.159965	0.001959	21.5
694	-1.019810	0.000000	0.159965	0.001771	21.7
695	-1.018710	0.000000	0.159965	0.002050	20.7
696	-1.019459	0.000000	0.159965	0.001738	20.8
697	-1.019393	0.000000	0.159965	0.001980	20.8
698	-1.019567	0.000000	0.159965	0.001881	20.7
699	-1.017906	0.000000	0.159965	0.001733	20.8
700	-1.019028	0.000000	0.159965	0.001793	20.7
701	-1.018999	0.000000	0.159965	0.002034	20.3
702	-1.019519	0.000000	0.159965	0.001807	20.9
703	-1.019146	0.000000	0.159965	0.001912	20.3
704	-1.019293	0.000000	0.159965	0.001835	19.9
705	-1.019360	0.000000	0.159965	0.001937	20.0
706	-1.019054	0.000000	0.159965	0.001896	19.8
707	-1.019318	0.000000	0.159965	0.001838	19.8
708	-1.018614	0.000000	0.159965	0.001822	19.8
709	-1.018973	0.000000	0.159965	0.001965	19.7
710	-1.018931	0.000000	0.159965	0.001875	19.8
711	-1.019337	0.000000	0.159965	0.001859	20.1
712	-1.019466	0.000000	0.159965	0.001970	20.1
713	-1.019231	0.000000	0.159965	0.001761	20.4
714	-1.019781	0.000000	0.159965	0.001937	19.7
715	-1.018814	0.000000	0.159965	0.002050	19.7
716	-1.019215	0.000000	0.159965	0.001708	19.9
717	-1.018818	0.000000	0.159965	0.001773	19.9
718	-1.019232	0.000000	0.159965	0.001743	20.1
719	-1.019189	0.000000	0.159965	0.001788	19.9
720	-1.019441	0.000000	0.159965	0.001687	19.9
721	-1.018494	0.000000	0.159965	0.001794	19.8
722	-1.019215	0.000000	0.159965	0.001923	19.8
723	-1.019271	0.000000	0.159965	0.001936	19.7
724	-1.019044	0.000000	0.159965	0.001846	19.7
725	-1.019526	0.000000	0.159965	0.001941	19.9
726	-1.019288	0.000000	0.159965	0.001700	19.7
727	-1.018927	0.000000	0.159965	0.001873	19.8
728	-1.019107	0.000000	0.159965	0.001865	19.9
729	-1.019483	0.000000	0.159965	0.001609	19.8
730	-1.018516	0.000000	0.159965	0.001909	19.8
731	-1.019034	0.000000	0.159965	0.001816	20.0
732	-1.019586	0.000000	0.159965	0.001617	19.8
733	-1.019310	0.000000	0.159965	0.001894	30.4
734	-1.019144	0.000000	0.159965	0.001854	20.7
735	-1.018873	0.000000	0.159965	0.001810	19.8
736	-1.019314	0.000000	0.159965	0.001816	19.9
737	-1.019507	0.000000	0.159965	0.001869	19.7
738	-1.019465	0.000000	0.159965	0.001936	19.8
739	-1.019228	0.000000	0.159965	0.001766	19.7
740	-1.019286	0.000000	0.159965	0.001914	19.7
741	-1.019229	0.000000	0.159965	0.001976	19.7
742	-1.018639	0.000000	0.159965	0.001838	19.8
743	-1.019193	0.000000	0.159965	0.001896	19.9
744	-1.019364	0.000000	0.159965	0.001799	19.8
745	-1.019202	0.000000	0.159965	0.001889	19.8
746	-1.019458	0.000000	0.159965	0.001815	19.7
747	-1.019228	0.000000	0.159965	0.001985	20.0
748	-1.019429	0.000000	0.159965	0.001714	20.1
749	-1.019147	0.000000	0.159965	0.001907	20.0
750	-1.018922	0.000000	0.159965	0.001736	19.7
751	-1.018778	0.000000	0.159965	0.002042	19.7
752	-1.018843	0.000000	0.159965	0.001908	20.0
753	-1.018635	0.000000	0.159965	0.001830	19.6
754	-1.018323	0.000000	0.159965	0.001933	19.7
755	-1.019354	0.000000	0.159965	0.001823	19.7
756	-1.019231	0.000000	0.159965	0.001883	20.2
757	-1.018827	0.000000	0.159965	0.001684	19.8
758	-1.019125	0.000000	0.159965	0.001982	19.7
759	-1.019197	0.000000	0.159965	0.002024	19.9
760	-1.019207	0.000000	0.159965	0.002033	19.8
761	-1.018971	0.000000	0.159965	0.001637	19.9
762	-1.019601	0.000000	0.159965	0.001894	19.7
763	-1.018605	0.000000	0.159965	0.001840	19.8
764	-1.019531	0.000000	0.159965	0.001875	19.8
765	-1.018846	0.000000	0.159965	0.002098	19.6
766	-1.019116	0.000000	0.159965	0.001829	19.8
767	-1.019048	0.000000	0.159965	0.001994	19.8
768	-1.019082	0.000000	0.159965	0.002074	19.8
769	-1.019333	0.000000	0.159965	0.001621	19.8
770	-1.019253	0.000000	0.159965	0.001931	19.8
771	-1.019286	0.000000	0.159965	0.001893	19.7
772	-1.019006	0.000000	0.159965	0.001935	19.7
773	-1.019439	0.000000	0.159965	0.002016	19.7
774	-1.019041	0.000000	0.159965	0.001859	19.6
775	-1.019431	0.000000	0.159965	0.001762	19.7
776	-1.018860	0.000000	0.159965	0.001762	19.8
777	-1.019610	0.000000	0.159965	0.001660	19.7
778	-1.019018	0.000000	0.159965	0.001764	19.8
779	-1.019341	0.000000	0.159965	0.001986	19.8
780	-1.018734	0.000000	0.159965	0.001921	19.8
781	-1.019286	0.000000	0.159965	0.001935	19.8
782	-1.019281	0.000000	0.159965	0.001830	19.9
783	-1.018912	0.000000	0.159965	0.001797	19.7
784	-1.019234	0.000000	0.159965	0.001864	19.7
785	-1.018778	0.000000	0.159965	0.001809	19.8
786	-1.019982	0.000000	0.159965	0.001993	19.8
787	-1.019057	0.000000	0.159965	0.001966	19.7
788	-1.019441	0.000000	0.159965	0.001802	19.6
789	-1.019324	0.000000	0.159965	0.001881	19.8
790	-1.019457	0.000000	0.159965	0.001878	19.8
791	-1.019686	0.000000	0.159965	0.001932	19.8
792	-1.019544	0.000000	0.159965	0.001590	19.9
793	-1.019318	0.000000	0.159965	0.001809	19.8
794	-1.019285	0.000000	0.159965	0.001868	19.8
795	-1.018535	0.000000	0.159965	0.002066	19.8
796	-1.018816	0.000000	0.159965	0.001876	19.8
797	-1.019414	0.000000	0.159965	0.001682	19.9
798	-1.019077	0.000000	0.159965	0.001787	19.7
799	-1.019122	0.000000	0.159965	0.001807	19.9
800	-1.019272	0.000000	0.159965	0.001947	19.7
801	-1.018817	0.000000	0.159965	0.001823	19.9
802	-1.019433	0.000000	0.159965	0.001992	20.2
803	-1.019355	0.000000	0.159965	0.001685	20.1
804	-1.018556	0.000000	0.159965	0.001795	20.0
805	-1.019108	0.000000	0.159965	0.002067	19.7
806	-1.019060	0.000000	0.159965	0.001982	19.8
807	-1.019120	0.000000	0.159965	0.001943	20.0
808	-1.019192	0.000000	0.159965	0.001838	19.8
809	-1.018778	0.000000	0.159965	0.002091	19.9
810	-1.019465	0.000000	0.159965	0.001954	19.7
811	-1.019687	0.000000	0.159965	0.001827	20.0
812	-1.019322	0.000000	0.159965	0.001922	19.8
813	-1.018827	0.000000	0.159965	0.001853	19.8
814	-1.018831	0.000000	0.159965	0.001961	19.9
815	-1.018969	0.000000	0.159965	0.001773	19.8
816	-1.019443	0.000000	0.159965	0.001902	19.8
817	-1.018856	0.000000	0.159965	0.001793	19.8
818	-1.018836	0.000000	0.159965	0.001600	19.8
819	-1.019486	0.000000	0.159965	0.001964	19.7
820	-1.019127	0.000000	0.159965	0.001763	19.8
821	-1.018855	0.000000	0.159965	0.001707	19.8
822	-1.018767	0.000000	0.159965	0.001727	19.7
823	-1.019521	0.000000	0.159965	0.001937	19.7
824	-1.019586	0.000000	0.159965	0.001853	19.7
825	-1.019734	0.000000	0.159965	0.001998	19.7
826	-1.018875	0.000000	0.159965	0.001808	19.7
827	-1.019060	0.000000	0.159965	0.001795	19.8
828	-1.018464	0.000000	0.159965	0.001813	19.7
829	-1.019392	0.000000	0.159965	0.002017	19.7
830	-1.018970	0.000000	0.159965	0.001774	19.6
831	-1.019150	0.000000	0.159965	0.002084	19.7
832	-1.018814	0.000000	0.159965	0.001941	19.8
833	-1.019126	0.000000	0.159965	0.001768	19.9
834	-1.018643	0.000000	0.159965	0.001893	19.8
835	-1.018752	0.000000	0.159965	0.001731	19.8
836	-1.019668	0.000000	0.159965	0.001922	19.7
837	-1.019275	0.000000	0.159965	0.001875	19.7
838	-1.019131	0.000000	0.159965	0.001912	19.8
839	-1.018706	0.000000	0.159965	0.001786	19.7
840	-1.019063	0.000000	0.159965	0.001835	19.7
841	-1.019776	0.000000	0.159965	0.001845	19.7
842	-1.019025	0.000000	0.159965	0.001770	19.8
843	-1.018926	0.000000	0.159965	0.001813	19.8
844	-1.019317	0.000000	0.159965	0.001874	19.7
845	-1.019355	0.000000	0.159965	0.001989	19.7
846	-1.019091	0.000000	0.159965	0.001730	19.8
847	-1.018510	0.000000	0.159965	0.002054	19.7
848	-1.019525	0.000000	0.159965	0.001952	19.7
849	-1.019410	0.000000	0.159965	0.001924	19.7
850	-1.019833	0.000000	0.159965	0.001907	19.7
851	-1.018854	0.000000	0.159965	0.001894	19.7
852	-1.018985	0.000000	0.159965	0.001777	19.7
853	-1.019571	0.000000	0.159965	0.001889	19.9
854	-1.019224	0.000000	0.159965	0.001909	20.0
855	-1.019613	0.000000	0.159965	0.001916	19.9
856	-1.019197	0.000000	0.159965	0.002033	20.2
857	-1.019447	0.000000	0.159965	0.002155	20.1
858	-1.019130	0.000000	0.159965	0.001869	20.0
859	-1.018812	0.000000	0.159965	0.001657	20.2
860	-1.018879	0.000000	0.159965	0.001818	20.0
861	-1.019181	0.000000	0.159965	0.002126	20.0
862	-1.018964	0.000000	0.159965	0.001989	19.7
863	-1.018829	0.000000	0.159965	0.001979	19.8
864	-1.018345	0.000000	0.159965	0.001902	19.8
865	-1.019915	0.000000	0.159965	0.001942	19.7
866	-1.019901	0.000000	0.159965	0.002173	19.8
867	-1.019370	0.000000	0.159965	0.001947	19.7
868	-1.019009	0.000000	0.159965	0.001845	19.8
869	-1.019182	0.000000	0.159965	0.001693	19.8
870	-1.019173	0.000000	0.159965	0.001833	19.8
871	-1.018958	0.000000	0.159965	0.001816	19.8
872	-1.019335	0.000000	0.159965	0.001751	19.8
873	-1.019280	0.000000	0.159965	0.002115	19.7
874	-1.019160	0.000000	0.159965	0.001929	19.7
875	-1.018730	0.000000	0.159965	0.001692	19.7
876	-1.019791	0.000000	0.159965	0.001962	19.8
877	-1.019371	0.000000	0.159965	0.001858	19.9
878	-1.018485	0.000000	0.159965	0.001894	19.7
879	-1.019108	0.000000	0.159965	0.001877	19.7
880	-1.019722	0.000000	0.159965	0.001835	19.7
881	-1.019522	0.000000	0.159965	0.001862	19.8
882	-1.018774	0.000000	0.159965	0.001925	19.8
883	-1.019314	0.000000	0.159965	0.001820	19.8
884	-1.019316	0.000000	0.159965	0.001930	19.7
885	-1.019278	0.000000	0.159965	0.001849	19.9
886	-1.019014	0.000000	0.159965	0.001857	21.2
887	-1.019146	0.000000	0.159965	0.001920	20.6
888	-1.018749	0.000000	0.159965	0.001772	20.5
889	-1.019430	0.000000	0.159965	0.001988	19.8
890	-1.019056	0.000000	0.159965	0.001939	19.7
891	-1.018801	0.000000	0.159965	0.002034	19.7
892	-1.018984	0.000000	0.159965	0.002090	19.8
893	-1.019365	0.000000	0.159965	0.001842	19.7
894	-1.019707	0.000000	0.159965	0.001768	19.7
895	-1.019191	0.000000	0.159965	0.002055	19.7
896	-1.019212	0.000000	0.159965	0.001695	19.8
897	-1.019062	0.000000	0.159965	0.001821	19.7
898	-1.019112	0.000000	0.159965	0.001806	19.9
899	-1.019332	0.000000	0.159965	0.001853	19.7
900	-1.019263	0.000000	0.159965	0.002016	19.7
901	-1.019399	0.000000	0.159965	0.002017	19.8
902	-1.018807	0.000000	0.159965	0.001828	19.7
903	-1.018989	0.000000	0.159965	0.001831	19.7
904	-1.018661	0.000000	0.159965	0.001876	19.8
905	-1.019467	0.000000	0.159965	0.001945	19.7
906	-1.018925	0.000000	0.159965	0.001861	19.7
907	-1.019842	0.000000	0.159965	0.001909	19.7
908	-1.019510	0.000000	0.159965	0.001945	19.7
909	-1.019725	0.000000	0.159965	0.001801	19.7
910	-1.019439	0.000000	0.159965	0.001733	19.6
911	-1.019079	0.000000	0.159965	0.001896	19.7
912	-1.018839	0.000000	0.159965	0.001818	19.9
913	-1.019128	0.000000	0.159965	0.001850	19.7
914	-1.019216	0.000000	0.159965	0.001823	20.0
915	-1.019278	0.000000	0.159965	0.001873	19.7
916	-1.019038	0.000000	0.159965	0.001904	19.7
917	-1.019254	0.000000	0.159965	0.001993	19.7
918	-1.019289	0.000000	0.159965	0.001871	19.8
919	-1.019161	0.000000	0.159965	0.002002	19.9
920	-1.019350	0.000000	0.159965	0.001938	19.7
921	-1.019222	0.000000	0.159965	0.001729	20.0
922	-1.018475	0.000000	0.159965	0.001595	19.7
923	-1.018913	0.000000	0.159965	0.001898	19.8
924	-1.019133	0.000000	0.159965	0.001938	19.7
925	-1.019094	0.000000	0.159965	0.001728	19.6
926	-1.018693	0.000000	0.159965	0.001817	19.7
927	-1.019299	0.000000	0.159965	0.002056	19.7
928	-1.019475	0.000000	0.159965	0.001861	19.8
929	-1.018548	0.000000	0.159965	0.001971	19.7
930	-1.018787	0.000000	0.159965	0.001930	19.7
931	-1.019897	0.000000	0.159965	0.001855	19.7
932	-1.019422	0.000000	0.159965	0.001986	19.7
933	-1.018989	0.000000	0.159965	0.001893	19.8
934	-1.018900	0.000000	0.159965	0.001975	19.8
935	-1.019222	0.000000	0.159965	0.001793	19.9
936	-1.019502	0.000000	0.159965	0.001904	19.8
937	-1.018907	0.000000	0.159965	0.001834	19.9
938	-1.019338	0.000000	0.159965	0.001810	19.8
939	-1.019122	0.000000	0.159965	0.001892	19.6
940	-1.019188	0.000000	0.159965	0.001965	19.7
941	-1.018763	0.000000	0.159965	0.001756	19.7
942	-1.019403	0.000000	0.159965	0.001687	19.7
943	-1.019486	0.000000	0.159965	0.001820	19.7
944	-1.019093	0.000000	0.159965	0.001922	19.7
945	-1.019359	0.000000	0.159965	0.001771	19.7
946	-1.019061	0.000000	0.159965	0.001868	19.7
947	-1.018857	0.000000	0.159965	0.001855	19.7
948	-1.019313	0.000000	0.159965	0.001881	19.8
949	-1.019472	0.000000	0.159965	0.001966	19.7
950	-1.019715	0.000000	0.159965	0.001938	19.9
951	-1.019313	0.000000	0.159965	0.001839	19.7
952	-1.019627	0.000000	0.159965	0.002025	19.7
953	-1.019164	0.000000	0.159965	0.001886	19.8
954	-1.019255	0.000000	0.159965	0.001882	19.7
955	-1.019812	0.000000	0.159965	0.001994	19.7
956	-1.019392	0.000000	0.159965	0.001828	19.6
957	-1.019543	0.000000	0.159965	0.001720	19.8
958	-1.019172	0.000000	0.159965	0.001855	19.8
959	-1.019800	0.000000	0.159965	0.002008	19.7
960	-1.019367	0.000000	0.159965	0.001951	20.0
961	-1.018382	0.000000	0.159965	0.002007	19.8
962	-1.019233	0.000000	0.159965	0.002015	20.0
963	-1.019382	0.000000	0.159965	0.001729	20.0
964	-1.019468	0.000000	0.159965	0.001864	19.8
965	-1.018873	0.000000	0.159965	0.001919	19.7
966	-1.019446	0.000000	0.159965	0.001770	19.8
967	-1.018683	0.000000	0.159965	0.001787	19.8
968	-1.018962	0.000000	0.159965	0.001732	19.9
969	-1.019344	0.000000	0.159965	0.001807	19.7
970	-1.019164	0.000000	0.159965	0.001968	19.8
971	-1.019661	0.000000	0.159965	0.001880	19.8
972	-1.019332	0.000000	0.159965	0.002112	19.8
973	-1.019815	0.000000	0.159965	0.001720	19.7
974	-1.018831	0.000000	0.159965	0.002049	19.7
975	-1.018931	0.000000	0.159965	0.001948	19.7
976	-1.019509	0.000000	0.159965	0.001981	19.9
977	-1.019320	0.000000	0.159965	0.001968	19.8
978	-1.019366	0.000000	0.159965	0.001960	19.7
979	-1.018757	0.000000	0.159965	0.001681	19.8
980	-1.019585	0.000000	0.159965	0.001922	19.7
981	-1.019107	0.000000	0.159965	0.002105	19.7
982	-1.018430	0.000000	0.159965	0.001940	19.8
983	-1.019081	0.000000	0.159965	0.002001	19.8
984	-1.019088	0.000000	0.159965	0.002005	19.8
985	-1.018699	0.000000	0.159965	0.001916	19.8
986	-1.020472	0.000000	0.159965	0.002068	19.9
987	-1.019519	0.000000	0.159965	0.001711	19.8
988	-1.019013	0.000000	0.159965	0.001834	19.8
989	-1.019161	0.000000	0.159965	0.001804	19.7
990	-1.019420	0.000000	0.159965	0.002019	19.8
991	-1.018424	0.000000	0.159965	0.001849	19.7
992	-1.019163	0.000000	0.159965	0.001828	19.8
993	-1.019935	0.000000	0.159965	0.002081	19.7
994	-1.018710	0.000000	0.159965	0.001848	19.8
995	-1.019388	0.000000	0.159965	0.001932	19.9
996	-1.019316	0.000000	0.159965	0.001884	19.7
997	-1.019037	0.000000	0.159965	0.001951	19.8
998	-1.019110	0.000000	0.159965	0.001779	19.6
999	-1.019235	0.000000	0.159965	0.001705	19.8
