1:ItNr	2:Metric	3a:Time	3b:StepSize	4:||Gradient||	Time[ms]
0	-1.018943	0.000000	0.159965	0.002179	22.8
1	-1.018841	0.000000	0.159965	0.001912	21.0
2	-1.018953	0.000000	0.159965	0.002069	20.5
3	-1.019132	0.000000	0.159965	0.002068	20.5
4	-1.019178	0.000000	0.159965	0.002144	20.9
5	-1.019519	0.000000	0.159965	0.002079	20.5
6	-1.019407	0.000000	0.159965	0.002141	20.5
7	-1.019278	0.000000	0.159965	0.002090	20.4
8	-1.020057	0.000000	0.159965	0.002097	20.5
9	-1.019955	0.000000	0.159965	0.002228	20.5
10	-1.019208	0.000000	0.159965	0.002085	20.3
11	-1.019541	0.000000	0.159965	0.002152	20.4
12	-1.018947	0.000000	0.159965	0.002145	20.3
13	-1.019576	0.000000	0.159965	0.002142	20.3
14	-1.019523	0.000000	0.159965	0.002067	20.5
15	-1.019044	0.000000	0.159965	0.002076	20.3
16	-1.019245	0.000000	0.159965	0.002135	20.5
17	-1.019353	0.000000	0.159965	0.002018	20.4
18	-1.019087	0.000000	0.159965	0.002026	20.4
19	-1.019645	0.000000	0.159965	0.002210	20.6
20	-1.019408	0.000000	0.159965	0.002036	20.6
21	-1.019410	0.000000	0.159965	0.002055	20.4
22	-1.019583	0.000000	0.159965	0.002059	20.5
23	-1.018752	0.000000	0.159965	0.002095	20.4
24	-1.019894	0.000000	0.159965	0.001980	20.5
25	-1.019153	0.000000	0.159965	0.002101	20.4
26	-1.019178	0.000000	0.159965	0.002111	20.5
27	-1.018976	0.000000	0.159965	0.002135	20.4
28	-1.018831	0.000000	0.159965	0.002154	20.5
29	-1.019149	0.000000	0.159965	0.002108	20.6
30	-1.018995	0.000000	0.159965	0.002034	20.5
31	-1.019390	0.000000	0.159965	0.002072	20.7
32	-1.019254	0.000000	0.159965	0.002160	20.4
33	-1.019721	0.000000	0.159965	0.002119	20.5
34	-1.018959	0.000000	0.159965	0.002208	20.5
35	-1.019849	0.000000	0.159965	0.002217	20.4
36	-1.019381	0.000000	0.159965	0.002059	20.4
37	-1.019354	0.000000	0.159965	0.001960	20.3
38	-1.019077	0.000000	0.159965	0.002157	20.4
39	-1.019131	0.000000	0.159965	0.002074	20.5
40	-1.019313	0.000000	0.159965	0.001970	20.5
41	-1.019440	0.000000	0.159965	0.002037	20.5
42	-1.019336	0.000000	0.159965	0.002026	20.4
43	-1.020018	0.000000	0.159965	0.002005	20.5
44	-1.019593	0.000000	0.159965	0.002025	20.6
45	-1.019614	0.000000	0.159965	0.002071	20.5
46	-1.019268	0.000000	0.159965	0.002046	20.5
47	-1.019244	0.000000	0.159965	0.002203	20.4
48	-1.019425	0.000000	0.159965	0.002079	20.6
49	-1.019170	0.000000	0.159965	0.002158	21.1
50	-1.019423	0.000000	0.159965	0.002100	21.1
51	-1.019493	0.000000	0.159965	0.002044	20.5
52	-1.019684	0.000000	0.159965	0.002159	20.4
53	-1.019440	0.000000	0.159965	0.002129	20.9
54	-1.019099	0.000000	0.159965	0.002169	20.5
55	-1.019194	0.000000	0.159965	0.002097	20.5
56	-1.019444	0.000000	0.159965	0.001988	20.9
57	-1.018989	0.000000	0.159965	0.002122	20.4
58	-1.018778	0.000000	0.159965	0.002185	20.4
59	-1.018916	0.000000	0.159965	0.001966	20.3
60	-1.018687	0.000000	0.159965	0.002107	20.5
61	-1.019720	0.000000	0.159965	0.001995	20.4
62	-1.019320	0.000000	0.159965	0.002123	20.3
63	-1.019525	0.000000	0.159965	0.002240	20.4
64	-1.019402	0.000000	0.159965	0.002093	20.5
65	-1.019810	0.000000	0.159965	0.002163	20.4
66	-1.019652	0.000000	0.159965	0.002099	20.4
67	-1.019183	0.000000	0.159965	0.002145	20.6
68	-1.019467	0.000000	0.159965	0.002132	20.4
69	-1.019330	0.000000	0.159965	0.002067	20.5
70	-1.019306	0.000000	0.159965	0.002075	20.4
71	-1.019230	0.000000	0.159965	0.002222	20.4
72	-1.019062	0.000000	0.159965	0.002008	20.3
73	-1.018985	0.000000	0.159965	0.002065	20.3
74	-1.019449	0.000000	0.159965	0.001960	20.4
75	-1.018910	0.000000	0.159965	0.002041	20.4
76	-1.019051	0.000000	0.159965	0.002159	20.4
77	-1.018966	0.000000	0.159965	0.002072	20.3
78	-1.019760	0.000000	0.159965	0.002120	20.5
79	-1.019276	0.000000	0.159965	0.002222	20.6
80	-1.019479	0.000000	0.159965	0.002025	20.4
81	-1.019587	0.000000	0.159965	0.002023	20.5
82	-1.019458	0.000000	0.159965	0.002128	20.4
83	-1.019159	0.000000	0.159965	0.002141	20.4
84	-1.019701	0.000000	0.159965	0.002124	20.6
85	-1.019582	0.000000	0.159965	0.002170	20.4
86	-1.019732	0.000000	0.159965	0.002061	20.4
87	-1.019175	0.000000	0.159965	0.002098	20.4
88	-1.019503	0.000000	0.159965	0.002109	20.4
89	-1.018731	0.000000	0.159965	0.002112	20.4
90	-1.019543	0.000000	0.159965	0.002024	20.3
91	-1.019879	0.000000	0.159965	0.002083	20.3
92	-1.019378	0.000000	0.159965	0.002157	20.4
93	-1.019206	0.000000	0.159965	0.002031	20.4
94	-1.019812	0.000000	0.159965	0.002156	20.6
95	-1.019381	0.000000	0.159965	0.002149	20.4
96	-1.019298	0.000000	0.159965	0.002079	20.3
97	-1.019197	0.000000	0.159965	0.002165	20.4
98	-1.019166	0.000000	0.159965	0.002148	20.5
99	-1.018816	0.000000	0.159965	0.002052	20.5
100	-1.019332	0.000000	0.159965	0.002028	20.3
101	-1.018883	0.000000	0.159965	0.002095	20.4
102	-1.019459	0.000000	0.159965	0.002104	20.8
103	-1.019358	0.000000	0.159965	0.002099	20.5
104	-1.019467	0.000000	0.159965	0.001968	20.3
105	-1.019117	0.000000	0.159965	0.002135	20.4
106	-1.019634	0.000000	0.159965	0.002205	20.4
107	-1.019272	0.000000	0.159965	0.002189	20.5
108	-1.018964	0.000000	0.159965	0.002132	20.3
109	-1.019096	0.000000	0.159965	0.002053	20.5
110	-1.018987	0.000000	0.159965	0.002151	20.3
111	-1.019243	0.000000	0.159965	0.002136	20.4
112	-1.019913	0.000000	0.159965	0.002090	20.5
113	-1.019146	0.000000	0.159965	0.002073	20.4
114	-1.019022	0.000000	0.159965	0.002087	20.4
115	-1.019538	0.000000	0.159965	0.002117	20.4
116	-1.019190	0.000000	0.159965	0.002084	20.4
117	-1.019471	0.000000	0.159965	0.002089	20.5
118	-1.018923	0.000000	0.159965	0.002159	20.4
119	-1.019084	0.000000	0.159965	0.002097	20.5
120	-1.018884	0.000000	0.159965	0.002075	20.4
121	-1.019450	0.000000	0.159965	0.002148	20.3
122	-1.019539	0.000000	0.159965	0.002096	20.4
123	-1.019680	0.000000	0.159965	0.002156	20.4
124	-1.018952	0.000000	0.159965	0.002086	20.6
125	-1.019504	0.000000	0.159965	0.002062	20.5
126	-1.019492	0.000000	0.159965	0.002098	20.4
127	-1.019600	0.000000	0.159965	0.002107	20.6
128	-1.019450	0.000000	0.159965	0.002157	20.8
129	-1.019226	0.000000	0.159965	0.002016	20.5
130	-1.019061	0.000000	0.159965	0.002081	21.0
131	-1.019663	0.000000	0.159965	0.002209	20.7
132	-1.019550	0.000000	0.159965	0.002127	20.5
133	-1.019492	0.000000	0.159965	0.002140	20.4
134	-1.019354	0.000000	0.159965	0.002021	20.4
135	-1.019243	0.000000	0.159965	0.002137	20.4
136	-1.019073	0.000000	0.159965	0.002106	20.4
137	-1.019511	0.000000	0.159965	0.002151	20.4
138	-1.019436	0.000000	0.159965	0.002095	20.3
139	-1.019346	0.000000	0.159965	0.002142	20.3
140	-1.019484	0.000000	0.159965	0.002180	20.3
141	-1.019629	0.000000	0.159965	0.002164	20.3
142	-1.019475	0.000000	0.159965	0.002075	20.4
143	-1.019116	0.000000	0.159965	0.002065	20.4
144	-1.019346	0.000000	0.159965	0.002070	20.4
145	-1.019059	0.000000	0.159965	0.002039	20.4
146	-1.019310	0.000000	0.159965	0.002198	20.4
147	-1.019013	0.000000	0.159965	0.002112	20.3
148	-1.019382	0.000000	0.159965	0.002020	20.4
149	-1.019821	0.000000	0.159965	0.002161	20.4
150	-1.020235	0.000000	0.159965	0.002182	20.5
151	-1.019083	0.000000	0.159965	0.002044	20.4
152	-1.019153	0.000000	0.159965	0.002017	20.3
153	-1.019773	0.000000	0.159965	0.002132	20.4
154	-1.019409	0.000000	0.159965	0.002045	20.5
155	-1.019505	0.000000	0.159965	0.002157	20.3
156	-1.019233	0.000000	0.159965	0.002231	20.5
157	-1.019285	0.000000	0.159965	0.002125	20.5
158	-1.019486	0.000000	0.159965	0.002138	20.3
159	-1.018765	0.000000	0.159965	0.002102	20.3
160	-1.019164	0.000000	0.159965	0.002088	20.3
161	-1.019680	0.000000	0.159965	0.002102	20.4
162	-1.018818	0.000000	0.159965	0.001925	20.4
163	-1.019609	0.000000	0.159965	0.001998	20.5
164	-1.019598	0.000000	0.159965	0.002137	20.3
165	-1.019394	0.000000	0.159965	0.002126	20.3
166	-1.019132	0.000000	0.159965	0.002010	20.4
167	-1.019209	0.000000	0.159965	0.001942	20.6
168	-1.019321	0.000000	0.159965	0.002278	20.3
169	-1.018876	0.000000	0.159965	0.002019	20.3
170	-1.019233	0.000000	0.159965	0.002170	20.3
171	-1.019065	0.000000	0.159965	0.002167	20.5
172	-1.019858	0.000000	0.159965	0.002085	20.3
173	-1.019451	0.000000	0.159965	0.002088	20.5
174	-1.019661	0.000000	0.159965	0.002118	20.3
175	-1.019507	0.000000	0.159965	0.002151	20.3
176	-1.019365	0.000000	0.159965	0.002107	20.4
177	-1.019401	0.000000	0.159965	0.002060	20.6
178	-1.019351	0.000000	0.159965	0.002081	20.4
179	-1.019571	0.000000	0.159965	0.001967	20.9
180	-1.019303	0.000000	0.159965	0.002067	20.4
181	-1.019612	0.000000	0.159965	0.002054	20.4
182	-1.019099	0.000000	0.159965	0.002129	20.5
183	-1.019338	0.000000	0.159965	0.001973	20.4
184	-1.019503	0.000000	0.159965	0.002188	20.5
185	-1.019884	0.000000	0.159965	0.002155	20.4
186	-1.019776	0.000000	0.159965	0.001962	20.6
187	-1.019423	0.000000	0.159965	0.002228	20.3
188	-1.019774	0.000000	0.159965	0.002133	20.4
189	-1.019490	0.000000	0.159965	0.002134	20.3
190	-1.018938	0.000000	0.159965	0.002059	20.4
191	-1.019406	0.000000	0.159965	0.002210	20.4
192	-1.019405	0.000000	0.159965	0.002222	20.4
193	-1.018848	0.000000	0.159965	0.002000	20.3
194	-1.019411	0.000000	0.159965	0.002137	20.5
195	-1.019983	0.000000	0.159965	0.002219	20.6
196	-1.019340	0.000000	0.159965	0.001989	20.3
197	-1.020076	0.000000	0.159965	0.002152	20.3
198	-1.019341	0.000000	0.159965	0.002061	20.3
199	-1.019499	0.000000	0.159965	0.002110	20.6
200	-1.019349	0.000000	0.159965	0.002082	20.4
201	-1.019489	0.000000	0.159965	0.002035	20.4
202	-1.019857	0.000000	0.159965	0.001992	20.4
203	-1.019782	0.000000	0.159965	0.002165	20.4
204	-1.019352	0.000000	0.159965	0.001976	20.4
205	-1.019889	0.000000	0.159965	0.002147	20.4
206	-1.019457	0.000000	0.159965	0.002187	20.5
207	-1.020007	0.000000	0.159965	0.002098	20.3
208	-1.019519	0.000000	0.159965	0.002004	20.5
209	-1.019346	0.000000	0.159965	0.002139	20.6
210	-1.019449	0.000000	0.159965	0.002116	20.4
211	-1.019710	0.000000	0.159965	0.002072	20.3
212	-1.019443	0.000000	0.159965	0.001993	20.3
213	-1.019548	0.000000	0.159965	0.002152	20.4
214	-1.020344	0.000000	0.159965	0.002227	20.4
215	-1.019504	0.000000	0.159965	0.002124	20.4
216	-1.019701	0.000000	0.159965	0.002141	20.6
217	-1.019841	0.000000	0.159965	0.002007	20.4
218	-1.020430	0.000000	0.159965	0.002069	20.3
219	-1.019168	0.000000	0.159965	0.001987	20.5
220	-1.019184	0.000000	0.159965	0.001926	20.5
221	-1.019804	0.000000	0.159965	0.002166	20.4
222	-1.020004	0.000000	0.159965	0.002149	20.4
223	-1.019571	0.000000	0.159965	0.002104	20.3
224	-1.019207	0.000000	0.159965	0.002100	20.4
225	-1.019573	0.000000	0.159965	0.001971	20.3
226	-1.019269	0.000000	0.159965	0.002095	20.7
227	-1.019871	0.000000	0.159965	0.002205	20.4
228	-1.019174	0.000000	0.159965	0.002073	20.5
229	-1.019378	0.000000	0.159965	0.002117	20.5
230	-1.019626	0.000000	0.159965	0.002167	20.4
231	-1.019446	0.000000	0.159965	0.002085	20.5
232	-1.019420	0.000000	0.159965	0.002074	20.4
233	-1.019613	0.000000	0.159965	0.002114	20.4
234	-1.019833	0.000000	0.159965	0.002084	20.4
235	-1.019650	0.000000	0.159965	0.002169	20.4
236	-1.019904	0.000000	0.159965	0.002128	20.3
237	-1.019235	0.000000	0.159965	0.002141	20.4
238	-1.020386	0.000000	0.159965	0.002271	20.4
239	-1.018885	0.000000	0.159965	0.002035	20.5
240	-1.019484	0.000000	0.159965	0.002266	20.4
241	-1.018924	0.000000	0.159965	0.002065	20.3
242	-1.019364	0.000000	0.159965	0.002080	20.4
243	-1.019478	0.000000	0.159965	0.002124	20.3
244	-1.019211	0.000000	0.159965	0.002204	20.4
245	-1.019515	0.000000	0.159965	0.002173	20.4
246	-1.019784	0.000000	0.159965	0.002104	20.3
247	-1.019209	0.000000	0.159965	0.002006	20.3
248	-1.019722	0.000000	0.159965	0.002082	20.5
249	-1.019778	0.000000	0.159965	0.002162	20.7
250	-1.019370	0.000000	0.159965	0.002055	20.4
251	-1.019279	0.000000	0.159965	0.002172	20.3
252	-1.019108	0.000000	0.159965	0.002173	20.3
253	-1.019615	0.000000	0.159965	0.002181	20.4
254	-1.019584	0.000000	0.159965	0.002125	20.3
255	-1.019384	0.000000	0.159965	0.002065	20.4
256	-1.019235	0.000000	0.159965	0.002087	20.4
257	-1.019201	0.000000	0.159965	0.002092	20.4
258	-1.018968	0.000000	0.159965	0.002147	20.5
259	-1.018815	0.000000	0.159965	0.001966	20.4
260	-1.019613	0.000000	0.159965	0.002249	20.4
261	-1.019734	0.000000	0.159965	0.002257	20.3
262	-1.019009	0.000000	0.159965	0.002131	20.3
263	-1.019977	0.000000	0.159965	0.002091	20.3
264	-1.019789	0.000000	0.159965	0.002308	20.4
265	-1.020448	0.000000	0.159965	0.002161	20.4
266	-1.019852	0.000000	0.159965	0.002171	20.3
267	-1.019166	0.000000	0.159965	0.002072	20.5
268	-1.019237	0.000000	0.159965	0.002191	20.3
269	-1.019674	0.000000	0.159965	0.002156	20.5
270	-1.020032	0.000000	0.159965	0.002112	20.4
271	-1.019484	0.000000	0.159965	0.002127	20.4
272	-1.019734	0.000000	0.159965	0.002078	20.4
273	-1.019664	0.000000	0.159965	0.002223	20.4
274	-1.019450	0.000000	0.159965	0.002014	20.4
275	-1.019364	0.000000	0.159965	0.002148	20.6
276	-1.019543	0.000000	0.159965	0.002163	20.3
277	-1.019757	0.000000	0.159965	0.002166	20.4
278	-1.019343	0.000000	0.159965	0.002162	20.4
279	-1.019366	0.000000	0.159965	0.002008	20.5
280	-1.019243	0.000000	0.159965	0.002110	20.5
281	-1.019402	0.000000	0.159965	0.002077	20.6
282	-1.019621	0.000000	0.159965	0.002164	20.4
283	-1.019361	0.000000	0.159965	0.002137	20.5
284	-1.018917	0.000000	0.159965	0.002098	20.3
285	-1.019508	0.000000	0.159965	0.002123	20.3
286	-1.019804	0.000000	0.159965	0.002128	20.3
287	-1.019589	0.000000	0.159965	0.001998	20.3
288	-1.019303	0.000000	0.159965	0.002155	20.4
289	-1.019273	0.000000	0.159965	0.002211	20.5
290	-1.019504	0.000000	0.159965	0.002068	20.3
291	-1.020073	0.000000	0.159965	0.001962	20.3
292	-1.019503	0.000000	0.159965	0.002136	20.5
293	-1.019227	0.000000	0.159965	0.002053	20.4
294	-1.019825	0.000000	0.159965	0.002125	20.4
295	-1.019436	0.000000	0.159965	0.002059	20.4
296	-1.019575	0.000000	0.159965	0.002058	20.3
297	-1.019673	0.000000	0.159965	0.002077	20.5
298	-1.019768	0.000000	0.159965	0.002223	20.5
299	-1.019005	0.000000	0.159965	0.002066	20.4
300	-1.019107	0.000000	0.159965	0.002008	20.3
301	-1.019228	0.000000	0.159965	0.002041	20.4
302	-1.020208	0.000000	0.159965	0.002281	20.3
303	-1.019808	0.000000	0.159965	0.002182	20.3
304	-1.019844	0.000000	0.159965	0.002209	20.6
305	-1.019381	0.000000	0.159965	0.002156	20.4
306	-1.019416	0.000000	0.159965	0.002277	20.5
307	-1.018506	0.000000	0.159965	0.002056	20.4
308	-1.019779	0.000000	0.159965	0.002067	20.4
309	-1.019737	0.000000	0.159965	0.002095	20.3
310	-1.020139	0.000000	0.159965	0.002215	20.4
311	-1.019989	0.000000	0.159965	0.002221	20.3
312	-1.018742	0.000000	0.159965	0.002015	20.5
313	-1.019875	0.000000	0.159965	0.002092	20.4
314	-1.018987	0.000000	0.159965	0.002068	20.4
315	-1.019992	0.000000	0.159965	0.002110	20.3
316	-1.019498	0.000000	0.159965	0.002095	20.4
317	-1.019565	0.000000	0.159965	0.002040	20.4
318	-1.019017	0.000000	0.159965	0.002060	20.5
319	-1.019173	0.000000	0.159965	0.002055	20.5
320	-1.019373	0.000000	0.159965	0.002253	20.4
321	-1.019557	0.000000	0.159965	0.002154	20.3
322	-1.019581	0.000000	0.159965	0.002024	20.9
323	-1.019539	0.000000	0.159965	0.002095	20.5
324	-1.019665	0.000000	0.159965	0.002080	20.6
325	-1.019495	0.000000	0.159965	0.002010	20.4
326	-1.018857	0.000000	0.159965	0.002035	20.8
327	-1.019944	0.000000	0.159965	0.002161	20.4
328	-1.019228	0.000000	0.159965	0.002171	20.4
329	-1.019494	0.000000	0.159965	0.002110	20.4
330	-1.019801	0.000000	0.159965	0.002128	20.4
331	-1.019435	0.000000	0.159965	0.002123	20.5
332	-1.019590	0.000000	0.159965	0.002060	20.4
333	-1.019930	0.000000	0.159965	0.002145	20.5
334	-1.019141	0.000000	0.159965	0.002147	20.4
335	-1.019673	0.000000	0.159965	0.002197	20.3
336	-1.019331	0.000000	0.159965	0.002075	20.3
337	-1.019931	0.000000	0.159965	0.002138	20.4
338	-1.019722	0.000000	0.159965	0.002129	20.4
339	-1.019681	0.000000	0.159965	0.002169	20.5
340	-1.019722	0.000000	0.159965	0.002058	20.3
341	-1.019293	0.000000	0.159965	0.002091	20.3
342	-1.019744	0.000000	0.159965	0.002317	20.4
343	-1.019476	0.000000	0.159965	0.002086	20.4
344	-1.019708	0.000000	0.159965	0.002120	20.4
345	-1.019307	0.000000	0.159965	0.002117	20.3
346	-1.019724	0.000000	0.159965	0.002057	20.5
347	-1.018891	0.000000	0.159965	0.002106	20.4
348	-1.019482	0.000000	0.159965	0.002080	20.4
349	-1.019270	0.000000	0.159965	0.002070	20.3
350	-1.019797	0.000000	0.159965	0.002165	20.3
351	-1.018538	0.000000	0.159965	0.002150	20.3
352	-1.019914	0.000000	0.159965	0.002164	20.4
353	-1.019057	0.000000	0.159965	0.001997	20.5
354	-1.020066	0.000000	0.159965	0.002104	20.4
355	-1.019278	0.000000	0.159965	0.002132	20.4
356	-1.020033	0.000000	0.159965	0.002135	20.4
357	-1.019123	0.000000	0.159965	0.002040	20.4
358	-1.019384	0.000000	0.159965	0.002037	20.3
359	-1.019773	0.000000	0.159965	0.002126	20.5
360	-1.019022	0.000000	0.159965	0.002238	20.4
361	-1.019726	0.000000	0.159965	0.001995	20.4
362	-1.020289	0.000000	0.159965	0.002226	20.5
363	-1.019318	0.000000	0.159965	0.002186	20.4
364	-1.020008	0.000000	0.159965	0.002094	20.4
365	-1.019524	0.000000	0.159965	0.002126	20.3
366	-1.019568	0.000000	0.159965	0.002099	20.3
367	-1.019540	0.000000	0.159965	0.002075	20.6
368	-1.019164	0.000000	0.159965	0.002205	20.6
369	-1.019387	0.000000	0.159965	0.002050	20.5
370	-1.019856	0.000000	0.159965	0.002145	20.4
371	-1.018987	0.000000	0.159965	0.002036	20.4
372	-1.019546	0.000000	0.159965	0.002190	20.4
373	-1.019809	0.000000	0.159965	0.002090	20.6
374	-1.019252	0.000000	0.159965	0.002077	20.4
375	-1.019200	0.000000	0.159965	0.002000	20.4
376	-1.019970	0.000000	0.159965	0.002070	20.4
377	-1.018706	0.000000	0.159965	0.002044	20.3
378	-1.019965	0.000000	0.159965	0.002096	20.4
379	-1.019528	0.000000	0.159965	0.002138	20.6
380	-1.019867	0.000000	0.159965	0.002134	20.4
381	-1.019179	0.000000	0.159965	0.002075	20.5
382	-1.019733	0.000000	0.159965	0.002180	20.4
383	-1.019673	0.000000	0.159965	0.002123	20.4
384	-1.019433	0.000000	0.159965	0.002045	20.3
385	-1.019392	0.000000	0.159965	0.002065	20.4
386	-1.020170	0.000000	0.159965	0.002336	20.4
387	-1.019571	0.000000	0.159965	0.001999	20.5
388	-1.020091	0.000000	0.159965	0.002160	20.3
389	-1.019402	0.000000	0.159965	0.002193	20.4
390	-1.019465	0.000000	0.159965	0.002043	20.3
391	-1.019861	0.000000	0.159965	0.002174	20.4
392	-1.019864	0.000000	0.159965	0.002159	20.4
393	-1.019644	0.000000	0.159965	0.002112	20.4
394	-1.019206	0.000000	0.159965	0.002056	20.4
395	-1.019565	0.000000	0.159965	0.002029	20.4
396	-1.019670	0.000000	0.159965	0.002015	20.4
397	-1.019370	0.000000	0.159965	0.001978	20.4
398	-1.019895	0.000000	0.159965	0.002144	20.3
399	-1.019548	0.000000	0.159965	0.002065	20.4
400	-1.020364	0.000000	0.159965	0.002105	20.3
401	-1.019942	0.000000	0.159965	0.002216	20.3
402	-1.019695	0.000000	0.159965	0.002156	20.3
403	-1.019581	0.000000	0.159965	0.002134	20.3
404	-1.019716	0.000000	0.159965	0.002062	20.4
405	-1.019468	0.000000	0.159965	0.002083	20.4
406	-1.020352	0.000000	0.159965	0.002293	20.5
407	-1.019732	0.000000	0.159965	0.002159	20.4
408	-1.019272	0.000000	0.159965	0.002201	20.5
409	-1.019128	0.000000	0.159965	0.002254	20.4
410	-1.019836	0.000000	0.159965	0.002187	20.4
411	-1.019382	0.000000	0.159965	0.002143	20.4
412	-1.019957	0.000000	0.159965	0.002041	20.3
413	-1.019363	0.000000	0.159965	0.002098	20.3
414	-1.019325	0.000000	0.159965	0.002131	20.4
415	-1.019896	0.000000	0.159965	0.002147	20.3
416	-1.019656	0.000000	0.159965	0.002149	20.5
417	-1.019333	0.000000	0.159965	0.002052	20.3
418	-1.019895	0.000000	0.159965	0.002101	20.3
419	-1.019203	0.000000	0.159965	0.002101	20.4
420	-1.019954	0.000000	0.159965	0.002029	20.4
421	-1.019121	0.000000	0.159965	0.001927	20.4
422	-1.019617	0.000000	0.159965	0.002043	20.5
423	-1.019281	0.000000	0.159965	0.002125	20.4
424	-1.020222	0.000000	0.159965	0.002142	20.4
425	-1.019577	0.000000	0.159965	0.001987	20.5
426	-1.019521	0.000000	0.159965	0.002161	20.4
427	-1.019689	0.000000	0.159965	0.002131	20.4
428	-1.019337	0.000000	0.159965	0.002149	20.4
429	-1.019589	0.000000	0.159965	0.002132	20.4
430	-1.019544	0.000000	0.159965	0.002135	20.3
431	-1.019157	0.000000	0.159965	0.002079	20.5
432	-1.018879	0.000000	0.159965	0.002125	20.4
433	-1.019563	0.000000	0.159965	0.002169	20.3
434	-1.019609	0.000000	0.159965	0.002124	20.4
435	-1.019096	0.000000	0.159965	0.002120	20.4
436	-1.019858	0.000000	0.159965	0.002199	20.4
437	-1.019688	0.000000	0.159965	0.002187	20.3
438	-1.019512	0.000000	0.159965	0.001952	20.3
439	-1.019465	0.000000	0.159965	0.002065	20.5
440	-1.019221	0.000000	0.159965	0.002143	20.4
441	-1.019368	0.000000	0.159965	0.002118	20.4
442	-1.019322	0.000000	0.159965	0.002149	20.3
443	-1.019455	0.000000	0.159965	0.002213	20.3
444	-1.019783	0.000000	0.159965	0.002022	20.6
445	-1.019077	0.000000	0.159965	0.002077	20.4
446	-1.019590	0.000000	0.159965	0.002120	20.3
447	-1.019829	0.000000	0.159965	0.002172	20.3
448	-1.019695	0.000000	0.159965	0.002095	20.4
449	-1.019179	0.000000	0.159965	0.002156	20.4
450	-1.019772	0.000000	0.159965	0.002026	20.4
451	-1.019681	0.000000	0.159965	0.002120	20.3
452	-1.019183	0.000000	0.159965	0.002087	20.3
453	-1.019365	0.000000	0.159965	0.002195	20.4
454	-1.019700	0.000000	0.159965	0.001971	20.3
455	-1.019957	0.000000	0.159965	0.002028	20.3
456	-1.019500	0.000000	0.159965	0.002150	20.4
457	-1.019753	0.000000	0.159965	0.002085	20.7
458	-1.020047	0.000000	0.159965	0.002114	20.4
459	-1.019153	0.000000	0.159965	0.002059	20.4
460	-1.019561	0.000000	0.159965	0.002056	20.4
461	-1.019253	0.000000	0.159965	0.002007	20.3
462	-1.019236	0.000000	0.159965	0.002089	20.4
463	-1.020078	0.000000	0.159965	0.001935	20.3
464	-1.019601	0.000000	0.159965	0.002138	20.4
465	-1.019910	0.000000	0.159965	0.002252	20.3
466	-1.020067	0.000000	0.159965	0.002219	20.4
467	-1.019816	0.000000	0.159965	0.002177	20.5
468	-1.020093	0.000000	0.159965	0.002012	20.3
469	-1.020071	0.000000	0.159965	0.002096	20.6
470	-1.019514	0.000000	0.159965	0.002114	20.5
471	-1.019405	0.000000	0.159965	0.002126	20.7
472	-1.020040	0.000000	0.159965	0.002253	20.4
473	-1.020440	0.000000	0.159965	0.002195	20.6
474	-1.019557	0.000000	0.159965	0.002043	21.1
475	-1.019955	0.000000	0.159965	0.002113	20.8
476	-1.019733	0.000000	0.159965	0.002140	20.5
477	-1.020071	0.000000	0.159965	0.002207	20.4
478	-1.020146	0.000000	0.159965	0.002283	20.6
479	-1.019946	0.000000	0.159965	0.002112	20.4
480	-1.019090	0.000000	0.159965	0.002111	20.3
481	-1.019331	0.000000	0.159965	0.002086	20.4
482	-1.019704	0.000000	0.159965	0.002137	20.4
483	-1.019435	0.000000	0.159965	0.001993	20.4
484	-1.019762	0.000000	0.159965	0.002127	20.5
485	-1.019030	0.000000	0.159965	0.002042	20.3
486	-1.020124	0.000000	0.159965	0.002131	20.3
487	-1.020170	0.000000	0.159965	0.002204	20.4
488	-1.019536	0.000000	0.159965	0.002112	20.4
489	-1.019379	0.000000	0.159965	0.002142	20.5
490	-1.019880	0.000000	0.159965	0.002136	20.3
491	-1.019981	0.000000	0.159965	0.002185	20.3
492	-1.020272	0.000000	0.159965	0.002235	20.4
493	-1.019370	0.000000	0.159965	0.002090	20.7
494	-1.019618	0.000000	0.159965	0.002212	20.5
495	-1.019343	0.000000	0.159965	0.002052	20.3
496	-1.020280	0.000000	0.159965	0.002086	20.3
497	-1.019882	0.000000	0.159965	0.002140	20.3
498	-1.019107	0.000000	0.159965	0.002137	20.4
499	-1.019364	0.000000	0.159965	0.002124	20.5
500	-1.019342	0.000000	0.159965	0.001998	20.3
501	-1.019464	0.000000	0.159965	0.002084	20.3
502	-1.018847	0.000000	0.159965	0.002013	20.4
503	-1.019718	0.000000	0.159965	0.002115	20.5
504	-1.019643	0.000000	0.159965	0.002225	20.6
505	-1.019916	0.000000	0.159965	0.002104	20.4
506	-1.019907	0.000000	0.159965	0.002292	20.6
507	-1.019171	0.000000	0.159965	0.002070	20.4
508	-1.019703	0.000000	0.159965	0.002225	20.5
509	-1.019368	0.000000	0.159965	0.002106	20.5
510	-1.019946	0.000000	0.159965	0.002208	20.4
511	-1.019770	0.000000	0.159965	0.002055	20.3
512	-1.019838	0.000000	0.159965	0.002201	20.3
513	-1.020036	0.000000	0.159965	0.002187	20.4
514	-1.019795	0.000000	0.159965	0.002116	20.4
515	-1.019872	0.000000	0.159965	0.002134	20.3
516	-1.019240	0.000000	0.159965	0.002110	20.5
517	-1.019578	0.000000	0.159965	0.002229	20.3
518	-1.019258	0.000000	0.159965	0.002099	20.3
519	-1.019634	0.000000	0.159965	0.002086	20.7
520	-1.018888	0.000000	0.159965	0.002182	20.6
521	-1.019651	0.000000	0.159965	0.002021	20.5
522	-1.019612	0.000000	0.159965	0.002106	20.5
523	-1.019814	0.000000	0.159965	0.002290	20.4
524	-1.019372	0.000000	0.159965	0.002084	20.5
525	-1.019278	0.000000	0.159965	0.002091	20.5
526	-1.019974	0.000000	0.159965	0.002225	20.4
527	-1.019229	0.000000	0.159965	0.002169	20.4
528	-1.019595	0.000000	0.159965	0.002172	20.5
529	-1.019634	0.000000	0.159965	0.002029	20.4
530	-1.019433	0.000000	0.159965	0.002161	20.4
531	-1.020171	0.000000	0.159965	0.002215	20.4
532	-1.020229	0.000000	0.159965	0.002186	20.4
533	-1.018880	0.000000	0.159965	0.002067	20.5
534	-1.019287	0.000000	0.159965	0.002048	20.6
535	-1.019794	0.000000	0.159965	0.002199	20.3
536	-1.019425	0.000000	0.159965	0.002149	20.4
537	-1.019515	0.000000	0.159965	0.002176	20.5
538	-1.018888	0.000000	0.159965	0.002049	20.5
539	-1.019373	0.000000	0.159965	0.002121	20.4
540	-1.019315	0.000000	0.159965	0.002030	20.4
541	-1.019956	0.000000	0.159965	0.002238	20.4
542	-1.019206	0.000000	0.159965	0.002072	20.6
543	-1.019249	0.000000	0.159965	0.002073	20.4
544	-1.020324	0.000000	0.159965	0.002049	20.4
545	-1.019569	0.000000	0.159965	0.002138	20.3
546	-1.019506	0.000000	0.159965	0.002151	20.3
547	-1.019152	0.000000	0.159965	0.002045	20.3
548	-1.019870	0.000000	0.159965	0.002142	20.4
549	-1.019343	0.000000	0.159965	0.002084	20.5
550	-1.020086	0.000000	0.159965	0.002327	20.3
551	-1.019887	0.000000	0.159965	0.002276	20.3
552	-1.019548	0.000000	0.159965	0.002093	20.3
553	-1.020018	0.000000	0.159965	0.002207	20.4
554	-1.019177	0.000000	0.159965	0.002081	20.4
555	-1.019656	0.000000	0.159965	0.002208	20.5
556	-1.019948	0.000000	0.159965	0.002226	20.5
557	-1.019555	0.000000	0.159965	0.002237	20.6
558	-1.020064	0.000000	0.159965	0.002059	20.6
559	-1.019689	0.000000	0.159965	0.002201	20.4
560	-1.020319	0.000000	0.159965	0.002069	20.4
561	-1.018935	0.000000	0.159965	0.002113	20.4
562	-1.020328	0.000000	0.159965	0.002034	20.4
563	-1.019728	0.000000	0.159965	0.002112	20.4
564	-1.020087	0.000000	0.159965	0.002225	20.7
565	-1.019989	0.000000	0.159965	0.002079	20.3
566	-1.019841	0.000000	0.159965	0.002094	20.3
567	-1.019470	0.000000	0.159965	0.002165	20.4
568	-1.019441	0.000000	0.159965	0.002164	20.6
569	-1.019380	0.000000	0.159965	0.002006	20.5
570	-1.019180	0.000000	0.159965	0.002133	20.4
571	-1.020034	0.000000	0.159965	0.002116	20.3
572	-1.020345	0.000000	0.159965	0.002294	20.4
573	-1.020008	0.000000	0.159965	0.002181	20.4
574	-1.019506	0.000000	0.159965	0.002097	20.5
575	-1.019397	0.000000	0.159965	0.002147	20.4
576	-1.019732	0.000000	0.159965	0.002172	20.4
577	-1.019984	0.000000	0.159965	0.002102	20.4
578	-1.020076	0.000000	0.159965	0.002191	20.4
579	-1.019872	0.000000	0.159965	0.002204	20.3
580	-1.019568	0.000000	0.159965	0.002127	20.4
581	-1.019781	0.000000	0.159965	0.002126	20.5
582	-1.020029	0.000000	0.159965	0.002115	20.4
583	-1.019728	0.000000	0.159965	0.002166	20.4
584	-1.019946	0.000000	0.159965	0.002173	20.4
585	-1.020150	0.000000	0.159965	0.002268	20.4
586	-1.020026	0.000000	0.159965	0.002211	20.4
587	-1.019141	0.000000	0.159965	0.002106	20.3
588	-1.019302	0.000000	0.159965	0.001950	20.5
589	-1.020086	0.000000	0.159965	0.002173	20.4
590	-1.019797	0.000000	0.159965	0.002140	20.6
591	-1.019725	0.000000	0.159965	0.002068	20.5
592	-1.020057	0.000000	0.159965	0.002063	20.4
593	-1.019868	0.000000	0.159965	0.002169	20.3
594	-1.019418	0.000000	0.159965	0.002088	20.6
595	-1.019487	0.000000	0.159965	0.002186	20.3
596	-1.020044	0.000000	0.159965	0.002130	20.4
597	-1.019617	0.000000	0.159965	0.002107	20.4
598	-1.020183	0.000000	0.159965	0.002135	20.4
599	-1.019457	0.000000	0.159965	0.002138	20.4
600	-1.019818	0.000000	0.159965	0.002219	20.4
601	-1.020118	0.000000	0.159965	0.002175	20.3
602	-1.019783	0.000000	0.159965	0.002063	20.4
603	-1.019802	0.000000	0.159965	0.002134	20.3
604	-1.020076	0.000000	0.159965	0.002118	20.4
605	-1.020394	0.000000	0.159965	0.002159	20.4
606	-1.019615	0.000000	0.159965	0.002121	20.5
607	-1.019711	0.000000	0.159965	0.002102	20.5
608	-1.019341	0.000000	0.159965	0.002122	20.3
609	-1.019912	0.000000	0.159965	0.002184	20.3
610	-1.020084	0.000000	0.159965	0.002218	20.3
611	-1.019515	0.000000	0.159965	0.002115	20.3
612	-1.020091	0.000000	0.159965	0.002023	20.4
613	-1.019141	0.000000	0.159965	0.002052	20.4
614	-1.019661	0.000000	0.159965	0.002072	20.4
615	-1.019026	0.000000	0.159965	0.001997	20.3
616	-1.019343	0.000000	0.159965	0.002048	20.4
617	-1.019534	0.000000	0.159965	0.002081	20.7
618	-1.019843	0.000000	0.159965	0.002107	20.4
619	-1.019878	0.000000	0.159965	0.002024	20.6
620	-1.020295	0.000000	0.159965	0.002111	20.4
621	-1.019690	0.000000	0.159965	0.002177	20.4
622	-1.019541	0.000000	0.159965	0.002062	20.4
623	-1.019514	0.000000	0.159965	0.002213	20.3
624	-1.019582	0.000000	0.159965	0.002194	20.6
625	-1.019753	0.000000	0.159965	0.002148	20.5
626	-1.019281	0.000000	0.159965	0.002143	20.4
627	-1.019251	0.000000	0.159965	0.002237	20.4
628	-1.019691	0.000000	0.159965	0.002029	20.3
629	-1.019681	0.000000	0.159965	0.002141	20.4
630	-1.019677	0.000000	0.159965	0.002170	20.3
631	-1.019540	0.000000	0.159965	0.002156	20.6
632	-1.019544	0.000000	0.159965	0.002118	20.4
633	-1.019624	0.000000	0.159965	0.002089	20.3
634	-1.019560	0.000000	0.159965	0.002146	20.5
635	-1.019334	0.000000	0.159965	0.002035	20.3
636	-1.019694	0.000000	0.159965	0.002089	20.4
637	-1.019290	0.000000	0.159965	0.002104	20.3
638	-1.020021	0.000000	0.159965	0.002042	20.3
639	-1.019394	0.000000	0.159965	0.002059	20.3
640	-1.019782	0.000000	0.159965	0.002165	20.6
641	-1.019816	0.000000	0.159965	0.002166	20.5
642	-1.019468	0.000000	0.159965	0.002213	20.3
643	-1.019471	0.000000	0.159965	0.002197	20.3
644	-1.020213	0.000000	0.159965	0.002141	20.5
645	-1.019743	0.000000	0.159965	0.002179	20.3
646	-1.019904	0.000000	0.159965	0.002178	20.4
647	-1.019762	0.000000	0.159965	0.002129	20.4
648	-1.019549	0.000000	0.159965	0.002153	20.3
649	-1.019418	0.000000	0.159965	0.002151	20.3
650	-1.019760	0.000000	0.159965	0.002137	20.3
651	-1.019993	0.000000	0.159965	0.002018	20.3
652	-1.019742	0.000000	0.159965	0.002099	20.3
653	-1.019945	0.000000	0.159965	0.002162	20.4
654	-1.019730	0.000000	0.159965	0.002119	20.4
655	-1.019467	0.000000	0.159965	0.002112	20.4
656	-1.019604	0.000000	0.159965	0.002083	20.4
657	-1.019556	0.000000	0.159965	0.002051	20.3
658	-1.019880	0.000000	0.159965	0.002075	20.5
659	-1.019730	0.000000	0.159965	0.002138	20.3
660	-1.020089	0.000000	0.159965	0.002108	20.3
661	-1.019758	0.000000	0.159965	0.002199	20.4
662	-1.020118	0.000000	0.159965	0.002131	20.4
663	-1.020596	0.000000	0.159965	0.002173	20.7
664	-1.020071	0.000000	0.159965	0.002091	20.5
665	-1.019450	0.000000	0.159965	0.001888	20.4
666	-1.019846	0.000000	0.159965	0.002184	20.7
667	-1.019514	0.000000	0.159965	0.002105	20.5
668	-1.019551	0.000000	0.159965	0.002069	20.8
669	-1.019590	0.000000	0.159965	0.002057	20.6
670	-1.019757	0.000000	0.159965	0.002082	20.4
671	-1.019928	0.000000	0.159965	0.001953	20.3
672	-1.019253	0.000000	0.159965	0.002006	20.4
673	-1.019944	0.000000	0.159965	0.002179	20.3
674	-1.019461	0.000000	0.159965	0.002163	20.5
675	-1.020144	0.000000	0.159965	0.002151	20.5
676	-1.019721	0.000000	0.159965	0.002028	20.3
677	-1.019095	0.000000	0.159965	0.002017	20.3
678	-1.019431	0.000000	0.159965	0.002132	20.4
679	-1.019782	0.000000	0.159965	0.002131	20.3
680	-1.019635	0.000000	0.159965	0.002005	20.6
681	-1.020031	0.000000	0.159965	0.002168	20.6
682	-1.019540	0.000000	0.159965	0.002154	20.4
683	-1.019934	0.000000	0.159965	0.002083	20.4
684	-1.019436	0.000000	0.159965	0.002169	20.3
685	-1.019172	0.000000	0.159965	0.002086	20.4
686	-1.020236	0.000000	0.159965	0.002194	20.4
687	-1.020101	0.000000	0.159965	0.002174	20.4
688	-1.019384	0.000000	0.159965	0.002006	20.6
689	-1.020049	0.000000	0.159965	0.002240	20.6
690	-1.020016	0.000000	0.159965	0.002039	20.5
691	-1.020144	0.000000	0.159965	0.002098	20.3
692	-1.019590	0.000000	0.159965	0.002103	20.4
693	-1.019595	0.000000	0.159965	0.002057	20.4
694	-1.019524	0.000000	0.159965	0.002008	20.5
695	-1.019913	0.000000	0.159965	0.002076	20.4
696	-1.019290	0.000000	0.159965	0.002002	20.3
697	-1.019587	0.000000	0.159965	0.002150	20.4
698	-1.019255	0.000000	0.159965	0.002101	20.4
699	-1.019907	0.000000	0.159965	0.002169	20.4
700	-1.020068	0.000000	0.159965	0.002242	20.4
701	-1.019750	0.000000	0.159965	0.002104	20.3
702	-1.020292	0.000000	0.159965	0.002116	20.4
703	-1.019284	0.000000	0.159965	0.002090	20.4
704	-1.019799	0.000000	0.159965	0.002135	20.4
705	-1.020050	0.000000	0.159965	0.002151	20.4
706	-1.020353	0.000000	0.159965	0.002156	20.4
707	-1.019966	0.000000	0.159965	0.002202	20.5
708	-1.019389	0.000000	0.159965	0.002155	20.4
709	-1.019305	0.000000	0.159965	0.002047	20.4
710	-1.019359	0.000000	0.159965	0.002160	20.3
711	-1.020282	0.000000	0.159965	0.002133	20.4
712	-1.020154	0.000000	0.159965	0.002112	20.4
713	-1.019749	0.000000	0.159965	0.002148	20.3
714	-1.019331	0.000000	0.159965	0.002140	20.5
715	-1.019169	0.000000	0.159965	0.002169	20.7
716	-1.020651	0.000000	0.159965	0.002255	20.4
717	-1.019693	0.000000	0.159965	0.002122	20.5
718	-1.019933	0.000000	0.159965	0.002195	20.3
719	-1.019898	0.000000	0.159965	0.002086	20.5
720	-1.019976	0.000000	0.159965	0.002232	20.4
721	-1.019681	0.000000	0.159965	0.002005	20.5
722	-1.019970	0.000000	0.159965	0.002093	20.4
723	-1.019984	0.000000	0.159965	0.002147	20.4
724	-1.019935	0.000000	0.159965	0.002128	20.5
725	-1.020249	0.000000	0.159965	0.002193	20.3
726	-1.020055	0.000000	0.159965	0.002289	20.4
727	-1.020035	0.000000	0.159965	0.002216	20.3
728	-1.019621	0.000000	0.159965	0.002162	20.4
729	-1.019634	0.000000	0.159965	0.002062	20.4
730	-1.019924	0.000000	0.159965	0.002118	20.3
731	-1.019614	0.000000	0.159965	0.002106	20.5
732	-1.019988	0.000000	0.159965	0.002154	20.4
733	-1.020200	0.000000	0.159965	0.002255	20.4
734	-1.019374	0.000000	0.159965	0.002086	20.5
735	-1.019676	0.000000	0.159965	0.002056	20.3
736	-1.019358	0.000000	0.159965	0.002014	20.4
737	-1.019289	0.000000	0.159965	0.002049	20.4
738	-1.019745	0.000000	0.159965	0.002155	20.3
739	-1.019888	0.000000	0.159965	0.002176	20.4
740	-1.019505	0.000000	0.159965	0.002188	20.3
741	-1.019348	0.000000	0.159965	0.002049	20.4
742	-1.019721	0.000000	0.159965	0.002153	20.3
743	-1.019576	0.000000	0.159965	0.002040	20.3
744	-1.019456	0.000000	0.159965	0.001965	20.6
745	-1.019466	0.000000	0.159965	0.002201	20.3
746	-1.019790	0.000000	0.159965	0.002136	20.4
747	-1.020241	0.000000	0.159965	0.002197	20.3
748	-1.020444	0.000000	0.159965	0.002031	20.4
749	-1.019484	0.000000	0.159965	0.002118	20.4
750	-1.019705	0.000000	0.159965	0.002005	20.3
751	-1.019635	0.000000	0.159965	0.002191	20.5
752	-1.019408	0.000000	0.159965	0.002164	20.4
753	-1.019461	0.000000	0.159965	0.002160	20.5
754	-1.019586	0.000000	0.159965	0.002216	20.4
755	-1.019456	0.000000	0.159965	0.002128	20.4
756	-1.020032	0.000000	0.159965	0.002123	20.6
757	-1.019579	0.000000	0.159965	0.002192	20.3
758	-1.020495	0.000000	0.159965	0.002099	20.5
759	-1.019708	0.000000	0.159965	0.002046	20.7
760	-1.019494	0.000000	0.159965	0.001969	20.5
761	-1.019972	0.000000	0.159965	0.002091	20.4
762	-1.019972	0.000000	0.159965	0.001981	20.3
763	-1.019854	0.000000	0.159965	0.001972	20.5
764	-1.020155	0.000000	0.159965	0.002079	20.6
765	-1.019532	0.000000	0.159965	0.002005	20.4
766	-1.019677	0.000000	0.159965	0.002119	20.4
767	-1.019930	0.000000	0.159965	0.002171	20.4
768	-1.019949	0.000000	0.159965	0.002211	20.5
769	-1.019617	0.000000	0.159965	0.002127	20.4
770	-1.019283	0.000000	0.159965	0.002046	20.4
771	-1.020077	0.000000	0.159965	0.002103	20.6
772	-1.019938	0.000000	0.159965	0.002225	20.5
773	-1.019960	0.000000	0.159965	0.002085	20.4
774	-1.019361	0.000000	0.159965	0.002077	20.3
775	-1.019971	0.000000	0.159965	0.002193	20.3
776	-1.019769	0.000000	0.159965	0.002149	20.3
777	-1.020040	0.000000	0.159965	0.002326	20.3
778	-1.020014	0.000000	0.159965	0.002133	20.4
779	-1.020209	0.000000	0.159965	0.002260	20.5
780	-1.019622	0.000000	0.159965	0.002114	20.4
781	-1.020305	0.000000	0.159965	0.002174	20.7
782	-1.019350	0.000000	0.159965	0.002028	20.4
783	-1.019625	0.000000	0.159965	0.002107	20.4
784	-1.019928	0.000000	0.159965	0.002083	20.4
785	-1.020043	0.000000	0.159965	0.002111	20.3
786	-1.019806	0.000000	0.159965	0.002064	20.4
787	-1.020091	0.000000	0.159965	0.002040	20.4
788	-1.019891	0.000000	0.159965	0.002256	20.4
789	-1.019769	0.000000	0.159965	0.002086	20.3
790	-1.020463	0.000000	0.159965	0.002216	20.4
791	-1.019894	0.000000	0.159965	0.002197	20.3
792	-1.020043	0.000000	0.159965	0.002195	20.4
793	-1.019858	0.000000	0.159965	0.002078	20.5
794	-1.019550	0.000000	0.159965	0.002020	20.5
795	-1.020059	0.000000	0.159965	0.002195	20.4
796	-1.019746	0.000000	0.159965	0.002202	20.4
797	-1.019999	0.000000	0.159965	0.002056	20.4
798	-1.020026	0.000000	0.159965	0.002174	20.5
799	-1.019915	0.000000	0.159965	0.002077	20.3
800	-1.020056	0.000000	0.159965	0.002195	20.4
801	-1.019978	0.000000	0.159965	0.002070	20.4
802	-1.019318	0.000000	0.159965	0.002097	20.5
803	-1.019745	0.000000	0.159965	0.002103	20.4
804	-1.020285	0.000000	0.159965	0.002258	20.4
805	-1.019804	0.000000	0.159965	0.002184	20.4
806	-1.020253	0.000000	0.159965	0.002180	20.5
807	-1.020418	0.000000	0.159965	0.002194	20.4
808	-1.019959	0.000000	0.159965	0.002125	20.4
809	-1.019651	0.000000	0.159965	0.002058	20.4
810	-1.020050	0.000000	0.159965	0.002246	20.4
811	-1.019871	0.000000	0.159965	0.002198	20.3
812	-1.020365	0.000000	0.159965	0.002286	20.3
813	-1.019547	0.000000	0.159965	0.002133	20.5
814	-1.019763	0.000000	0.159965	0.002186	20.5
815	-1.019841	0.000000	0.159965	0.002099	20.4
816	-1.020255	0.000000	0.159965	0.002043	20.3
817	-1.020197	0.000000	0.159965	0.002182	20.6
818	-1.019491	0.000000	0.159965	0.002192	20.3
819	-1.020203	0.000000	0.159965	0.002206	20.5
820	-1.020215	0.000000	0.159965	0.002143	20.4
821	-1.019517	0.000000	0.159965	0.002022	20.4
822	-1.019520	0.000000	0.159965	0.002104	20.4
823	-1.019934	0.000000	0.159965	0.002075	20.3
824	-1.020032	0.000000	0.159965	0.002035	20.4
825	-1.020968	0.000000	0.159965	0.002250	20.4
826	-1.019752	0.000000	0.159965	0.002082	20.4
827	-1.019754	0.000000	0.159965	0.002219	20.4
828	-1.019962	0.000000	0.159965	0.002314	20.3
829	-1.019886	0.000000	0.159965	0.002287	20.5
830	-1.019809	0.000000	0.159965	0.002145	20.4
831	-1.020454	0.000000	0.159965	0.002309	20.5
832	-1.020039	0.000000	0.159965	0.002080	20.5
833	-1.020038	0.000000	0.159965	0.002198	20.4
834	-1.020078	0.000000	0.159965	0.002235	20.4
835	-1.020271	0.000000	0.159965	0.002131	20.4
836	-1.020138	0.000000	0.159965	0.002120	20.5
837	-1.019424	0.000000	0.159965	0.002070	20.5
838	-1.019733	0.000000	0.159965	0.002075	20.3
839	-1.019348	0.000000	0.159965	0.002124	20.4
840	-1.019916	0.000000	0.159965	0.002072	20.4
841	-1.020389	0.000000	0.159965	0.002095	20.3
842	-1.020126	0.000000	0.159965	0.002220	20.5
843	-1.019864	0.000000	0.159965	0.002038	20.4
844	-1.019544	0.000000	0.159965	0.002055	20.4
845	-1.019940	0.000000	0.159965	0.002042	20.3
846	-1.019116	0.000000	0.159965	0.002128	20.4
847	-1.020215	0.000000	0.159965	0.002130	20.3
848	-1.019798	0.000000	0.159965	0.002251	20.5
849	-1.020590	0.000000	0.159965	0.002174	20.5
850	-1.020347	0.000000	0.159965	0.002224	20.3
851	-1.020095	0.000000	0.159965	0.002071	20.4
852	-1.020615	0.000000	0.159965	0.002247	20.4
853	-1.020081	0.000000	0.159965	0.002114	20.4
854	-1.019645	0.000000	0.159965	0.002167	20.4
855	-1.019545	0.000000	0.159965	0.002178	20.4
856	-1.019923	0.000000	0.159965	0.002055	20.5
857	-1.020108	0.000000	0.159965	0.002154	20.5
858	-1.019638	0.000000	0.159965	0.002045	20.4
859	-1.019547	0.000000	0.159965	0.002038	20.5
860	-1.019324	0.000000	0.159965	0.002156	20.4
861	-1.019620	0.000000	0.159965	0.002160	20.4
862	-1.019674	0.000000	0.159965	0.002135	20.5
863	-1.019949	0.000000	0.159965	0.002375	20.4
864	-1.020371	0.000000	0.159965	0.002189	20.3
865	-1.019550	0.000000	0.159965	0.002067	20.4
866	-1.020490	0.000000	0.159965	0.002200	20.5
867	-1.019935	0.000000	0.159965	0.002091	20.3
868	-1.019680	0.000000	0.159965	0.002196	20.6
869	-1.019770	0.000000	0.159965	0.002148	20.5
870	-1.019674	0.000000	0.159965	0.002258	20.3
871	-1.020428	0.000000	0.159965	0.002132	20.4
872	-1.019859	0.000000	0.159965	0.002047	20.4
873	-1.020129	0.000000	0.159965	0.002168	20.3
874	-1.019994	0.000000	0.159965	0.002128	20.4
875	-1.019438	0.000000	0.159965	0.002034	20.3
876	-1.020017	0.000000	0.159965	0.002147	20.4
877	-1.019664	0.000000	0.159965	0.002020	20.3
878	-1.019642	0.000000	0.159965	0.002019	20.4
879	-1.020171	0.000000	0.159965	0.002206	20.5
880	-1.019611	0.000000	0.159965	0.002041	20.3
881	-1.019858	0.000000	0.159965	0.002173	20.5
882	-1.020175	0.000000	0.159965	0.002295	20.4
883	-1.020097	0.000000	0.159965	0.002224	20.4
884	-1.019928	0.000000	0.159965	0.002164	20.8
885	-1.019821	0.000000	0.159965	0.002166	20.5
886	-1.019765	0.000000	0.159965	0.002126	20.4
887	-1.019868	0.000000	0.159965	0.002166	20.3
888	-1.020113	0.000000	0.159965	0.002137	20.4
889	-1.019814	0.000000	0.159965	0.002172	20.4
890	-1.019909	0.000000	0.159965	0.002109	20.4
891	-1.020306	0.000000	0.159965	0.002131	20.4
892	-1.019952	0.000000	0.159965	0.002218	20.3
893	-1.020167	0.000000	0.159965	0.002098	20.3
894	-1.020365	0.000000	0.159965	0.002246	20.4
895	-1.020120	0.000000	0.159965	0.002117	20.4
896	-1.019859	0.000000	0.159965	0.002151	20.3
897	-1.020128	0.000000	0.159965	0.002116	20.4
898	-1.020266	0.000000	0.159965	0.002177	20.4
899	-1.019806	0.000000	0.159965	0.002142	20.3
900	-1.020114	0.000000	0.159965	0.002077	20.3
901	-1.019597	0.000000	0.159965	0.002082	20.3
902	-1.019931	0.000000	0.159965	0.002206	20.3
903	-1.019962	0.000000	0.159965	0.002167	20.3
904	-1.019911	0.000000	0.159965	0.002099	20.4
905	-1.019591	0.000000	0.159965	0.002185	20.5
906	-1.019591	0.000000	0.159965	0.002073	20.5
907	-1.019960	0.000000	0.159965	0.002178	20.4
908	-1.019747	0.000000	0.159965	0.001983	20.5
909	-1.019930	0.000000	0.159965	0.002054	20.4
910	-1.020119	0.000000	0.159965	0.002223	20.6
911	-1.019912	0.000000	0.159965	0.002216	20.5
912	-1.019381	0.000000	0.159965	0.002045	20.4
913	-1.019968	0.000000	0.159965	0.002170	20.4
914	-1.019510	0.000000	0.159965	0.002163	20.6
915	-1.020163	0.000000	0.159965	0.002158	20.5
916	-1.020005	0.000000	0.159965	0.002091	20.4
917	-1.019194	0.000000	0.159965	0.002091	20.4
918	-1.019948	0.000000	0.159965	0.001986	20.6
919	-1.020142	0.000000	0.159965	0.002152	20.5
920	-1.020039	0.000000	0.159965	0.002011	20.4
921	-1.019736	0.000000	0.159965	0.002122	20.4
922	-1.019655	0.000000	0.159965	0.002150	20.3
923	-1.019972	0.000000	0.159965	0.002103	20.4
924	-1.019723	0.000000	0.159965	0.002101	20.3
925	-1.019854	0.000000	0.159965	0.002125	20.5
926	-1.019738	0.000000	0.159965	0.002032	20.3
927	-1.019838	0.000000	0.159965	0.002170	20.4
928	-1.020209	0.000000	0.159965	0.002147	20.3
929	-1.019986	0.000000	0.159965	0.002160	20.4
930	-1.019594	0.000000	0.159965	0.002093	20.4
931	-1.020246	0.000000	0.159965	0.002117	20.5
932	-1.020567	0.000000	0.159965	0.002234	20.6
933	-1.019824	0.000000	0.159965	0.002152	20.6
934	-1.019870	0.000000	0.159965	0.002155	20.5
935	-1.019602	0.000000	0.159965	0.002190	20.3
936	-1.020080	0.000000	0.159965	0.002109	20.3
937	-1.019971	0.000000	0.159965	0.002147	20.4
938	-1.020188	0.000000	0.159965	0.002187	20.3
939	-1.020169	0.000000	0.159965	0.002164	20.4
940	-1.020163	0.000000	0.159965	0.002162	20.3
941	-1.019872	0.000000	0.159965	0.002241	20.3
942	-1.019812	0.000000	0.159965	0.002201	20.3
943	-1.020325	0.000000	0.159965	0.002196	20.4
944	-1.019916	0.000000	0.159965	0.002032	20.6
945	-1.019917	0.000000	0.159965	0.002211	20.4
946	-1.020289	0.000000	0.159965	0.002176	20.4
947	-1.020050	0.000000	0.159965	0.002111	20.6
948	-1.019902	0.000000	0.159965	0.002115	20.3
949	-1.019540	0.000000	0.159965	0.002083	20.6
950	-1.020032	0.000000	0.159965	0.002166	20.4
951	-1.019997	0.000000	0.159965	0.002085	20.3
952	-1.020012	0.000000	0.159965	0.002105	20.3
953	-1.019778	0.000000	0.159965	0.002118	20.4
954	-1.020067	0.000000	0.159965	0.002158	20.5
955	-1.020087	0.000000	0.159965	0.002110	20.7
956	-1.019894	0.000000	0.159965	0.002196	20.4
957	-1.020196	0.000000	0.159965	0.002242	20.4
958	-1.019820	0.000000	0.159965	0.002052	20.4
959	-1.020028	0.000000	0.159965	0.002153	20.6
960	-1.019887	0.000000	0.159965	0.002097	20.4
961	-1.020292	0.000000	0.159965	0.002122	20.4
962	-1.019926	0.000000	0.159965	0.002145	20.3
963	-1.020017	0.000000	0.159965	0.002057	20.4
964	-1.020056	0.000000	0.159965	0.002146	20.5
965	-1.019499	0.000000	0.159965	0.002115	20.5
966	-1.020811	0.000000	0.159965	0.002156	20.4
967	-1.020425	0.000000	0.159965	0.002198	20.4
968	-1.019450	0.000000	0.159965	0.002128	20.5
969	-1.019810	0.000000	0.159965	0.002080	20.5
970	-1.019863	0.000000	0.159965	0.002179	20.4
971	-1.020206	0.000000	0.159965	0.002164	20.4
972	-1.020474	0.000000	0.159965	0.002164	20.4
973	-1.020278	0.000000	0.159965	0.002253	20.4
974	-1.020357	0.000000	0.159965	0.002234	20.5
975	-1.020269	0.000000	0.159965	0.002238	20.3
976	-1.019505	0.000000	0.159965	0.002149	20.5
977	-1.020538	0.000000	0.159965	0.002187	20.3
978	-1.019488	0.000000	0.159965	0.002083	20.4
979	-1.020297	0.000000	0.159965	0.002071	20.3
980	-1.020044	0.000000	0.159965	0.002163	20.4
981	-1.020484	0.000000	0.159965	0.002260	20.5
982	-1.019914	0.000000	0.159965	0.002190	20.6
983	-1.019522	0.000000	0.159965	0.002053	20.4
984	-1.019694	0.000000	0.159965	0.002206	20.3
985	-1.019957	0.000000	0.159965	0.002064	20.3
986	-1.019822	0.000000	0.159965	0.002174	20.4
987	-1.019506	0.000000	0.159965	0.002099	20.4
988	-1.019827	0.000000	0.159965	0.002076	20.4
989	-1.019809	0.000000	0.159965	0.002060	20.5
990	-1.020487	0.000000	0.159965	0.002199	20.3
991	-1.020419	0.000000	0.159965	0.002202	20.4
992	-1.020343	0.000000	0.159965	0.002140	20.3
993	-1.019807	0.000000	0.159965	0.002136	20.5
994	-1.020181	0.000000	0.159965	0.002159	20.5
995	-1.019686	0.000000	0.159965	0.002159	20.4
996	-1.020048	0.000000	0.159965	0.002201	20.4
997	-1.020118	0.000000	0.159965	0.002103	20.4
998	-1.019954	0.000000	0.159965	0.002024	20.4
999	-1.019843	0.000000	0.159965	0.002051	20.4
