1:ItNr	2:Metric	3a:Time	3b:StepSize	4:||Gradient||	Time[ms]
0	-1.017371	0.000000	0.159965	0.001368	27.6
1	-1.017825	0.000000	0.159965	0.001471	22.1
2	-1.017140	0.000000	0.159965	0.001547	22.0
3	-1.017616	0.000000	0.159965	0.001539	22.0
4	-1.016594	0.000000	0.159965	0.001431	21.9
5	-1.017706	0.000000	0.159965	0.001710	21.6
6	-1.017307	0.000000	0.159965	0.001741	21.8
7	-1.016805	0.000000	0.159965	0.001259	22.6
8	-1.017229	0.000000	0.159965	0.001636	21.8
9	-1.017278	0.000000	0.159965	0.001616	21.5
10	-1.017283	0.000000	0.159965	0.001413	21.3
11	-1.017059	0.000000	0.159965	0.001625	21.6
12	-1.017141	0.000000	0.159965	0.001578	21.6
13	-1.017644	0.000000	0.159965	0.001600	21.3
14	-1.018165	0.000000	0.159965	0.001311	20.9
15	-1.016797	0.000000	0.159965	0.001728	21.0
16	-1.017904	0.000000	0.159965	0.001341	21.0
17	-1.017177	0.000000	0.159965	0.001630	21.1
18	-1.017213	0.000000	0.159965	0.001785	20.9
19	-1.017287	0.000000	0.159965	0.001348	21.0
20	-1.017432	0.000000	0.159965	0.001804	21.2
21	-1.017128	0.000000	0.159965	0.001829	20.9
22	-1.017749	0.000000	0.159965	0.001477	21.0
23	-1.017462	0.000000	0.159965	0.001452	20.9
24	-1.016856	0.000000	0.159965	0.001530	21.0
25	-1.017333	0.000000	0.159965	0.001862	21.1
26	-1.017250	0.000000	0.159965	0.001134	20.9
27	-1.017323	0.000000	0.159965	0.001336	21.0
28	-1.017073	0.000000	0.159965	0.001656	21.0
29	-1.017217	0.000000	0.159965	0.001668	20.8
30	-1.017356	0.000000	0.159965	0.001570	21.0
31	-1.017280	0.000000	0.159965	0.001528	21.1
32	-1.017339	0.000000	0.159965	0.001812	21.0
33	-1.018056	0.000000	0.159965	0.001628	20.9
34	-1.017164	0.000000	0.159965	0.001798	21.2
35	-1.017693	0.000000	0.159965	0.001838	21.0
36	-1.018245	0.000000	0.159965	0.001423	21.0
37	-1.017701	0.000000	0.159965	0.001527	21.3
38	-1.017560	0.000000	0.159965	0.001581	21.0
39	-1.017411	0.000000	0.159965	0.001531	21.0
40	-1.017416	0.000000	0.159965	0.001408	21.1
41	-1.017602	0.000000	0.159965	0.001602	21.1
42	-1.017464	0.000000	0.159965	0.001615	20.9
43	-1.017290	0.000000	0.159965	0.001490	21.0
44	-1.017208	0.000000	0.159965	0.001303	21.0
45	-1.017111	0.000000	0.159965	0.001027	21.0
46	-1.017033	0.000000	0.159965	0.001416	21.1
47	-1.017161	0.000000	0.159965	0.001123	20.9
48	-1.017537	0.000000	0.159965	0.001777	20.9
49	-1.017273	0.000000	0.159965	0.001254	21.2
50	-1.017601	0.000000	0.159965	0.001299	21.1
51	-1.017428	0.000000	0.159965	0.001634	21.0
52	-1.017483	0.000000	0.159965	0.001562	20.9
53	-1.017267	0.000000	0.159965	0.001464	20.9
54	-1.017449	0.000000	0.159965	0.001481	20.9
55	-1.017071	0.000000	0.159965	0.001433	21.0
56	-1.017788	0.000000	0.159965	0.001384	21.1
57	-1.017393	0.000000	0.159965	0.001575	20.9
58	-1.017694	0.000000	0.159965	0.001468	20.9
59	-1.017555	0.000000	0.159965	0.001280	21.3
60	-1.017426	0.000000	0.159965	0.001394	21.1
61	-1.017377	0.000000	0.159965	0.001263	21.3
62	-1.017770	0.000000	0.159965	0.001197	20.9
63	-1.017269	0.000000	0.159965	0.001363	21.0
64	-1.018035	0.000000	0.159965	0.001864	21.0
65	-1.017554	0.000000	0.159965	0.001756	21.1
66	-1.017637	0.000000	0.159965	0.001324	21.1
67	-1.017410	0.000000	0.159965	0.001491	21.1
68	-1.017717	0.000000	0.159965	0.001535	21.0
69	-1.017505	0.000000	0.159965	0.001411	21.0
70	-1.017286	0.000000	0.159965	0.001440	20.9
71	-1.017462	0.000000	0.159965	0.001283	20.9
72	-1.016916	0.000000	0.159965	0.001739	21.0
73	-1.017536	0.000000	0.159965	0.001307	21.2
74	-1.017502	0.000000	0.159965	0.001517	21.0
75	-1.017244	0.000000	0.159965	0.001282	21.0
76	-1.017369	0.000000	0.159965	0.001578	20.9
77	-1.017703	0.000000	0.159965	0.001420	21.0
78	-1.017829	0.000000	0.159965	0.001365	21.1
79	-1.018234	0.000000	0.159965	0.001493	21.0
80	-1.017450	0.000000	0.159965	0.001351	21.2
81	-1.017292	0.000000	0.159965	0.001373	21.1
82	-1.017708	0.000000	0.159965	0.001589	21.0
83	-1.017089	0.000000	0.159965	0.001415	21.0
84	-1.017715	0.000000	0.159965	0.001507	21.0
85	-1.017238	0.000000	0.159965	0.001275	21.2
86	-1.017707	0.000000	0.159965	0.001854	21.0
87	-1.016998	0.000000	0.159965	0.001460	21.0
88	-1.017270	0.000000	0.159965	0.001150	21.0
89	-1.018390	0.000000	0.159965	0.001450	21.1
90	-1.017279	0.000000	0.159965	0.001686	20.9
91	-1.018008	0.000000	0.159965	0.001844	21.0
92	-1.017500	0.000000	0.159965	0.001433	21.0
93	-1.017713	0.000000	0.159965	0.001604	21.1
94	-1.017687	0.000000	0.159965	0.001579	20.9
95	-1.017659	0.000000	0.159965	0.001728	20.9
96	-1.017697	0.000000	0.159965	0.001570	20.9
97	-1.018172	0.000000	0.159965	0.001584	21.1
98	-1.016682	0.000000	0.159965	0.001403	21.1
99	-1.018169	0.000000	0.159965	0.001505	21.0
100	-1.017488	0.000000	0.159965	0.001179	20.9
101	-1.017395	0.000000	0.159965	0.001288	21.0
102	-1.016870	0.000000	0.159965	0.001472	21.0
103	-1.017050	0.000000	0.159965	0.001651	21.0
104	-1.017270	0.000000	0.159965	0.001495	20.9
105	-1.017701	0.000000	0.159965	0.001466	21.0
106	-1.018096	0.000000	0.159965	0.001365	21.3
107	-1.017731	0.000000	0.159965	0.001538	21.1
108	-1.017477	0.000000	0.159965	0.001718	21.3
109	-1.018009	0.000000	0.159965	0.001364	21.1
110	-1.017355	0.000000	0.159965	0.001548	20.9
111	-1.017540	0.000000	0.159965	0.001553	20.9
112	-1.017818	0.000000	0.159965	0.001526	21.0
113	-1.017374	0.000000	0.159965	0.001371	21.0
114	-1.017047	0.000000	0.159965	0.001206	21.0
115	-1.017481	0.000000	0.159965	0.001542	21.1
116	-1.017590	0.000000	0.159965	0.001471	20.9
117	-1.017840	0.000000	0.159965	0.001474	21.1
118	-1.017743	0.000000	0.159965	0.001120	20.9
119	-1.017883	0.000000	0.159965	0.001578	20.9
120	-1.017616	0.000000	0.159965	0.001482	21.0
121	-1.017771	0.000000	0.159965	0.001227	21.0
122	-1.017636	0.000000	0.159965	0.001459	21.0
123	-1.017366	0.000000	0.159965	0.001183	21.0
124	-1.017064	0.000000	0.159965	0.001521	20.9
125	-1.017145	0.000000	0.159965	0.001547	21.0
126	-1.017441	0.000000	0.159965	0.001487	21.0
127	-1.017450	0.000000	0.159965	0.001750	21.0
128	-1.017230	0.000000	0.159965	0.001518	21.0
129	-1.017456	0.000000	0.159965	0.001464	21.0
130	-1.017656	0.000000	0.159965	0.001688	21.0
131	-1.017590	0.000000	0.159965	0.001530	21.1
132	-1.017105	0.000000	0.159965	0.001650	21.0
133	-1.017440	0.000000	0.159965	0.001530	21.2
134	-1.017650	0.000000	0.159965	0.001307	21.0
135	-1.017690	0.000000	0.159965	0.001410	21.0
136	-1.017506	0.000000	0.159965	0.001665	21.1
137	-1.017545	0.000000	0.159965	0.001281	21.0
138	-1.016760	0.000000	0.159965	0.001146	20.9
139	-1.017359	0.000000	0.159965	0.001554	21.0
140	-1.017014	0.000000	0.159965	0.001409	21.1
141	-1.017391	0.000000	0.159965	0.001539	21.1
142	-1.017046	0.000000	0.159965	0.001335	21.0
143	-1.017438	0.000000	0.159965	0.001497	20.9
144	-1.017541	0.000000	0.159965	0.001633	21.1
145	-1.017988	0.000000	0.159965	0.001509	21.1
146	-1.017439	0.000000	0.159965	0.001368	21.0
147	-1.017702	0.000000	0.159965	0.001635	21.0
148	-1.017769	0.000000	0.159965	0.001579	20.9
149	-1.018039	0.000000	0.159965	0.001499	21.1
150	-1.017237	0.000000	0.159965	0.001627	21.1
151	-1.017620	0.000000	0.159965	0.001711	20.9
152	-1.017354	0.000000	0.159965	0.001714	21.0
153	-1.017177	0.000000	0.159965	0.001428	21.0
154	-1.018042	0.000000	0.159965	0.001669	21.2
155	-1.016757	0.000000	0.159965	0.001404	21.2
156	-1.017038	0.000000	0.159965	0.001429	21.9
157	-1.017656	0.000000	0.159965	0.001519	21.1
158	-1.017687	0.000000	0.159965	0.001519	21.0
159	-1.017555	0.000000	0.159965	0.001469	21.0
160	-1.016976	0.000000	0.159965	0.001560	21.0
161	-1.017104	0.000000	0.159965	0.001593	21.0
162	-1.017563	0.000000	0.159965	0.001551	21.1
163	-1.017727	0.000000	0.159965	0.001332	21.0
164	-1.017480	0.000000	0.159965	0.001468	21.0
165	-1.017054	0.000000	0.159965	0.001563	21.0
166	-1.017094	0.000000	0.159965	0.001575	20.9
167	-1.017292	0.000000	0.159965	0.001204	21.0
168	-1.017632	0.000000	0.159965	0.001496	21.1
169	-1.017001	0.000000	0.159965	0.001608	21.2
170	-1.017473	0.000000	0.159965	0.001476	20.9
171	-1.017311	0.000000	0.159965	0.001450	21.0
172	-1.017845	0.000000	0.159965	0.001367	20.9
173	-1.017784	0.000000	0.159965	0.001571	21.1
174	-1.017429	0.000000	0.159965	0.001581	21.0
175	-1.017832	0.000000	0.159965	0.001399	20.9
176	-1.017686	0.000000	0.159965	0.001636	21.0
177	-1.017156	0.000000	0.159965	0.001715	21.1
178	-1.017211	0.000000	0.159965	0.001520	20.9
179	-1.017485	0.000000	0.159965	0.001601	21.0
180	-1.017447	0.000000	0.159965	0.001312	20.9
181	-1.017856	0.000000	0.159965	0.001430	21.2
182	-1.017762	0.000000	0.159965	0.001401	21.0
183	-1.017834	0.000000	0.159965	0.001572	21.1
184	-1.017126	0.000000	0.159965	0.001470	21.0
185	-1.017476	0.000000	0.159965	0.001798	21.0
186	-1.017630	0.000000	0.159965	0.001445	21.1
187	-1.017751	0.000000	0.159965	0.001249	20.9
188	-1.017274	0.000000	0.159965	0.001370	21.1
189	-1.017913	0.000000	0.159965	0.001610	21.1
190	-1.017503	0.000000	0.159965	0.001684	21.1
191	-1.018281	0.000000	0.159965	0.001812	20.9
192	-1.017343	0.000000	0.159965	0.001672	21.0
193	-1.017039	0.000000	0.159965	0.001412	21.2
194	-1.017089	0.000000	0.159965	0.001467	21.0
195	-1.017365	0.000000	0.159965	0.001062	21.1
196	-1.017096	0.000000	0.159965	0.001600	20.9
197	-1.017181	0.000000	0.159965	0.001322	20.9
198	-1.017350	0.000000	0.159965	0.001529	21.0
199	-1.017168	0.000000	0.159965	0.001579	20.9
200	-1.017835	0.000000	0.159965	0.001669	21.0
201	-1.017093	0.000000	0.159965	0.001502	21.1
202	-1.017647	0.000000	0.159965	0.001594	21.1
203	-1.017436	0.000000	0.159965	0.001447	21.4
204	-1.017236	0.000000	0.159965	0.001652	21.6
205	-1.017483	0.000000	0.159965	0.001743	21.4
206	-1.017526	0.000000	0.159965	0.001425	21.0
207	-1.017562	0.000000	0.159965	0.001384	21.3
208	-1.017903	0.000000	0.159965	0.001317	21.1
209	-1.017216	0.000000	0.159965	0.001383	20.9
210	-1.017750	0.000000	0.159965	0.001375	21.0
211	-1.017677	0.000000	0.159965	0.001403	21.0
212	-1.017142	0.000000	0.159965	0.001724	21.0
213	-1.017278	0.000000	0.159965	0.001354	21.0
214	-1.016633	0.000000	0.159965	0.001486	20.9
215	-1.017666	0.000000	0.159965	0.001489	21.0
216	-1.017661	0.000000	0.159965	0.001509	21.0
217	-1.017402	0.000000	0.159965	0.001536	21.2
218	-1.016752	0.000000	0.159965	0.001535	21.0
219	-1.017601	0.000000	0.159965	0.001442	21.0
220	-1.017842	0.000000	0.159965	0.001293	20.9
221	-1.016757	0.000000	0.159965	0.001448	21.0
222	-1.017102	0.000000	0.159965	0.001296	21.0
223	-1.017984	0.000000	0.159965	0.001685	21.1
224	-1.017412	0.000000	0.159965	0.001499	21.2
225	-1.017674	0.000000	0.159965	0.001461	21.0
226	-1.017573	0.000000	0.159965	0.001372	20.9
227	-1.018114	0.000000	0.159965	0.001084	21.0
228	-1.017436	0.000000	0.159965	0.001277	21.0
229	-1.016990	0.000000	0.159965	0.001414	21.3
230	-1.017568	0.000000	0.159965	0.001565	21.0
231	-1.017542	0.000000	0.159965	0.001296	21.0
232	-1.017369	0.000000	0.159965	0.001587	20.9
233	-1.018318	0.000000	0.159965	0.001433	20.9
234	-1.017407	0.000000	0.159965	0.001328	21.0
235	-1.017729	0.000000	0.159965	0.001667	20.9
236	-1.018107	0.000000	0.159965	0.001744	21.3
237	-1.017372	0.000000	0.159965	0.001628	20.9
238	-1.017777	0.000000	0.159965	0.001565	20.9
239	-1.017579	0.000000	0.159965	0.001441	21.1
240	-1.017372	0.000000	0.159965	0.001321	21.0
241	-1.017561	0.000000	0.159965	0.001557	21.1
242	-1.016773	0.000000	0.159965	0.001531	21.0
243	-1.017329	0.000000	0.159965	0.001541	21.0
244	-1.017057	0.000000	0.159965	0.001252	21.0
245	-1.016887	0.000000	0.159965	0.001444	20.9
246	-1.017514	0.000000	0.159965	0.001604	21.0
247	-1.017712	0.000000	0.159965	0.001631	20.9
248	-1.017484	0.000000	0.159965	0.001404	21.2
249	-1.017288	0.000000	0.159965	0.001493	21.2
250	-1.017370	0.000000	0.159965	0.001680	21.0
251	-1.017751	0.000000	0.159965	0.001516	21.0
252	-1.017767	0.000000	0.159965	0.001505	20.9
253	-1.017227	0.000000	0.159965	0.001448	21.5
254	-1.017837	0.000000	0.159965	0.001388	21.1
255	-1.016658	0.000000	0.159965	0.001449	20.9
256	-1.017203	0.000000	0.159965	0.001697	21.1
257	-1.017752	0.000000	0.159965	0.001534	21.0
258	-1.017498	0.000000	0.159965	0.001259	21.0
259	-1.017588	0.000000	0.159965	0.001752	21.0
260	-1.017549	0.000000	0.159965	0.001834	20.9
261	-1.017611	0.000000	0.159965	0.001594	20.9
262	-1.018231	0.000000	0.159965	0.001471	21.0
263	-1.017911	0.000000	0.159965	0.001656	21.0
264	-1.017573	0.000000	0.159965	0.001545	21.0
265	-1.017074	0.000000	0.159965	0.001500	21.2
266	-1.018038	0.000000	0.159965	0.001553	21.0
267	-1.016967	0.000000	0.159965	0.001440	20.9
268	-1.017476	0.000000	0.159965	0.001717	21.0
269	-1.018233	0.000000	0.159965	0.001737	21.1
270	-1.017119	0.000000	0.159965	0.001442	21.1
271	-1.016900	0.000000	0.159965	0.001306	21.1
272	-1.017668	0.000000	0.159965	0.001597	20.9
273	-1.017981	0.000000	0.159965	0.001785	21.0
274	-1.016721	0.000000	0.159965	0.001351	21.1
275	-1.018073	0.000000	0.159965	0.001516	21.0
276	-1.016762	0.000000	0.159965	0.001532	21.0
277	-1.017338	0.000000	0.159965	0.001652	21.4
278	-1.017045	0.000000	0.159965	0.001288	21.1
279	-1.016791	0.000000	0.159965	0.001360	21.0
280	-1.017260	0.000000	0.159965	0.001347	21.0
281	-1.017078	0.000000	0.159965	0.001435	21.1
282	-1.017606	0.000000	0.159965	0.001384	20.9
283	-1.018243	0.000000	0.159965	0.001523	21.1
284	-1.016925	0.000000	0.159965	0.001496	20.9
285	-1.017211	0.000000	0.159965	0.001679	20.9
286	-1.017780	0.000000	0.159965	0.001635	21.1
287	-1.017795	0.000000	0.159965	0.001540	21.0
288	-1.017514	0.000000	0.159965	0.001337	21.1
289	-1.017373	0.000000	0.159965	0.001348	21.0
290	-1.017809	0.000000	0.159965	0.001657	21.0
291	-1.017103	0.000000	0.159965	0.001299	21.0
292	-1.017141	0.000000	0.159965	0.001292	21.0
293	-1.017036	0.000000	0.159965	0.001659	21.0
294	-1.017382	0.000000	0.159965	0.001729	20.9
295	-1.017263	0.000000	0.159965	0.001541	20.9
296	-1.017501	0.000000	0.159965	0.001790	21.1
297	-1.017611	0.000000	0.159965	0.001594	21.0
298	-1.017886	0.000000	0.159965	0.001706	21.4
299	-1.018156	0.000000	0.159965	0.001421	21.0
300	-1.017842	0.000000	0.159965	0.001402	21.0
301	-1.017861	0.000000	0.159965	0.001603	21.1
302	-1.018548	0.000000	0.159965	0.001502	21.1
303	-1.017629	0.000000	0.159965	0.001367	21.0
304	-1.017897	0.000000	0.159965	0.001721	21.0
305	-1.017528	0.000000	0.159965	0.001486	21.0
306	-1.017364	0.000000	0.159965	0.001553	21.0
307	-1.017142	0.000000	0.159965	0.001469	21.2
308	-1.017478	0.000000	0.159965	0.001507	20.9
309	-1.017690	0.000000	0.159965	0.001439	20.9
310	-1.017647	0.000000	0.159965	0.001602	20.9
311	-1.017365	0.000000	0.159965	0.001423	20.9
312	-1.017312	0.000000	0.159965	0.001585	21.0
313	-1.017405	0.000000	0.159965	0.001429	21.1
314	-1.017640	0.000000	0.159965	0.001432	21.0
315	-1.017576	0.000000	0.159965	0.001539	21.0
316	-1.017491	0.000000	0.159965	0.001517	21.0
317	-1.017690	0.000000	0.159965	0.001444	21.1
318	-1.018032	0.000000	0.159965	0.001528	20.9
319	-1.017227	0.000000	0.159965	0.001626	21.1
320	-1.017729	0.000000	0.159965	0.001591	21.0
321	-1.017215	0.000000	0.159965	0.001329	21.0
322	-1.018225	0.000000	0.159965	0.001343	21.0
323	-1.017050	0.000000	0.159965	0.001287	20.9
324	-1.017654	0.000000	0.159965	0.001365	20.9
325	-1.017452	0.000000	0.159965	0.001334	21.3
326	-1.017876	0.000000	0.159965	0.001591	21.1
327	-1.017715	0.000000	0.159965	0.001482	21.0
328	-1.017566	0.000000	0.159965	0.001469	20.9
329	-1.017714	0.000000	0.159965	0.001530	20.9
330	-1.017689	0.000000	0.159965	0.001494	20.9
331	-1.017903	0.000000	0.159965	0.001330	21.0
332	-1.017661	0.000000	0.159965	0.001593	21.0
333	-1.017350	0.000000	0.159965	0.001359	20.9
334	-1.017336	0.000000	0.159965	0.001360	21.0
335	-1.017341	0.000000	0.159965	0.001496	21.0
336	-1.017023	0.000000	0.159965	0.001399	21.0
337	-1.017602	0.000000	0.159965	0.001514	21.1
338	-1.017823	0.000000	0.159965	0.001416	21.0
339	-1.018120	0.000000	0.159965	0.001532	21.1
340	-1.017168	0.000000	0.159965	0.001701	21.1
341	-1.017366	0.000000	0.159965	0.001252	21.1
342	-1.017669	0.000000	0.159965	0.001648	21.0
343	-1.017459	0.000000	0.159965	0.001404	21.2
344	-1.017031	0.000000	0.159965	0.001503	21.0
345	-1.017121	0.000000	0.159965	0.001481	21.0
346	-1.017623	0.000000	0.159965	0.001395	21.1
347	-1.017582	0.000000	0.159965	0.001463	21.0
348	-1.017246	0.000000	0.159965	0.001614	21.0
349	-1.017778	0.000000	0.159965	0.001408	21.2
350	-1.018023	0.000000	0.159965	0.001570	21.1
351	-1.017286	0.000000	0.159965	0.001556	21.2
352	-1.017649	0.000000	0.159965	0.001461	20.9
353	-1.017304	0.000000	0.159965	0.001664	21.0
354	-1.017786	0.000000	0.159965	0.001735	20.9
355	-1.017103	0.000000	0.159965	0.001498	20.9
356	-1.017729	0.000000	0.159965	0.001348	21.0
357	-1.017217	0.000000	0.159965	0.001160	20.9
358	-1.017620	0.000000	0.159965	0.001491	20.9
359	-1.017581	0.000000	0.159965	0.001768	21.0
360	-1.017380	0.000000	0.159965	0.001476	20.9
361	-1.017687	0.000000	0.159965	0.001312	21.1
362	-1.017416	0.000000	0.159965	0.001430	21.2
363	-1.016810	0.000000	0.159965	0.001620	21.0
364	-1.017903	0.000000	0.159965	0.001314	21.1
365	-1.017510	0.000000	0.159965	0.001470	21.0
366	-1.018336	0.000000	0.159965	0.001461	21.1
367	-1.016552	0.000000	0.159965	0.001593	20.9
368	-1.017859	0.000000	0.159965	0.001437	20.9
369	-1.017380	0.000000	0.159965	0.001379	20.9
370	-1.017173	0.000000	0.159965	0.001566	21.0
371	-1.017135	0.000000	0.159965	0.001265	21.0
372	-1.017868	0.000000	0.159965	0.001772	21.0
373	-1.017890	0.000000	0.159965	0.001593	21.2
374	-1.017163	0.000000	0.159965	0.001406	21.2
375	-1.017062	0.000000	0.159965	0.001242	21.1
376	-1.017489	0.000000	0.159965	0.001438	21.0
377	-1.017869	0.000000	0.159965	0.001632	20.9
378	-1.017350	0.000000	0.159965	0.001717	21.1
379	-1.017539	0.000000	0.159965	0.001592	20.8
380	-1.017401	0.000000	0.159965	0.001880	21.1
381	-1.017625	0.000000	0.159965	0.001355	21.1
382	-1.017611	0.000000	0.159965	0.001614	21.0
383	-1.018014	0.000000	0.159965	0.001620	21.1
384	-1.017316	0.000000	0.159965	0.001686	21.0
385	-1.017035	0.000000	0.159965	0.001485	21.2
386	-1.017368	0.000000	0.159965	0.001504	20.9
387	-1.017213	0.000000	0.159965	0.001408	21.0
388	-1.016819	0.000000	0.159965	0.001764	21.0
389	-1.017971	0.000000	0.159965	0.001315	21.2
390	-1.017231	0.000000	0.159965	0.001569	20.9
391	-1.018106	0.000000	0.159965	0.001447	21.2
392	-1.017565	0.000000	0.159965	0.001665	21.0
393	-1.017545	0.000000	0.159965	0.001553	21.0
394	-1.016794	0.000000	0.159965	0.001527	21.0
395	-1.017143	0.000000	0.159965	0.001449	21.1
396	-1.017510	0.000000	0.159965	0.001537	21.2
397	-1.017865	0.000000	0.159965	0.001638	21.2
398	-1.016908	0.000000	0.159965	0.001393	21.1
399	-1.017493	0.000000	0.159965	0.001602	21.1
400	-1.017185	0.000000	0.159965	0.001462	21.0
401	-1.017226	0.000000	0.159965	0.001191	21.1
402	-1.016361	0.000000	0.159965	0.001353	21.0
403	-1.017687	0.000000	0.159965	0.001366	21.0
404	-1.017686	0.000000	0.159965	0.001670	20.9
405	-1.017434	0.000000	0.159965	0.001577	21.0
406	-1.017211	0.000000	0.159965	0.001626	21.0
407	-1.017419	0.000000	0.159965	0.001438	20.9
408	-1.017750	0.000000	0.159965	0.001520	21.0
409	-1.017739	0.000000	0.159965	0.001763	21.1
410	-1.017333	0.000000	0.159965	0.001502	21.1
411	-1.017966	0.000000	0.159965	0.001519	21.0
412	-1.017284	0.000000	0.159965	0.001487	21.0
413	-1.017927	0.000000	0.159965	0.001614	21.0
414	-1.017257	0.000000	0.159965	0.001681	21.1
415	-1.017341	0.000000	0.159965	0.001470	21.0
416	-1.017381	0.000000	0.159965	0.001378	21.1
417	-1.017495	0.000000	0.159965	0.001468	21.0
418	-1.017888	0.000000	0.159965	0.001694	21.0
419	-1.016847	0.000000	0.159965	0.001554	21.1
420	-1.017765	0.000000	0.159965	0.001557	21.0
421	-1.017490	0.000000	0.159965	0.001528	21.3
422	-1.017441	0.000000	0.159965	0.001959	21.0
423	-1.017342	0.000000	0.159965	0.001346	21.0
424	-1.017389	0.000000	0.159965	0.001458	21.0
425	-1.017642	0.000000	0.159965	0.001627	21.0
426	-1.017481	0.000000	0.159965	0.001397	21.0
427	-1.017219	0.000000	0.159965	0.001672	21.0
428	-1.017597	0.000000	0.159965	0.001336	20.9
429	-1.017381	0.000000	0.159965	0.001339	20.9
430	-1.017485	0.000000	0.159965	0.001719	21.0
431	-1.017359	0.000000	0.159965	0.001465	20.9
432	-1.017655	0.000000	0.159965	0.001308	20.9
433	-1.018117	0.000000	0.159965	0.001440	21.0
434	-1.017747	0.000000	0.159965	0.001466	21.0
435	-1.017517	0.000000	0.159965	0.001324	21.0
436	-1.017442	0.000000	0.159965	0.001443	20.9
437	-1.017513	0.000000	0.159965	0.001503	21.0
438	-1.017248	0.000000	0.159965	0.001495	21.2
439	-1.017450	0.000000	0.159965	0.001634	21.1
440	-1.016960	0.000000	0.159965	0.001226	21.3
441	-1.017737	0.000000	0.159965	0.001371	21.4
442	-1.017905	0.000000	0.159965	0.001612	20.9
443	-1.018367	0.000000	0.159965	0.001378	21.0
444	-1.017337	0.000000	0.159965	0.001554	21.4
445	-1.017642	0.000000	0.159965	0.001405	21.2
446	-1.017548	0.000000	0.159965	0.001603	21.0
447	-1.017689	0.000000	0.159965	0.001383	21.1
448	-1.018139	0.000000	0.159965	0.001639	21.0
449	-1.017353	0.000000	0.159965	0.001599	21.0
450	-1.017624	0.000000	0.159965	0.001373	20.9
451	-1.017499	0.000000	0.159965	0.001491	21.3
452	-1.016907	0.000000	0.159965	0.001365	21.3
453	-1.017263	0.000000	0.159965	0.001717	21.1
454	-1.017268	0.000000	0.159965	0.001436	21.0
455	-1.018029	0.000000	0.159965	0.001567	20.9
456	-1.017328	0.000000	0.159965	0.001529	21.0
457	-1.017482	0.000000	0.159965	0.001169	21.2
458	-1.017972	0.000000	0.159965	0.001443	21.0
459	-1.017536	0.000000	0.159965	0.001618	21.1
460	-1.017486	0.000000	0.159965	0.001455	21.2
461	-1.017077	0.000000	0.159965	0.001647	21.0
462	-1.017327	0.000000	0.159965	0.001336	21.0
463	-1.017429	0.000000	0.159965	0.001629	21.0
464	-1.017221	0.000000	0.159965	0.001634	21.1
465	-1.017815	0.000000	0.159965	0.001728	21.3
466	-1.017778	0.000000	0.159965	0.001378	21.0
467	-1.017173	0.000000	0.159965	0.001477	21.0
468	-1.017946	0.000000	0.159965	0.001376	21.2
469	-1.017603	0.000000	0.159965	0.001481	21.1
470	-1.017475	0.000000	0.159965	0.001416	20.9
471	-1.017339	0.000000	0.159965	0.001619	20.9
472	-1.017583	0.000000	0.159965	0.001548	20.9
473	-1.017279	0.000000	0.159965	0.001406	21.0
474	-1.017278	0.000000	0.159965	0.001504	20.9
475	-1.017324	0.000000	0.159965	0.001410	20.9
476	-1.017501	0.000000	0.159965	0.001208	21.0
477	-1.017596	0.000000	0.159965	0.001532	21.2
478	-1.017934	0.000000	0.159965	0.001441	21.1
479	-1.017134	0.000000	0.159965	0.001650	21.0
480	-1.017493	0.000000	0.159965	0.001495	20.9
481	-1.017911	0.000000	0.159965	0.001542	21.3
482	-1.017508	0.000000	0.159965	0.001338	20.9
483	-1.018018	0.000000	0.159965	0.001528	21.1
484	-1.016970	0.000000	0.159965	0.001105	21.1
485	-1.017844	0.000000	0.159965	0.001573	21.0
486	-1.017915	0.000000	0.159965	0.001800	21.1
487	-1.017306	0.000000	0.159965	0.001458	21.2
488	-1.017556	0.000000	0.159965	0.001567	21.4
489	-1.017451	0.000000	0.159965	0.001364	21.5
490	-1.018078	0.000000	0.159965	0.001569	21.1
491	-1.016969	0.000000	0.159965	0.001366	21.0
492	-1.017410	0.000000	0.159965	0.001597	21.1
493	-1.017645	0.000000	0.159965	0.001532	21.2
494	-1.017349	0.000000	0.159965	0.001568	21.0
495	-1.017134	0.000000	0.159965	0.001336	21.0
496	-1.017881	0.000000	0.159965	0.001281	44.7
497	-1.017866	0.000000	0.159965	0.001390	23.5
498	-1.017247	0.000000	0.159965	0.001604	21.0
499	-1.017624	0.000000	0.159965	0.001478	21.0
500	-1.017489	0.000000	0.159965	0.001508	21.0
501	-1.017387	0.000000	0.159965	0.001761	21.1
502	-1.018056	0.000000	0.159965	0.001457	20.9
503	-1.017611	0.000000	0.159965	0.001433	21.0
504	-1.017967	0.000000	0.159965	0.001328	21.1
505	-1.017983	0.000000	0.159965	0.001603	20.9
506	-1.017464	0.000000	0.159965	0.001419	21.0
507	-1.017210	0.000000	0.159965	0.001381	21.0
508	-1.017601	0.000000	0.159965	0.001554	20.9
509	-1.017266	0.000000	0.159965	0.001305	21.0
510	-1.018041	0.000000	0.159965	0.001624	21.0
511	-1.017774	0.000000	0.159965	0.001423	21.1
512	-1.017580	0.000000	0.159965	0.001535	20.9
513	-1.018088	0.000000	0.159965	0.001550	21.1
514	-1.017113	0.000000	0.159965	0.001370	21.0
515	-1.017858	0.000000	0.159965	0.001815	21.0
516	-1.018069	0.000000	0.159965	0.001361	21.2
517	-1.016956	0.000000	0.159965	0.001455	21.0
518	-1.017429	0.000000	0.159965	0.001453	20.9
519	-1.017834	0.000000	0.159965	0.001638	21.4
520	-1.017585	0.000000	0.159965	0.001721	21.1
521	-1.017264	0.000000	0.159965	0.001283	21.0
522	-1.017955	0.000000	0.159965	0.001607	21.0
523	-1.017624	0.000000	0.159965	0.001482	21.0
524	-1.017457	0.000000	0.159965	0.001585	21.1
525	-1.017356	0.000000	0.159965	0.001414	21.1
526	-1.017932	0.000000	0.159965	0.001730	21.0
527	-1.017726	0.000000	0.159965	0.001598	21.0
528	-1.017479	0.000000	0.159965	0.001344	21.1
529	-1.017714	0.000000	0.159965	0.001612	21.1
530	-1.017515	0.000000	0.159965	0.001552	21.2
531	-1.017992	0.000000	0.159965	0.001554	20.9
532	-1.018102	0.000000	0.159965	0.001498	21.2
533	-1.018100	0.000000	0.159965	0.001342	21.1
534	-1.017716	0.000000	0.159965	0.001611	21.1
535	-1.017692	0.000000	0.159965	0.001360	21.0
536	-1.017033	0.000000	0.159965	0.001714	21.0
537	-1.017774	0.000000	0.159965	0.001412	21.1
538	-1.017962	0.000000	0.159965	0.001648	21.0
539	-1.017412	0.000000	0.159965	0.001389	21.0
540	-1.017532	0.000000	0.159965	0.001406	21.5
541	-1.017727	0.000000	0.159965	0.001518	21.0
542	-1.017507	0.000000	0.159965	0.001344	20.9
543	-1.017258	0.000000	0.159965	0.001433	21.1
544	-1.017313	0.000000	0.159965	0.001279	21.0
545	-1.017181	0.000000	0.159965	0.001574	21.0
546	-1.017084	0.000000	0.159965	0.001423	20.9
547	-1.017362	0.000000	0.159965	0.001422	20.9
548	-1.017161	0.000000	0.159965	0.001339	21.0
549	-1.017650	0.000000	0.159965	0.001481	21.0
550	-1.018156	0.000000	0.159965	0.001579	21.0
551	-1.018018	0.000000	0.159965	0.001715	21.0
552	-1.017445	0.000000	0.159965	0.001157	21.2
553	-1.017147	0.000000	0.159965	0.001446	21.0
554	-1.018382	0.000000	0.159965	0.001478	20.9
555	-1.017687	0.000000	0.159965	0.001475	21.2
556	-1.018008	0.000000	0.159965	0.001528	21.0
557	-1.018146	0.000000	0.159965	0.001724	21.0
558	-1.017183	0.000000	0.159965	0.001460	21.0
559	-1.018179	0.000000	0.159965	0.001339	21.0
560	-1.017616	0.000000	0.159965	0.001437	21.0
561	-1.017965	0.000000	0.159965	0.001562	21.1
562	-1.018149	0.000000	0.159965	0.001282	21.1
563	-1.017667	0.000000	0.159965	0.001569	20.9
564	-1.017248	0.000000	0.159965	0.001631	21.2
565	-1.017685	0.000000	0.159965	0.001203	20.9
566	-1.017348	0.000000	0.159965	0.001646	21.0
567	-1.018208	0.000000	0.159965	0.001504	21.0
568	-1.017581	0.000000	0.159965	0.001589	21.0
569	-1.017509	0.000000	0.159965	0.001451	21.1
570	-1.017406	0.000000	0.159965	0.001437	20.9
571	-1.017474	0.000000	0.159965	0.001587	21.1
572	-1.017802	0.000000	0.159965	0.001193	21.0
573	-1.017901	0.000000	0.159965	0.001613	21.0
574	-1.017518	0.000000	0.159965	0.001550	21.1
575	-1.018140	0.000000	0.159965	0.001468	20.9
576	-1.017120	0.000000	0.159965	0.001532	21.2
577	-1.017853	0.000000	0.159965	0.001363	21.0
578	-1.017731	0.000000	0.159965	0.001517	21.0
579	-1.017748	0.000000	0.159965	0.001323	21.2
580	-1.017762	0.000000	0.159965	0.001489	21.1
581	-1.017887	0.000000	0.159965	0.001410	21.1
582	-1.018051	0.000000	0.159965	0.001501	21.0
583	-1.017131	0.000000	0.159965	0.001223	20.9
584	-1.017754	0.000000	0.159965	0.001508	21.0
585	-1.017726	0.000000	0.159965	0.001546	21.0
586	-1.016934	0.000000	0.159965	0.001412	21.0
587	-1.017000	0.000000	0.159965	0.001349	20.9
588	-1.017456	0.000000	0.159965	0.001056	21.2
589	-1.017462	0.000000	0.159965	0.001564	20.9
590	-1.017169	0.000000	0.159965	0.001635	21.1
591	-1.017450	0.000000	0.159965	0.001492	20.9
592	-1.017552	0.000000	0.159965	0.001443	21.0
593	-1.017060	0.000000	0.159965	0.001276	21.0
594	-1.017361	0.000000	0.159965	0.001313	20.9
595	-1.018181	0.000000	0.159965	0.001861	21.0
596	-1.017495	0.000000	0.159965	0.001507	20.9
597	-1.017391	0.000000	0.159965	0.001463	20.9
598	-1.017082	0.000000	0.159965	0.001710	20.9
599	-1.017431	0.000000	0.159965	0.001696	20.9
600	-1.017547	0.000000	0.159965	0.001602	21.1
601	-1.017386	0.000000	0.159965	0.001234	21.1
602	-1.017102	0.000000	0.159965	0.001473	21.1
603	-1.017823	0.000000	0.159965	0.001315	21.0
604	-1.017305	0.000000	0.159965	0.001248	20.9
605	-1.017825	0.000000	0.159965	0.001330	21.0
606	-1.017296	0.000000	0.159965	0.001355	20.9
607	-1.017608	0.000000	0.159965	0.001525	20.9
608	-1.017408	0.000000	0.159965	0.001486	20.9
609	-1.018063	0.000000	0.159965	0.001473	21.1
610	-1.016987	0.000000	0.159965	0.001449	21.0
611	-1.017456	0.000000	0.159965	0.001565	21.0
612	-1.017365	0.000000	0.159965	0.001443	21.2
613	-1.017709	0.000000	0.159965	0.001200	21.0
614	-1.017811	0.000000	0.159965	0.001602	21.0
615	-1.017742	0.000000	0.159965	0.001496	20.9
616	-1.017670	0.000000	0.159965	0.001678	21.0
617	-1.017129	0.000000	0.159965	0.001315	20.9
618	-1.018472	0.000000	0.159965	0.001482	21.0
619	-1.017377	0.000000	0.159965	0.001673	21.1
620	-1.017853	0.000000	0.159965	0.001727	20.9
621	-1.017436	0.000000	0.159965	0.001585	21.0
622	-1.017315	0.000000	0.159965	0.001404	20.9
623	-1.017383	0.000000	0.159965	0.001470	21.0
624	-1.017774	0.000000	0.159965	0.001704	21.2
625	-1.017477	0.000000	0.159965	0.001405	21.0
626	-1.017536	0.000000	0.159965	0.001487	20.9
627	-1.017496	0.000000	0.159965	0.001538	21.0
628	-1.017598	0.000000	0.159965	0.001614	21.1
629	-1.017187	0.000000	0.159965	0.001460	21.0
630	-1.017866	0.000000	0.159965	0.001406	21.1
631	-1.017392	0.000000	0.159965	0.001494	21.1
632	-1.017488	0.000000	0.159965	0.001395	20.9
633	-1.017114	0.000000	0.159965	0.001512	21.1
634	-1.017825	0.000000	0.159965	0.001489	21.0
635	-1.017568	0.000000	0.159965	0.001337	21.1
636	-1.017017	0.000000	0.159965	0.001370	21.3
637	-1.017121	0.000000	0.159965	0.001534	21.0
638	-1.017599	0.000000	0.159965	0.001544	21.0
639	-1.017994	0.000000	0.159965	0.001137	21.0
640	-1.017654	0.000000	0.159965	0.001691	21.2
641	-1.018334	0.000000	0.159965	0.001614	21.0
642	-1.017733	0.000000	0.159965	0.001448	21.0
643	-1.017282	0.000000	0.159965	0.001611	21.0
644	-1.017109	0.000000	0.159965	0.001387	20.9
645	-1.017365	0.000000	0.159965	0.001447	20.9
646	-1.016848	0.000000	0.159965	0.001321	21.0
647	-1.017683	0.000000	0.159965	0.001649	21.0
648	-1.017204	0.000000	0.159965	0.001619	21.1
649	-1.017015	0.000000	0.159965	0.001343	21.1
650	-1.017587	0.000000	0.159965	0.001597	21.1
651	-1.017480	0.000000	0.159965	0.001636	20.9
652	-1.017779	0.000000	0.159965	0.001305	22.9
653	-1.017561	0.000000	0.159965	0.001720	23.3
654	-1.017258	0.000000	0.159965	0.001795	22.2
655	-1.017948	0.000000	0.159965	0.001528	21.1
656	-1.017468	0.000000	0.159965	0.001400	21.0
657	-1.017993	0.000000	0.159965	0.001572	21.1
658	-1.017258	0.000000	0.159965	0.001321	21.1
659	-1.017869	0.000000	0.159965	0.001585	21.0
660	-1.017737	0.000000	0.159965	0.001530	21.1
661	-1.017257	0.000000	0.159965	0.001548	21.0
662	-1.017714	0.000000	0.159965	0.001420	20.9
663	-1.017883	0.000000	0.159965	0.001729	21.0
664	-1.017028	0.000000	0.159965	0.001385	21.0
665	-1.017063	0.000000	0.159965	0.001327	20.9
666	-1.017809	0.000000	0.159965	0.001399	21.1
667	-1.017734	0.000000	0.159965	0.001408	21.0
668	-1.017254	0.000000	0.159965	0.001581	21.1
669	-1.017854	0.000000	0.159965	0.001319	21.0
670	-1.017457	0.000000	0.159965	0.001232	20.9
671	-1.017408	0.000000	0.159965	0.001345	21.1
672	-1.017396	0.000000	0.159965	0.001736	21.4
673	-1.017664	0.000000	0.159965	0.001552	21.3
674	-1.018196	0.000000	0.159965	0.001530	21.2
675	-1.017593	0.000000	0.159965	0.001684	21.2
676	-1.018174	0.000000	0.159965	0.001471	21.3
677	-1.016582	0.000000	0.159965	0.001258	21.1
678	-1.017092	0.000000	0.159965	0.001730	21.3
679	-1.017742	0.000000	0.159965	0.001643	20.9
680	-1.018104	0.000000	0.159965	0.001511	21.1
681	-1.017040	0.000000	0.159965	0.001469	21.0
682	-1.017127	0.000000	0.159965	0.001407	21.1
683	-1.017482	0.000000	0.159965	0.001697	20.9
684	-1.017351	0.000000	0.159965	0.001562	21.2
685	-1.017510	0.000000	0.159965	0.001181	21.1
686	-1.017196	0.000000	0.159965	0.001582	21.0
687	-1.017493	0.000000	0.159965	0.001766	21.0
688	-1.016930	0.000000	0.159965	0.001513	21.1
689	-1.017620	0.000000	0.159965	0.001458	21.0
690	-1.017412	0.000000	0.159965	0.001262	21.2
691	-1.017453	0.000000	0.159965	0.001647	21.0
692	-1.017407	0.000000	0.159965	0.001588	21.0
693	-1.018195	0.000000	0.159965	0.001498	20.9
694	-1.017042	0.000000	0.159965	0.001530	21.0
695	-1.017272	0.000000	0.159965	0.001481	21.1
696	-1.017355	0.000000	0.159965	0.001337	21.1
697	-1.017916	0.000000	0.159965	0.001691	21.1
698	-1.017132	0.000000	0.159965	0.001851	21.0
699	-1.017423	0.000000	0.159965	0.001325	20.9
700	-1.017251	0.000000	0.159965	0.001743	21.0
701	-1.016697	0.000000	0.159965	0.001370	21.0
702	-1.017034	0.000000	0.159965	0.001632	20.9
703	-1.017801	0.000000	0.159965	0.001297	20.9
704	-1.017965	0.000000	0.159965	0.001587	21.1
705	-1.017550	0.000000	0.159965	0.001713	21.0
706	-1.017801	0.000000	0.159965	0.001646	20.9
707	-1.017374	0.000000	0.159965	0.001233	21.0
708	-1.018033	0.000000	0.159965	0.001181	21.1
709	-1.017619	0.000000	0.159965	0.001512	21.1
710	-1.018016	0.000000	0.159965	0.002024	21.0
711	-1.018067	0.000000	0.159965	0.001486	21.0
712	-1.017300	0.000000	0.159965	0.001511	20.9
713	-1.017036	0.000000	0.159965	0.001089	21.1
714	-1.016809	0.000000	0.159965	0.001636	21.1
715	-1.017908	0.000000	0.159965	0.001531	20.9
716	-1.017891	0.000000	0.159965	0.001184	21.0
717	-1.017338	0.000000	0.159965	0.001544	21.2
718	-1.017778	0.000000	0.159965	0.001443	20.9
719	-1.017850	0.000000	0.159965	0.001558	21.1
720	-1.017976	0.000000	0.159965	0.001446	21.1
721	-1.017133	0.000000	0.159965	0.001492	21.2
722	-1.017732	0.000000	0.159965	0.001394	21.0
723	-1.017286	0.000000	0.159965	0.001186	21.1
724	-1.017645	0.000000	0.159965	0.001224	21.0
725	-1.017521	0.000000	0.159965	0.001415	21.2
726	-1.017546	0.000000	0.159965	0.001465	21.2
727	-1.018207	0.000000	0.159965	0.001584	21.0
728	-1.017834	0.000000	0.159965	0.001672	21.1
729	-1.017715	0.000000	0.159965	0.001632	21.2
730	-1.017711	0.000000	0.159965	0.001312	21.0
731	-1.017740	0.000000	0.159965	0.001465	21.2
732	-1.017284	0.000000	0.159965	0.001605	21.1
733	-1.016950	0.000000	0.159965	0.001872	21.1
734	-1.017674	0.000000	0.159965	0.001414	20.9
735	-1.017294	0.000000	0.159965	0.001420	21.2
736	-1.017292	0.000000	0.159965	0.001464	21.0
737	-1.018313	0.000000	0.159965	0.001568	21.0
738	-1.017557	0.000000	0.159965	0.001559	20.9
739	-1.017419	0.000000	0.159965	0.001628	21.0
740	-1.017629	0.000000	0.159965	0.001523	21.1
741	-1.017174	0.000000	0.159965	0.001388	21.0
742	-1.016764	0.000000	0.159965	0.001380	21.0
743	-1.017592	0.000000	0.159965	0.001678	20.9
744	-1.017199	0.000000	0.159965	0.001540	21.4
745	-1.017182	0.000000	0.159965	0.001431	21.2
746	-1.018369	0.000000	0.159965	0.001418	20.9
747	-1.017768	0.000000	0.159965	0.001547	21.0
748	-1.017007	0.000000	0.159965	0.001366	21.0
749	-1.017426	0.000000	0.159965	0.001494	21.1
750	-1.018004	0.000000	0.159965	0.001629	21.0
751	-1.017473	0.000000	0.159965	0.001551	21.0
752	-1.017541	0.000000	0.159965	0.001595	21.2
753	-1.017342	0.000000	0.159965	0.001428	21.0
754	-1.017118	0.000000	0.159965	0.001364	21.1
755	-1.017360	0.000000	0.159965	0.001506	21.0
756	-1.017702	0.000000	0.159965	0.001487	21.2
757	-1.017445	0.000000	0.159965	0.001552	21.0
758	-1.017518	0.000000	0.159965	0.001527	21.1
759	-1.017853	0.000000	0.159965	0.001459	21.0
760	-1.017880	0.000000	0.159965	0.001307	20.9
761	-1.017433	0.000000	0.159965	0.001588	21.3
762	-1.017723	0.000000	0.159965	0.001346	21.2
763	-1.018032	0.000000	0.159965	0.001581	21.0
764	-1.017155	0.000000	0.159965	0.001928	21.0
765	-1.018004	0.000000	0.159965	0.001511	20.9
766	-1.017663	0.000000	0.159965	0.001465	21.1
767	-1.017471	0.000000	0.159965	0.001336	20.9
768	-1.017825	0.000000	0.159965	0.001325	21.1
769	-1.017586	0.000000	0.159965	0.001375	21.2
770	-1.018092	0.000000	0.159965	0.001434	21.1
771	-1.017052	0.000000	0.159965	0.001633	21.1
772	-1.017841	0.000000	0.159965	0.001298	21.0
773	-1.017817	0.000000	0.159965	0.001437	21.1
774	-1.016710	0.000000	0.159965	0.001562	21.0
775	-1.017522	0.000000	0.159965	0.001437	21.0
776	-1.017376	0.000000	0.159965	0.001806	21.0
777	-1.017412	0.000000	0.159965	0.001426	21.1
778	-1.017799	0.000000	0.159965	0.001597	20.9
779	-1.017616	0.000000	0.159965	0.001066	21.0
780	-1.017481	0.000000	0.159965	0.001539	21.3
781	-1.017905	0.000000	0.159965	0.001579	21.0
782	-1.017580	0.000000	0.159965	0.001295	21.0
783	-1.017430	0.000000	0.159965	0.001446	21.0
784	-1.017591	0.000000	0.159965	0.001606	20.9
785	-1.016862	0.000000	0.159965	0.001511	21.0
786	-1.017356	0.000000	0.159965	0.001460	21.1
787	-1.017654	0.000000	0.159965	0.001715	20.9
788	-1.018014	0.000000	0.159965	0.001378	20.9
789	-1.017055	0.000000	0.159965	0.001413	21.1
790	-1.017300	0.000000	0.159965	0.001338	21.1
791	-1.018016	0.000000	0.159965	0.001413	21.0
792	-1.017786	0.000000	0.159965	0.001262	21.2
793	-1.017262	0.000000	0.159965	0.001556	21.0
794	-1.017176	0.000000	0.159965	0.001549	20.9
795	-1.017124	0.000000	0.159965	0.001357	20.9
796	-1.017799	0.000000	0.159965	0.001747	20.9
797	-1.017285	0.000000	0.159965	0.001385	21.0
798	-1.017035	0.000000	0.159965	0.001281	21.0
799	-1.017462	0.000000	0.159965	0.001335	21.1
800	-1.018053	0.000000	0.159965	0.001509	21.0
801	-1.017255	0.000000	0.159965	0.001527	20.9
802	-1.017090	0.000000	0.159965	0.001225	21.0
803	-1.017661	0.000000	0.159965	0.001655	21.1
804	-1.017696	0.000000	0.159965	0.001322	21.3
805	-1.017575	0.000000	0.159965	0.001367	21.0
806	-1.017700	0.000000	0.159965	0.001534	21.0
807	-1.017649	0.000000	0.159965	0.001625	21.0
808	-1.017322	0.000000	0.159965	0.001710	21.0
809	-1.016780	0.000000	0.159965	0.001639	21.0
810	-1.017875	0.000000	0.159965	0.001312	21.1
811	-1.016924	0.000000	0.159965	0.001567	21.0
812	-1.017508	0.000000	0.159965	0.001389	20.9
813	-1.017334	0.000000	0.159965	0.001141	21.1
814	-1.017697	0.000000	0.159965	0.001609	21.1
815	-1.017167	0.000000	0.159965	0.001342	21.2
816	-1.017402	0.000000	0.159965	0.001512	21.5
817	-1.017579	0.000000	0.159965	0.001505	20.9
818	-1.017880	0.000000	0.159965	0.001530	21.2
819	-1.017146	0.000000	0.159965	0.001184	21.0
820	-1.017413	0.000000	0.159965	0.001506	21.1
821	-1.017625	0.000000	0.159965	0.001541	21.0
822	-1.017169	0.000000	0.159965	0.001453	21.1
823	-1.017983	0.000000	0.159965	0.001417	21.1
824	-1.016962	0.000000	0.159965	0.001616	21.0
825	-1.017572	0.000000	0.159965	0.001294	21.1
826	-1.017552	0.000000	0.159965	0.001633	20.9
827	-1.017567	0.000000	0.159965	0.001380	21.1
828	-1.017612	0.000000	0.159965	0.001447	21.3
829	-1.018433	0.000000	0.159965	0.001355	21.0
830	-1.017101	0.000000	0.159965	0.001682	21.0
831	-1.017444	0.000000	0.159965	0.001455	21.0
832	-1.017575	0.000000	0.159965	0.001448	21.0
833	-1.017631	0.000000	0.159965	0.001342	20.9
834	-1.017340	0.000000	0.159965	0.001784	21.0
835	-1.017730	0.000000	0.159965	0.001403	21.0
836	-1.017735	0.000000	0.159965	0.001489	20.9
837	-1.017750	0.000000	0.159965	0.001818	21.2
838	-1.017185	0.000000	0.159965	0.001491	21.2
839	-1.017905	0.000000	0.159965	0.001575	21.1
840	-1.017492	0.000000	0.159965	0.001531	21.3
841	-1.017367	0.000000	0.159965	0.001368	21.0
842	-1.017197	0.000000	0.159965	0.001384	21.1
843	-1.017398	0.000000	0.159965	0.001486	20.9
844	-1.017844	0.000000	0.159965	0.001377	21.0
845	-1.017407	0.000000	0.159965	0.001735	21.0
846	-1.017561	0.000000	0.159965	0.001618	20.9
847	-1.017272	0.000000	0.159965	0.001577	21.1
848	-1.017537	0.000000	0.159965	0.001508	21.0
849	-1.017918	0.000000	0.159965	0.001601	20.9
850	-1.017746	0.000000	0.159965	0.001409	20.9
851	-1.018121	0.000000	0.159965	0.001511	20.9
852	-1.018082	0.000000	0.159965	0.001542	21.4
853	-1.017652	0.000000	0.159965	0.001339	21.2
854	-1.017405	0.000000	0.159965	0.001618	20.9
855	-1.018604	0.000000	0.159965	0.001613	21.0
856	-1.017363	0.000000	0.159965	0.001428	21.1
857	-1.017329	0.000000	0.159965	0.001358	21.0
858	-1.017683	0.000000	0.159965	0.001590	21.1
859	-1.017277	0.000000	0.159965	0.001400	21.1
860	-1.017442	0.000000	0.159965	0.001660	21.0
861	-1.017188	0.000000	0.159965	0.001422	21.0
862	-1.017406	0.000000	0.159965	0.001461	21.0
863	-1.017938	0.000000	0.159965	0.001365	21.2
864	-1.016855	0.000000	0.159965	0.001492	21.2
865	-1.017297	0.000000	0.159965	0.001384	21.2
866	-1.016833	0.000000	0.159965	0.001362	21.1
867	-1.018042	0.000000	0.159965	0.001430	21.2
868	-1.017823	0.000000	0.159965	0.001508	21.1
869	-1.017544	0.000000	0.159965	0.001355	21.0
870	-1.017317	0.000000	0.159965	0.001353	21.0
871	-1.017323	0.000000	0.159965	0.001217	21.1
872	-1.017659	0.000000	0.159965	0.001441	21.1
873	-1.017666	0.000000	0.159965	0.001447	21.0
874	-1.017144	0.000000	0.159965	0.001607	21.1
875	-1.018264	0.000000	0.159965	0.001484	21.2
876	-1.017757	0.000000	0.159965	0.001320	21.3
877	-1.017684	0.000000	0.159965	0.001592	21.1
878	-1.017680	0.000000	0.159965	0.001323	21.0
879	-1.017680	0.000000	0.159965	0.001617	21.0
880	-1.017717	0.000000	0.159965	0.001355	21.1
881	-1.018043	0.000000	0.159965	0.001363	20.9
882	-1.017870	0.000000	0.159965	0.001421	21.0
883	-1.017569	0.000000	0.159965	0.001513	20.9
884	-1.017690	0.000000	0.159965	0.001481	21.0
885	-1.017841	0.000000	0.159965	0.001378	21.0
886	-1.017290	0.000000	0.159965	0.001219	20.9
887	-1.017469	0.000000	0.159965	0.001185	21.2
888	-1.017054	0.000000	0.159965	0.001633	21.1
889	-1.017370	0.000000	0.159965	0.001277	21.0
890	-1.017908	0.000000	0.159965	0.001470	21.0
891	-1.017491	0.000000	0.159965	0.001379	21.0
892	-1.017968	0.000000	0.159965	0.001330	21.0
893	-1.017993	0.000000	0.159965	0.001400	20.9
894	-1.016881	0.000000	0.159965	0.001832	21.1
895	-1.017536	0.000000	0.159965	0.001545	21.0
896	-1.016795	0.000000	0.159965	0.001498	21.0
897	-1.018013	0.000000	0.159965	0.001329	21.0
898	-1.017997	0.000000	0.159965	0.001493	21.0
899	-1.017612	0.000000	0.159965	0.001674	20.9
900	-1.017198	0.000000	0.159965	0.001291	21.2
901	-1.017940	0.000000	0.159965	0.001489	21.0
902	-1.017965	0.000000	0.159965	0.001710	21.0
903	-1.017823	0.000000	0.159965	0.001699	21.0
904	-1.017249	0.000000	0.159965	0.001373	21.2
905	-1.017821	0.000000	0.159965	0.001710	21.0
906	-1.018681	0.000000	0.159965	0.001492	21.0
907	-1.017449	0.000000	0.159965	0.001536	21.0
908	-1.017691	0.000000	0.159965	0.001643	21.0
909	-1.018344	0.000000	0.159965	0.001309	20.9
910	-1.017650	0.000000	0.159965	0.001696	21.1
911	-1.017614	0.000000	0.159965	0.001631	21.2
912	-1.017289	0.000000	0.159965	0.001442	21.1
913	-1.017628	0.000000	0.159965	0.001374	21.3
914	-1.017468	0.000000	0.159965	0.001356	21.0
915	-1.017951	0.000000	0.159965	0.001564	21.1
916	-1.018445	0.000000	0.159965	0.001473	21.0
917	-1.017380	0.000000	0.159965	0.001473	21.0
918	-1.017469	0.000000	0.159965	0.001400	21.0
919	-1.017462	0.000000	0.159965	0.001496	21.1
920	-1.017656	0.000000	0.159965	0.001788	20.9
921	-1.017184	0.000000	0.159965	0.001332	20.9
922	-1.017720	0.000000	0.159965	0.001623	20.9
923	-1.017362	0.000000	0.159965	0.001554	20.9
924	-1.017477	0.000000	0.159965	0.001641	21.2
925	-1.017773	0.000000	0.159965	0.001551	21.1
926	-1.017366	0.000000	0.159965	0.001448	20.9
927	-1.016993	0.000000	0.159965	0.001428	21.0
928	-1.018486	0.000000	0.159965	0.001452	20.9
929	-1.017605	0.000000	0.159965	0.001432	21.0
930	-1.018335	0.000000	0.159965	0.001378	21.1
931	-1.017668	0.000000	0.159965	0.001261	20.9
932	-1.017031	0.000000	0.159965	0.001422	21.1
933	-1.017117	0.000000	0.159965	0.001570	21.0
934	-1.017300	0.000000	0.159965	0.001514	21.0
935	-1.018326	0.000000	0.159965	0.001811	21.0
936	-1.017384	0.000000	0.159965	0.001444	21.0
937	-1.017623	0.000000	0.159965	0.001371	21.1
938	-1.017252	0.000000	0.159965	0.001417	20.9
939	-1.017327	0.000000	0.159965	0.001461	20.9
940	-1.017396	0.000000	0.159965	0.001468	20.9
941	-1.016536	0.000000	0.159965	0.001287	21.0
942	-1.017825	0.000000	0.159965	0.001883	21.0
943	-1.017879	0.000000	0.159965	0.001452	20.9
944	-1.017224	0.000000	0.159965	0.001598	21.0
945	-1.017484	0.000000	0.159965	0.001609	21.2
946	-1.017300	0.000000	0.159965	0.001514	21.0
947	-1.017645	0.000000	0.159965	0.001346	20.9
948	-1.017928	0.000000	0.159965	0.001534	21.2
949	-1.018663	0.000000	0.159965	0.001538	21.1
950	-1.017598	0.000000	0.159965	0.001513	20.9
951	-1.017461	0.000000	0.159965	0.001573	21.0
952	-1.017760	0.000000	0.159965	0.001270	21.0
953	-1.017615	0.000000	0.159965	0.001648	21.1
954	-1.017697	0.000000	0.159965	0.001373	21.0
955	-1.017701	0.000000	0.159965	0.001365	21.0
956	-1.017206	0.000000	0.159965	0.001460	21.0
957	-1.017763	0.000000	0.159965	0.001397	20.9
958	-1.017792	0.000000	0.159965	0.001740	21.2
959	-1.017979	0.000000	0.159965	0.001638	21.1
960	-1.017803	0.000000	0.159965	0.001317	21.2
961	-1.017719	0.000000	0.159965	0.001661	21.0
962	-1.017333	0.000000	0.159965	0.001427	21.1
963	-1.017848	0.000000	0.159965	0.001494	21.0
964	-1.017561	0.000000	0.159965	0.001616	21.0
965	-1.017926	0.000000	0.159965	0.001771	21.2
966	-1.017253	0.000000	0.159965	0.001453	20.9
967	-1.017177	0.000000	0.159965	0.001245	21.0
968	-1.017520	0.000000	0.159965	0.001411	21.0
969	-1.017578	0.000000	0.159965	0.001566	21.0
970	-1.017858	0.000000	0.159965	0.001637	21.1
971	-1.017688	0.000000	0.159965	0.001764	20.9
972	-1.017687	0.000000	0.159965	0.001553	21.2
973	-1.017286	0.000000	0.159965	0.001476	20.9
974	-1.018357	0.000000	0.159965	0.001681	20.9
975	-1.017558	0.000000	0.159965	0.001292	21.0
976	-1.018052	0.000000	0.159965	0.001649	21.0
977	-1.017755	0.000000	0.159965	0.001765	21.0
978	-1.017822	0.000000	0.159965	0.001469	21.0
979	-1.017877	0.000000	0.159965	0.001305	21.0
980	-1.017674	0.000000	0.159965	0.001601	21.1
981	-1.017098	0.000000	0.159965	0.001688	21.0
982	-1.017521	0.000000	0.159965	0.001632	21.1
983	-1.017947	0.000000	0.159965	0.001320	21.0
984	-1.017425	0.000000	0.159965	0.001401	21.1
985	-1.017305	0.000000	0.159965	0.001657	21.0
986	-1.018104	0.000000	0.159965	0.001513	21.1
987	-1.017851	0.000000	0.159965	0.001609	21.0
988	-1.017946	0.000000	0.159965	0.001274	21.0
989	-1.018429	0.000000	0.159965	0.001545	21.2
990	-1.017704	0.000000	0.159965	0.001573	21.0
991	-1.017303	0.000000	0.159965	0.001416	21.0
992	-1.018353	0.000000	0.159965	0.001568	20.9
993	-1.017722	0.000000	0.159965	0.001646	21.1
994	-1.017891	0.000000	0.159965	0.001162	21.0
995	-1.017823	0.000000	0.159965	0.001460	20.9
996	-1.017410	0.000000	0.159965	0.001248	21.1
997	-1.017349	0.000000	0.159965	0.001319	21.0
998	-1.018553	0.000000	0.159965	0.001542	21.0
999	-1.017404	0.000000	0.159965	0.001678	21.1
