1:ItNr	2:Metric	3a:Time	3b:StepSize	4:||Gradient||	Time[ms]
0	-0.015805	0.000000	0.159965	0.001718	71.6
1	-0.020070	0.000000	0.159965	0.003122	4.9
2	-0.018295	1.000000	0.155547	0.004385	5.0
3	-0.016897	2.000000	0.151440	0.002811	4.7
4	-0.017293	1.200000	0.154702	0.001879	4.3
5	-0.017020	0.400000	0.158158	0.003932	4.8
6	-0.017505	0.000000	0.159965	0.005335	4.6
7	-0.019218	0.000000	0.159965	0.002198	5.2
8	-0.015409	1.000000	0.155547	0.002622	5.7
9	-0.016592	0.200000	0.159054	0.002964	3.8
10	-0.017740	0.000000	0.159965	0.002040	3.6
11	-0.017077	0.000000	0.159965	0.000786	3.9
12	-0.017032	0.000000	0.159965	0.001470	5.0
13	-0.019038	0.000000	0.159965	0.002456	5.1
14	-0.019395	0.000000	0.159965	0.001605	5.2
15	-0.015821	0.000000	0.159965	0.002240	5.3
16	-0.017447	1.000000	0.155547	0.003125	4.0
17	-0.015762	0.200000	0.159054	0.001782	5.4
18	-0.015418	1.200000	0.154702	0.003248	5.2
19	-0.015295	0.400000	0.158158	0.002012	5.3
20	-0.016966	0.000000	0.159965	0.003307	5.2
21	-0.018826	0.000000	0.159965	0.002156	5.5
22	-0.016357	0.000000	0.159965	0.003873	5.3
23	-0.016342	0.000000	0.159965	0.003301	4.6
24	-0.015810	0.000000	0.159965	0.002665	5.6
25	-0.017929	0.000000	0.159965	0.001958	5.6
26	-0.017891	1.000000	0.155547	0.002101	5.2
27	-0.017394	2.000000	0.151440	0.001987	5.4
28	-0.017053	1.200000	0.154702	0.003363	4.5
29	-0.019483	0.400000	0.158158	0.002493	4.6
30	-0.019029	0.000000	0.159965	0.002794	4.3
31	-0.017145	0.000000	0.159965	0.002934	6.7
32	-0.014059	0.000000	0.159965	0.002950	5.3
33	-0.017679	0.000000	0.159965	0.002258	5.5
34	-0.018521	1.000000	0.155547	0.002914	5.5
35	-0.016936	0.200000	0.159054	0.001940	5.9
36	-0.018596	0.000000	0.159965	0.001336	6.0
37	-0.017770	0.000000	0.159965	0.007134	5.7
38	-0.015789	0.000000	0.159965	0.002009	5.6
39	-0.015705	1.000000	0.155547	0.002714	5.8
40	-0.017193	2.000000	0.151440	0.002558	5.3
41	-0.018545	3.000000	0.147609	0.001991	6.5
42	-0.017869	2.200000	0.150652	0.002948	5.3
43	-0.018575	1.400000	0.153869	0.002194	5.8
44	-0.018475	2.400000	0.149876	0.000645	5.7
45	-0.019698	1.600000	0.153048	0.002712	5.3
46	-0.017986	2.600000	0.149110	0.002333	5.2
47	-0.016971	1.800000	0.152238	0.001560	5.6
48	-0.016724	1.000000	0.155547	0.003192	5.6
49	-0.020283	2.000000	0.151440	0.002806	5.3
50	-0.018547	1.200000	0.154702	0.002108	6.1
51	-0.018484	0.400000	0.158158	0.002914	6.2
52	-0.016317	0.000000	0.159965	0.001193	5.9
53	-0.018003	0.000000	0.159965	0.002735	6.2
54	-0.017205	1.000000	0.155547	0.002168	6.3
55	-0.018585	0.200000	0.159054	0.004198	7.2
56	-0.016537	0.000000	0.159965	0.002755	6.1
57	-0.018137	1.000000	0.155547	0.003625	6.2
58	-0.017056	0.200000	0.159054	0.001511	6.1
59	-0.016781	0.000000	0.159965	0.003102	6.9
60	-0.021078	0.000000	0.159965	0.002632	6.6
61	-0.014718	0.000000	0.159965	0.001782	6.3
62	-0.019573	1.000000	0.155547	0.007056	6.3
63	-0.015516	2.000000	0.151440	0.002517	6.2
64	-0.019376	3.000000	0.147609	0.003020	5.9
65	-0.017499	4.000000	0.144026	0.001776	10.0
66	-0.016889	3.200000	0.146873	0.002762	6.3
67	-0.019264	4.200000	0.143337	0.003995	6.3
68	-0.018243	3.400000	0.146147	0.004235	6.4
69	-0.017290	2.600000	0.149110	0.002201	6.4
70	-0.017256	1.800000	0.152238	0.001649	6.4
71	-0.019112	1.000000	0.155547	0.001877	6.1
72	-0.015648	0.200000	0.159054	0.001708	6.3
73	-0.017005	1.200000	0.154702	0.002191	5.7
74	-0.015629	2.200000	0.150652	0.002358	5.6
75	-0.019491	3.200000	0.146873	0.002722	5.2
76	-0.017304	4.200000	0.143337	0.002795	5.1
77	-0.017283	3.400000	0.146147	0.002495	5.0
78	-0.017500	2.600000	0.149110	0.006377	4.8
79	-0.016017	1.800000	0.152238	0.001128	4.8
80	-0.015745	2.800000	0.148354	0.003206	5.4
81	-0.014499	2.000000	0.151440	0.004021	5.9
82	-0.017359	3.000000	0.147609	0.002082	5.7
83	-0.016593	2.200000	0.150652	0.002338	5.6
84	-0.017612	1.400000	0.153869	0.001950	5.4
85	-0.016048	0.600000	0.157275	0.002280	5.2
86	-0.019168	1.600000	0.153048	0.004822	5.7
87	-0.014681	0.800000	0.156404	0.001590	5.0
88	-0.016066	1.800000	0.152238	0.001170	5.7
89	-0.018294	1.000000	0.155547	0.002011	5.4
90	-0.017429	0.200000	0.159054	0.002926	5.9
91	-0.016299	0.000000	0.159965	0.004515	6.0
92	-0.018159	1.000000	0.155547	0.003259	5.6
93	-0.016105	0.200000	0.159054	0.002169	5.8
94	-0.020557	0.000000	0.159965	0.002910	5.8
95	-0.017830	0.000000	0.159965	0.003522	5.8
96	-0.017123	0.000000	0.159965	0.002543	5.3
97	-0.016084	0.000000	0.159965	0.002178	5.3
98	-0.018329	0.000000	0.159965	0.000573	4.8
99	-0.016231	0.000000	0.159965	0.001388	4.8
100	-0.018813	0.000000	0.159965	0.002621	4.8
101	-0.018174	0.000000	0.159965	0.003375	4.6
102	-0.015979	0.000000	0.159965	0.001775	4.6
103	-0.015663	1.000000	0.155547	0.002548	5.4
104	-0.018421	2.000000	0.151440	0.001715	5.4
105	-0.015819	3.000000	0.147609	0.001255	5.3
106	-0.016325	4.000000	0.144026	0.001305	5.5
107	-0.015200	3.200000	0.146873	0.003526	5.4
108	-0.017333	2.400000	0.149876	0.002945	5.7
109	-0.018555	1.600000	0.153048	0.003247	5.7
110	-0.018717	0.800000	0.156404	0.001585	5.8
111	-0.016076	0.000000	0.159965	0.002721	5.8
112	-0.017311	0.000000	0.159965	0.002695	5.9
113	-0.016544	0.000000	0.159965	0.003551	6.1
114	-0.018660	0.000000	0.159965	0.002159	5.8
115	-0.017507	0.000000	0.159965	0.003955	5.8
116	-0.020017	0.000000	0.159965	0.003123	5.6
117	-0.017098	0.000000	0.159965	0.000818	5.8
118	-0.017492	0.000000	0.159965	0.002089	5.8
119	-0.018027	0.000000	0.159965	0.002148	5.7
120	-0.018702	0.000000	0.159965	0.002328	5.8
121	-0.017351	0.000000	0.159965	0.001714	5.5
122	-0.016651	0.000000	0.159965	0.002193	5.5
123	-0.017628	0.000000	0.159965	0.002827	5.6
124	-0.017108	0.000000	0.159965	0.001424	5.6
125	-0.017816	0.000000	0.159965	0.002630	5.7
126	-0.016959	0.000000	0.159965	0.003789	5.9
127	-0.017373	0.000000	0.159965	0.000715	6.1
128	-0.017359	1.000000	0.155547	0.002014	6.3
129	-0.017823	0.200000	0.159054	0.000818	6.1
130	-0.015887	1.200000	0.154702	0.002102	6.1
131	-0.017910	0.400000	0.158158	0.001476	6.1
132	-0.018912	0.000000	0.159965	0.000821	6.1
133	-0.017554	0.000000	0.159965	0.002337	5.9
134	-0.017137	0.000000	0.159965	0.001355	5.6
135	-0.016281	1.000000	0.155547	0.001673	5.9
136	-0.019465	0.200000	0.159054	0.002290	5.9
137	-0.014869	0.000000	0.159965	0.001419	5.8
138	-0.017279	0.000000	0.159965	0.002456	5.5
139	-0.015901	0.000000	0.159965	0.002353	6.0
140	-0.017644	1.000000	0.155547	0.002175	5.9
141	-0.017667	2.000000	0.151440	0.001286	6.2
142	-0.016166	3.000000	0.147609	0.002368	6.0
143	-0.017595	4.000000	0.144026	0.001599	6.2
144	-0.017241	5.000000	0.140665	0.001309	6.2
145	-0.018765	4.200000	0.143337	0.003034	6.2
146	-0.018160	3.400000	0.146147	0.001067	6.2
147	-0.017995	4.400000	0.142656	0.003545	5.7
148	-0.016268	3.600000	0.145431	0.002502	5.6
149	-0.018562	4.600000	0.141984	0.003359	5.4
150	-0.016382	3.800000	0.144724	0.002432	5.9
151	-0.018476	3.000000	0.147609	0.002984	6.0
152	-0.016998	2.200000	0.150652	0.002334	5.9
153	-0.015951	1.400000	0.153869	0.001448	5.8
154	-0.017478	0.600000	0.157275	0.001883	5.5
155	-0.017573	0.000000	0.159965	0.002531	6.1
156	-0.015066	0.000000	0.159965	0.002294	6.1
157	-0.016629	0.000000	0.159965	0.001946	5.7
158	-0.017480	0.000000	0.159965	0.001108	5.6
159	-0.015899	0.000000	0.159965	0.003404	6.1
160	-0.018945	0.000000	0.159965	0.002567	6.2
161	-0.015083	0.000000	0.159965	0.001400	6.1
162	-0.019698	0.000000	0.159965	0.001753	6.1
163	-0.018240	0.999984	0.155547	0.001951	6.1
164	-0.016238	1.999984	0.151440	0.002971	6.3
165	-0.017161	1.199984	0.154702	0.001962	5.6
166	-0.016915	2.199984	0.150653	0.001267	5.6
167	-0.018830	1.399984	0.153869	0.002883	6.1
168	-0.016448	2.399984	0.149876	0.002723	6.1
169	-0.018562	1.599984	0.153048	0.001616	6.2
170	-0.018320	0.799984	0.156405	0.003356	5.6
171	-0.017101	0.000000	0.159965	0.002759	5.7
172	-0.019503	0.000000	0.159965	0.004290	6.0
173	-0.017891	0.000000	0.159965	0.002744	6.3
174	-0.018004	1.000000	0.155547	0.001397	6.2
175	-0.019167	0.200000	0.159054	0.001374	5.9
176	-0.017487	0.000000	0.159965	0.002525	6.1
177	-0.016432	0.000000	0.159965	0.003497	6.2
178	-0.018137	0.000000	0.159965	0.002817	5.9
179	-0.015381	0.000000	0.159965	0.002179	6.3
180	-0.018316	0.000000	0.159965	0.004408	5.8
181	-0.019114	0.000000	0.159965	0.003819	5.7
182	-0.018768	0.000000	0.159965	0.002494	5.4
183	-0.018485	0.000000	0.159965	0.002407	5.8
184	-0.019413	1.000000	0.155547	0.002463	5.8
185	-0.017981	2.000000	0.151440	0.002917	5.8
186	-0.019161	1.200000	0.154702	0.001662	6.1
187	-0.016959	0.400000	0.158158	0.003420	5.8
188	-0.015864	1.400000	0.153869	0.001250	6.1
189	-0.018314	0.600000	0.157275	0.003044	6.0
190	-0.017993	1.600000	0.153048	0.002821	6.2
191	-0.019753	2.600000	0.149110	0.003163	6.1
192	-0.017508	3.600000	0.145431	0.001943	6.2
193	-0.017271	2.800000	0.148354	0.002476	6.3
194	-0.018882	3.800000	0.144724	0.003389	6.4
195	-0.017928	4.800000	0.141320	0.001689	6.1
196	-0.015996	4.000000	0.144026	0.002455	6.2
197	-0.016517	3.200000	0.146873	0.002997	6.2
198	-0.017547	4.200000	0.143337	0.004742	5.9
199	-0.016335	3.400000	0.146147	0.003357	5.8
200	-0.019122	2.600000	0.149110	0.002298	5.4
201	-0.018213	1.800000	0.152238	0.001269	5.3
202	-0.017647	1.000000	0.155547	0.001153	6.3
203	-0.016017	0.200000	0.159054	0.002413	6.1
204	-0.016590	0.000000	0.159965	0.002144	5.8
205	-0.017545	0.000000	0.159965	0.002147	6.0
206	-0.018200	0.000000	0.159965	0.001848	5.9
207	-0.017851	1.000000	0.155547	0.002383	5.8
208	-0.018942	2.000000	0.151440	0.002701	5.3
209	-0.017870	1.200000	0.154702	0.001397	5.3
210	-0.018751	0.400000	0.158158	0.002125	5.3
211	-0.019403	0.000000	0.159965	0.002103	4.9
212	-0.017005	0.000000	0.159965	0.003203	4.9
213	-0.020821	1.000000	0.155547	0.002121	4.9
214	-0.019617	0.200000	0.159054	0.003576	5.7
215	-0.019036	0.000000	0.159965	0.001581	5.6
216	-0.017794	1.000000	0.155547	0.001737	4.9
217	-0.017313	0.200000	0.159054	0.001902	5.0
218	-0.018478	1.200000	0.154702	0.002217	4.8
219	-0.015321	0.400000	0.158158	0.002462	5.8
220	-0.019803	0.000000	0.159965	0.002891	5.8
221	-0.018176	1.000000	0.155547	0.001796	5.6
222	-0.017525	0.200000	0.159054	0.001774	5.5
223	-0.018301	1.200000	0.154702	0.002782	5.3
224	-0.017057	2.200000	0.150652	0.004221	5.6
225	-0.018507	3.200000	0.146873	0.004681	6.1
226	-0.017095	2.400000	0.149876	0.001861	5.8
227	-0.015530	3.400000	0.146147	0.003363	5.6
228	-0.020064	4.400000	0.142656	0.002371	5.5
229	-0.017503	5.400000	0.139378	0.002403	5.2
230	-0.015217	4.600000	0.141984	0.002167	6.0
231	-0.017163	3.800000	0.144724	0.003084	5.9
232	-0.015840	4.800000	0.141320	0.001525	5.8
233	-0.016882	4.000000	0.144026	0.002618	5.7
234	-0.016606	3.200000	0.146873	0.001402	5.3
235	-0.015692	2.400000	0.149876	0.003052	5.2
236	-0.015212	1.600000	0.153048	0.004695	5.1
237	-0.019382	0.800000	0.156404	0.002541	5.8
238	-0.018378	0.000000	0.159965	0.002503	5.8
239	-0.015490	0.000000	0.159965	0.004166	5.5
240	-0.015782	0.000000	0.159965	0.002908	5.4
241	-0.016332	0.000000	0.159965	0.001638	5.2
242	-0.016356	0.000000	0.159965	0.000878	5.0
243	-0.018170	0.000000	0.159965	0.001969	5.1
244	-0.018374	0.000000	0.159965	0.002151	5.4
245	-0.018507	1.000000	0.155547	0.002687	5.8
246	-0.017123	0.200000	0.159054	0.004416	5.0
247	-0.016748	0.000000	0.159965	0.003612	5.0
248	-0.015894	0.000000	0.159965	0.002327	5.1
249	-0.017515	0.000000	0.159965	0.002487	5.0
250	-0.017350	0.000000	0.159965	0.003244	5.8
251	-0.016349	0.000000	0.159965	0.002264	5.7
252	-0.015357	0.000000	0.159965	0.003357	5.1
253	-0.016779	0.000000	0.159965	0.004761	5.4
254	-0.016613	0.000000	0.159965	0.002512	5.3
255	-0.018480	0.000000	0.159965	0.002613	5.5
256	-0.017409	0.000000	0.159965	0.003185	5.7
257	-0.017191	0.000000	0.159965	0.003374	5.9
258	-0.018585	0.000000	0.159965	0.004767	5.1
259	-0.016340	0.000000	0.159965	0.002088	5.0
260	-0.018668	0.000000	0.159965	0.003663	4.9
261	-0.019349	1.000000	0.155547	0.003184	4.9
262	-0.016240	0.200000	0.159054	0.003560	5.1
263	-0.016430	0.000000	0.159965	0.001792	5.6
264	-0.017021	1.000000	0.155547	0.003634	5.1
265	-0.019848	2.000000	0.151440	0.001263	5.1
266	-0.017851	1.200000	0.154702	0.002121	4.9
267	-0.017224	0.400000	0.158158	0.002652	5.2
268	-0.016831	0.000000	0.159965	0.002012	5.3
269	-0.015207	0.000000	0.159965	0.003152	5.7
270	-0.018620	1.000000	0.155547	0.002433	5.4
271	-0.017504	2.000000	0.151440	0.001559	5.1
272	-0.017998	1.200000	0.154702	0.004535	5.2
273	-0.019219	2.200000	0.150652	0.001847	5.2
274	-0.017637	1.400000	0.153869	0.003897	5.0
275	-0.015379	0.600000	0.157275	0.003867	5.9
276	-0.017581	1.600000	0.153048	0.001380	5.7
277	-0.016933	0.800000	0.156404	0.002286	5.2
278	-0.015936	0.000000	0.159965	0.004036	6.0
279	-0.017005	1.000000	0.155547	0.002917	5.3
280	-0.016977	0.200000	0.159054	0.002074	6.2
281	-0.018922	0.000000	0.159965	0.001237	6.1
282	-0.019008	0.000000	0.159965	0.003676	5.7
283	-0.015609	0.000000	0.159965	0.004079	5.7
284	-0.019139	0.000000	0.159965	0.001876	5.7
285	-0.018997	0.000000	0.159965	0.003864	5.8
286	-0.016494	0.000000	0.159965	0.001846	5.6
287	-0.018961	0.000000	0.159965	0.001991	5.6
288	-0.018028	1.000000	0.155547	0.002644	5.1
289	-0.015972	0.200000	0.159054	0.001846	5.2
290	-0.018134	0.000000	0.159965	0.001349	5.5
291	-0.016291	0.000000	0.159965	0.001600	5.1
292	-0.017263	0.000000	0.159965	0.001515	5.6
293	-0.017595	0.000000	0.159965	0.001875	5.2
294	-0.016450	0.000000	0.159965	0.002349	5.7
295	-0.016441	0.000000	0.159965	0.003315	5.9
296	-0.015877	0.000000	0.159965	0.003952	6.1
297	-0.015918	1.000000	0.155547	0.002713	6.0
298	-0.018212	2.000000	0.151440	0.002148	6.3
299	-0.016493	3.000000	0.147609	0.002686	6.0
300	-0.018799	2.200000	0.150652	0.002341	5.9
301	-0.018391	1.400000	0.153869	0.002556	5.5
302	-0.018369	0.600000	0.157275	0.002211	5.3
303	-0.018416	1.600000	0.153048	0.001620	5.1
304	-0.017921	0.800000	0.156404	0.004703	5.7
305	-0.016725	0.000000	0.159965	0.002695	5.8
306	-0.014724	0.000000	0.159965	0.002167	5.6
307	-0.018657	0.000000	0.159965	0.002601	5.9
308	-0.016173	0.000000	0.159965	0.002791	5.6
309	-0.017499	0.000000	0.159965	0.003299	5.7
310	-0.018012	1.000000	0.155547	0.001003	5.4
311	-0.018704	0.200000	0.159054	0.001705	5.2
312	-0.017193	1.200000	0.154702	0.001733	5.2
313	-0.016784	0.400000	0.158158	0.003791	5.4
314	-0.018362	1.400000	0.153869	0.003190	5.9
315	-0.018183	0.600000	0.157275	0.005116	4.9
316	-0.018554	0.000000	0.159965	0.004872	4.8
317	-0.018861	0.000000	0.159965	0.003519	4.9
318	-0.016882	0.000000	0.159965	0.001857	5.3
319	-0.016471	0.000000	0.159965	0.002108	4.4
320	-0.018234	0.000000	0.159965	0.003265	5.6
321	-0.018407	0.000000	0.159965	0.004092	5.7
322	-0.020006	1.000000	0.155547	0.002170	5.6
323	-0.017480	2.000000	0.151440	0.001695	4.9
324	-0.018158	1.200000	0.154702	0.001672	4.9
325	-0.015352	0.400000	0.158158	0.003545	4.8
326	-0.017464	1.400000	0.153869	0.002402	4.7
327	-0.016721	2.400000	0.149876	0.004340	5.9
328	-0.018598	3.400000	0.146147	0.002900	5.6
329	-0.017673	2.600000	0.149110	0.001795	5.0
330	-0.020652	1.800000	0.152238	0.003158	5.5
331	-0.018397	1.000000	0.155547	0.002555	5.2
332	-0.018080	0.200000	0.159054	0.002946	5.2
333	-0.015230	1.199999	0.154702	0.002296	5.7
334	-0.017053	2.199999	0.150652	0.002644	5.8
335	-0.019802	3.199999	0.146873	0.001000	5.9
336	-0.019818	2.399999	0.149876	0.003660	5.8
337	-0.018368	3.399999	0.146147	0.001774	6.0
338	-0.016919	4.399999	0.142656	0.003677	6.1
339	-0.017447	3.599999	0.145431	0.002020	6.1
340	-0.016450	4.599999	0.141984	0.001516	6.2
341	-0.018743	3.799999	0.144724	0.001795	5.9
342	-0.017378	4.799999	0.141320	0.001663	6.0
343	-0.017966	5.799999	0.138122	0.003301	6.0
344	-0.018713	4.999999	0.140665	0.001476	5.9
345	-0.019158	5.999999	0.137505	0.001509	6.1
346	-0.017892	5.199999	0.140018	0.003170	6.1
347	-0.017732	6.199999	0.136896	0.005151	5.6
348	-0.019336	7.199999	0.133952	0.003368	5.5
349	-0.017595	6.399999	0.136293	0.003388	5.9
350	-0.017429	5.599999	0.138746	0.001350	5.3
351	-0.017362	4.799999	0.141320	0.000789	5.7
352	-0.017172	5.799999	0.138122	0.002797	6.2
353	-0.017752	6.799999	0.135109	0.003612	6.2
354	-0.014632	5.999999	0.137505	0.001102	6.0
355	-0.015373	5.199999	0.140018	0.001863	6.0
356	-0.018939	6.199999	0.136896	0.002470	5.9
357	-0.016816	5.399999	0.139378	0.002194	5.9
358	-0.017173	6.399999	0.136293	0.001420	5.6
359	-0.019210	5.599999	0.138746	0.004828	5.3
360	-0.016963	6.599999	0.135698	0.001547	5.3
361	-0.017695	7.599999	0.132821	0.002228	5.8
362	-0.017728	8.599999	0.130102	0.001399	5.5
363	-0.016799	7.799999	0.132265	0.001673	5.8
364	-0.016985	6.999999	0.134527	0.002023	5.9
365	-0.017749	6.199999	0.136896	0.002390	6.1
366	-0.017371	5.400299	0.139377	0.002386	6.3
367	-0.019285	4.600299	0.141983	0.001620	6.0
368	-0.017381	3.800299	0.144723	0.001711	6.0
369	-0.017460	3.000299	0.147608	0.002350	6.0
370	-0.016654	2.200299	0.150651	0.001529	5.9
371	-0.017970	1.400299	0.153868	0.003327	5.5
372	-0.017040	0.600299	0.157273	0.003037	5.4
373	-0.016614	0.000000	0.159965	0.002815	5.3
374	-0.016707	0.000000	0.159965	0.001653	5.3
375	-0.019365	1.000000	0.155547	0.002064	6.1
376	-0.018121	2.000000	0.151440	0.002832	6.0
377	-0.017507	1.200000	0.154702	0.001938	5.9
378	-0.017003	0.400000	0.158158	0.001519	5.9
379	-0.017233	1.400000	0.153869	0.001006	5.6
380	-0.016883	0.600000	0.157275	0.002147	4.4
381	-0.019662	1.600000	0.153048	0.004320	4.4
382	-0.020042	2.600000	0.149110	0.003557	4.4
383	-0.018352	1.800000	0.152238	0.001728	4.3
384	-0.016347	2.800000	0.148354	0.002125	4.2
385	-0.017707	2.000000	0.151440	0.002530	4.1
386	-0.015602	3.000000	0.147609	0.002785	4.2
387	-0.020183	2.200000	0.150652	0.002091	4.2
388	-0.019224	1.400000	0.153869	0.002229	5.0
389	-0.017553	0.600000	0.157275	0.003765	5.0
390	-0.016864	0.000000	0.159965	0.003230	4.8
391	-0.016396	1.000000	0.155547	0.001323	5.0
392	-0.015546	0.200000	0.159054	0.003505	4.8
393	-0.017222	1.200000	0.154702	0.002612	4.8
394	-0.016205	0.400000	0.158158	0.002768	4.4
395	-0.019234	0.000000	0.159965	0.001322	5.9
396	-0.016181	0.000000	0.159965	0.002381	5.4
397	-0.017558	0.000000	0.159965	0.002130	4.8
398	-0.019073	1.000000	0.155547	0.001491	5.1
399	-0.016630	0.200000	0.159054	0.003060	4.8
400	-0.016949	0.000000	0.159965	0.002271	4.5
401	-0.016626	0.000000	0.159965	0.001449	4.8
402	-0.018520	0.000000	0.159965	0.004022	5.4
403	-0.015983	1.000000	0.155547	0.001675	5.7
404	-0.018451	2.000000	0.151440	0.002836	5.4
405	-0.017319	1.200000	0.154702	0.002232	6.1
406	-0.018642	0.400000	0.158158	0.002720	5.5
407	-0.019090	1.400000	0.153869	0.001015	5.6
408	-0.018114	0.600000	0.157275	0.001747	5.7
409	-0.014504	1.600000	0.153048	0.001798	5.8
410	-0.018760	0.801863	0.156396	0.003597	5.2
411	-0.015125	1.801863	0.152231	0.001499	5.5
412	-0.014839	1.001863	0.155539	0.002075	5.6
413	-0.018866	0.201863	0.159046	0.002898	5.7
414	-0.017478	0.000000	0.159965	0.001913	5.7
415	-0.016411	0.000000	0.159965	0.003268	5.7
416	-0.018319	1.000000	0.155547	0.004169	5.5
417	-0.018669	0.200000	0.159054	0.001290	5.5
418	-0.017185	0.000000	0.159965	0.003536	5.8
419	-0.017336	0.000000	0.159965	0.001025	5.6
420	-0.016333	0.000000	0.159965	0.001519	5.6
421	-0.017313	1.000000	0.155547	0.001273	5.8
422	-0.018498	0.200000	0.159054	0.002298	5.7
423	-0.018343	0.000000	0.159965	0.001831	5.7
424	-0.019831	1.000000	0.155547	0.003517	5.3
425	-0.017071	2.000000	0.151440	0.001502	5.7
426	-0.013197	1.200000	0.154702	0.001217	5.8
427	-0.016822	0.400000	0.158158	0.004529	5.9
428	-0.018815	0.000000	0.159965	0.003598	5.5
429	-0.017064	1.000000	0.155547	0.001848	5.5
430	-0.019593	2.000000	0.151440	0.003152	5.5
431	-0.018602	3.000000	0.147609	0.003219	5.1
432	-0.016760	4.000000	0.144026	0.003506	5.1
433	-0.016072	3.200000	0.146873	0.001935	5.0
434	-0.016137	2.400000	0.149876	0.002913	5.7
435	-0.018804	1.600000	0.153048	0.004381	5.8
436	-0.017469	2.600000	0.149110	0.001790	6.1
437	-0.017407	3.600000	0.145431	0.001553	5.6
438	-0.016333	2.800000	0.148354	0.002119	6.0
439	-0.019840	3.752614	0.144891	0.001478	6.3
440	-0.016417	2.952614	0.147785	0.001131	6.0
441	-0.018639	2.152614	0.150838	0.004159	5.7
442	-0.018293	1.352614	0.154065	0.004024	5.6
443	-0.017768	0.552614	0.157483	0.001095	5.2
444	-0.019329	0.000000	0.159965	0.003991	5.3
445	-0.017559	1.000000	0.155547	0.001719	5.9
446	-0.018771	0.200000	0.159054	0.001631	5.8
447	-0.019676	1.200000	0.154702	0.002109	5.2
448	-0.017195	1.807885	0.152206	0.001783	5.4
449	-0.016861	1.007885	0.155513	0.001230	5.7
450	-0.017046	0.207885	0.159019	0.004338	5.7
451	-0.017930	0.000000	0.159965	0.001039	5.7
452	-0.019345	0.000000	0.159965	0.002487	6.0
453	-0.016417	0.000000	0.159965	0.004070	5.8
454	-0.018341	0.000000	0.159965	0.002271	5.8
455	-0.018289	0.000000	0.159965	0.000850	5.9
456	-0.014154	0.000000	0.159965	0.001909	6.1
457	-0.017726	1.000000	0.155547	0.001904	6.0
458	-0.019298	0.200000	0.159054	0.001564	6.2
459	-0.018266	0.000000	0.159965	0.003597	6.0
460	-0.018201	0.000000	0.159965	0.001008	6.1
461	-0.017401	1.000000	0.155547	0.002829	5.5
462	-0.018362	0.200000	0.159054	0.003757	6.0
463	-0.016509	1.200000	0.154702	0.003959	6.0
464	-0.017698	0.400000	0.158158	0.002278	6.1
465	-0.018283	0.000000	0.159965	0.001900	6.3
466	-0.016296	0.000000	0.159965	0.001436	6.1
467	-0.017711	0.000000	0.159965	0.003635	5.9
468	-0.017933	0.000000	0.159965	0.001567	6.0
469	-0.016077	0.000000	0.159965	0.003005	5.2
470	-0.017673	0.000000	0.159965	0.002316	5.3
471	-0.016714	0.000000	0.159965	0.001459	6.2
472	-0.016950	0.000000	0.159965	0.002235	6.0
473	-0.016798	0.000000	0.159965	0.002350	5.9
474	-0.016600	0.000000	0.159965	0.001495	5.8
475	-0.018883	1.000000	0.155547	0.001704	6.2
476	-0.016382	2.000000	0.151440	0.002095	6.2
477	-0.016700	3.000000	0.147609	0.001708	5.8
478	-0.015664	4.000000	0.144026	0.002658	5.5
479	-0.017693	3.200000	0.146873	0.003155	5.5
480	-0.016859	2.400000	0.149876	0.001826	5.9
481	-0.016120	1.600000	0.153048	0.001218	5.9
482	-0.017040	2.600000	0.149110	0.003319	6.1
483	-0.016631	3.600000	0.145431	0.001075	5.9
484	-0.018882	2.800000	0.148354	0.001371	5.5
485	-0.017548	2.000000	0.151440	0.001318	5.4
486	-0.017196	1.200000	0.154702	0.004137	5.4
487	-0.015972	0.400000	0.158158	0.002497	6.0
488	-0.016760	0.000000	0.159965	0.002531	5.4
489	-0.018911	0.000000	0.159965	0.002455	5.5
490	-0.017495	1.000000	0.155547	0.003597	5.7
491	-0.020211	0.200000	0.159054	0.002108	5.8
492	-0.014899	0.000000	0.159965	0.002832	6.0
493	-0.018450	0.000000	0.159965	0.002828	6.3
494	-0.016990	0.000000	0.159965	0.002625	5.9
495	-0.015477	0.000000	0.159965	0.004141	5.6
496	-0.016531	1.000000	0.155547	0.001999	5.9
497	-0.016680	2.000000	0.151440	0.001142	6.0
498	-0.017842	3.000000	0.147609	0.004580	6.1
499	-0.017422	2.200000	0.150652	0.002623	5.4
500	-0.018762	3.200000	0.146873	0.003283	5.6
501	-0.015629	4.200000	0.143337	0.001837	5.9
502	-0.015335	5.200000	0.140018	0.002465	5.9
503	-0.016240	6.200000	0.136896	0.001076	5.5
504	-0.016435	5.400000	0.139378	0.003310	5.4
505	-0.018266	4.600000	0.141984	0.003524	6.2
506	-0.016672	3.800000	0.144724	0.002616	6.2
507	-0.014916	4.781449	0.141382	0.002317	6.1
508	-0.018496	5.781449	0.138180	0.002515	6.2
509	-0.016034	4.981449	0.140725	0.001553	5.9
510	-0.019400	5.981449	0.137562	0.002329	5.8
511	-0.016446	6.981449	0.134581	0.004811	5.3
512	-0.018606	7.981449	0.131766	0.001622	5.5
513	-0.015058	8.981449	0.129103	0.001555	6.1
514	-0.018322	9.981449	0.126578	0.001865	5.9
515	-0.017182	10.981449	0.124180	0.002413	5.8
516	-0.016313	10.181449	0.126088	0.001707	5.7
517	-0.017778	9.381449	0.128077	0.002610	5.6
518	-0.018370	10.381449	0.125604	0.001677	6.0
519	-0.018208	11.381449	0.123254	0.002003	5.4
520	-0.018968	10.581449	0.125124	0.005105	5.2
521	-0.017359	11.581449	0.122798	0.001036	5.3
522	-0.015875	12.581449	0.120584	0.002857	6.2
523	-0.016866	13.581449	0.118472	0.006326	5.6
524	-0.017288	12.781449	0.120153	0.003783	5.3
525	-0.020065	11.981449	0.121899	0.001688	5.2
526	-0.016533	12.981449	0.119727	0.000890	5.3
527	-0.021149	12.181449	0.121457	0.002728	5.2
528	-0.017285	13.181449	0.119305	0.002811	5.8
529	-0.017813	12.381449	0.121018	0.001837	5.8
530	-0.017175	11.581449	0.122798	0.001520	5.9
531	-0.017081	10.781449	0.124650	0.003039	5.8
532	-0.017328	9.981449	0.126578	0.004270	5.8
533	-0.018638	9.181449	0.128587	0.001487	5.3
534	-0.018264	10.181449	0.126088	0.001916	5.2
535	-0.017211	9.381449	0.128077	0.004981	5.3
536	-0.016215	10.381449	0.125604	0.002116	5.2
537	-0.015998	9.581449	0.127572	0.002904	5.3
538	-0.017299	8.781449	0.129624	0.001907	5.2
539	-0.016535	9.781449	0.127072	0.003150	5.1
540	-0.018619	8.981449	0.129103	0.002394	5.0
541	-0.017711	8.181449	0.131222	0.001936	4.8
542	-0.016068	7.381449	0.133436	0.004609	4.9
543	-0.017997	6.581449	0.135753	0.002272	4.9
544	-0.015235	5.781449	0.138180	0.001605	5.6
545	-0.017242	4.981449	0.140725	0.002093	4.9
546	-0.019480	5.981449	0.137562	0.002927	4.5
547	-0.018929	5.181449	0.140077	0.001321	4.4
548	-0.018017	4.381449	0.142719	0.004272	4.4
549	-0.015926	3.581449	0.145497	0.003026	4.5
550	-0.017572	4.581449	0.142046	0.002683	4.4
551	-0.019215	3.781449	0.144789	0.002613	4.4
552	-0.016629	2.981449	0.147678	0.002286	4.4
553	-0.018472	2.181449	0.150725	0.003149	4.4
554	-0.019264	3.181449	0.146941	0.005058	5.4
555	-0.017369	4.181449	0.143400	0.003517	5.5
556	-0.018822	3.381449	0.146214	0.002048	5.6
557	-0.017592	2.581449	0.149181	0.001624	5.5
558	-0.021264	1.781449	0.152313	0.002755	5.5
559	-0.018377	2.781449	0.148424	0.002539	5.3
560	-0.016528	1.981450	0.151513	0.001457	5.7
561	-0.014605	2.981450	0.147678	0.001741	5.7
562	-0.017615	2.181450	0.150725	0.002871	5.6
563	-0.018631	1.381450	0.153946	0.004562	5.7
564	-0.017563	0.581450	0.157356	0.002413	5.6
565	-0.017802	0.000000	0.159965	0.002708	5.6
566	-0.019262	1.000000	0.155547	0.003512	5.8
567	-0.017635	0.200000	0.159054	0.000809	5.7
568	-0.021326	0.000000	0.159965	0.003810	5.9
569	-0.019392	0.000000	0.159965	0.003832	5.9
570	-0.016774	0.000000	0.159965	0.001109	5.9
571	-0.019140	0.000000	0.159965	0.002298	6.0
572	-0.016501	0.000000	0.159965	0.001365	5.9
573	-0.018022	1.000000	0.155547	0.002690	5.7
574	-0.016994	2.000000	0.151440	0.001625	5.8
575	-0.018428	1.200000	0.154702	0.002208	5.8
576	-0.019496	2.200000	0.150652	0.004959	5.9
577	-0.017879	3.200000	0.146873	0.003558	5.8
578	-0.018504	2.400000	0.149876	0.001929	5.8
579	-0.018673	3.400000	0.146147	0.001371	5.8
580	-0.017672	4.400000	0.142656	0.001369	6.0
581	-0.016997	5.400000	0.139378	0.002835	5.8
582	-0.018366	4.600000	0.141984	0.004673	5.1
583	-0.015586	5.600000	0.138746	0.003132	5.3
584	-0.014840	4.800000	0.141320	0.001614	5.7
585	-0.018301	4.000000	0.144026	0.003286	4.9
586	-0.019082	3.200000	0.146873	0.002079	4.9
587	-0.019267	2.400000	0.149876	0.001318	4.7
588	-0.019437	1.600000	0.153048	0.003654	4.4
589	-0.014906	0.800000	0.156404	0.001480	4.4
590	-0.018062	0.000000	0.159965	0.001665	4.6
591	-0.019073	0.000000	0.159965	0.000821	5.4
592	-0.016502	0.000000	0.159965	0.003200	5.5
593	-0.018576	0.000000	0.159965	0.002135	5.5
594	-0.016359	0.000000	0.159965	0.001623	5.1
595	-0.016571	0.000000	0.159965	0.001604	5.1
596	-0.016977	0.000000	0.159965	0.001677	5.1
597	-0.017646	0.000000	0.159965	0.002601	4.9
598	-0.016069	1.000000	0.155547	0.001574	4.8
599	-0.017697	0.200000	0.159054	0.002391	4.8
600	-0.015551	0.000000	0.159965	0.002228	5.2
601	-0.017998	0.000000	0.159965	0.003053	4.8
602	-0.017208	0.000000	0.159965	0.001130	4.9
603	-0.017770	0.000000	0.159965	0.002370	4.6
604	-0.018392	0.000000	0.159965	0.003003	4.5
605	-0.018920	1.000000	0.155547	0.001444	4.4
606	-0.017779	0.200000	0.159054	0.001760	4.4
607	-0.017422	1.200000	0.154702	0.000659	4.3
608	-0.019728	2.200000	0.150652	0.005137	4.3
609	-0.016627	1.400000	0.153869	0.001723	4.4
610	-0.018026	0.600000	0.157275	0.001691	4.7
611	-0.018780	0.000000	0.159965	0.002902	4.5
612	-0.017627	0.000000	0.159965	0.002684	4.4
613	-0.016519	1.000000	0.155547	0.002538	4.4
614	-0.017591	2.000000	0.151440	0.001206	4.4
615	-0.017612	1.200000	0.154702	0.002758	4.4
616	-0.017767	0.400000	0.158158	0.004436	4.4
617	-0.018799	0.000000	0.159965	0.003093	4.4
618	-0.020651	1.000000	0.155547	0.001396	4.4
619	-0.016772	0.200000	0.159054	0.003759	4.3
620	-0.017951	1.200000	0.154702	0.001720	5.4
621	-0.018699	0.400000	0.158158	0.002740	5.3
622	-0.016172	1.400000	0.153869	0.001794	5.4
623	-0.016932	2.400000	0.149876	0.002752	4.8
624	-0.017477	1.600000	0.153048	0.002043	4.9
625	-0.018383	0.800000	0.156404	0.003131	5.4
626	-0.016147	0.000000	0.159965	0.002495	5.1
627	-0.020785	1.000000	0.155547	0.003516	5.1
628	-0.018949	2.000000	0.151440	0.002138	4.9
629	-0.017148	1.200000	0.154702	0.005542	4.9
630	-0.018746	0.400000	0.158158	0.003197	4.6
631	-0.016784	1.400000	0.153869	0.001808	4.6
632	-0.017805	0.600000	0.157275	0.002888	5.5
633	-0.018740	0.000000	0.159965	0.003204	5.5
634	-0.018782	0.000000	0.159965	0.001026	4.7
635	-0.017684	1.000000	0.155547	0.001663	4.7
636	-0.017800	2.000000	0.151440	0.001891	4.7
637	-0.015518	3.000000	0.147609	0.001337	4.8
638	-0.016800	2.200000	0.150652	0.001952	5.3
639	-0.015912	1.400000	0.153869	0.003071	5.3
640	-0.017292	0.600000	0.157275	0.004349	4.8
641	-0.015982	0.000000	0.159965	0.002063	5.5
642	-0.016641	0.000000	0.159965	0.002932	5.6
643	-0.017387	0.000000	0.159965	0.005089	5.1
644	-0.016532	1.000000	0.155547	0.003522	5.3
645	-0.017785	2.000000	0.151440	0.003028	5.1
646	-0.016978	1.200000	0.154702	0.002058	5.6
647	-0.017938	0.400000	0.158158	0.001976	5.5
648	-0.017288	0.000000	0.159965	0.001807	5.7
649	-0.015963	1.000000	0.155547	0.001254	5.6
650	-0.016208	0.200695	0.159051	0.002107	5.9
651	-0.017916	1.200695	0.154699	0.003305	5.8
652	-0.018071	2.200695	0.150650	0.001801	5.5
653	-0.016044	1.400695	0.153866	0.003645	5.4
654	-0.019129	0.600695	0.157272	0.002097	5.4
655	-0.019383	0.000000	0.159965	0.002143	5.8
656	-0.017771	0.000000	0.159965	0.002578	5.7
657	-0.018538	0.999984	0.155547	0.002915	5.7
658	-0.015895	1.999984	0.151440	0.004136	5.8
659	-0.016530	1.199984	0.154702	0.003182	5.6
660	-0.017192	0.399984	0.158158	0.002849	5.6
661	-0.013985	0.000000	0.159965	0.001147	5.1
662	-0.016786	0.000000	0.159965	0.001827	5.4
663	-0.018236	0.000000	0.159965	0.002832	5.8
664	-0.018237	1.000000	0.155547	0.002672	5.5
665	-0.015635	2.000000	0.151440	0.001669	5.9
666	-0.017370	1.200000	0.154702	0.003162	5.8
667	-0.018328	2.200000	0.150652	0.003588	6.0
668	-0.017865	1.400000	0.153869	0.002681	5.8
669	-0.019841	0.600000	0.157275	0.001942	5.5
670	-0.018111	0.000000	0.159965	0.001699	5.2
671	-0.018692	0.000000	0.159965	0.001186	4.9
672	-0.015246	0.000000	0.159965	0.002531	4.7
673	-0.016469	0.000000	0.159965	0.002199	4.7
674	-0.015511	1.000000	0.155547	0.001444	5.7
675	-0.016442	2.000000	0.151440	0.003274	5.6
676	-0.016875	3.000000	0.147609	0.001990	4.9
677	-0.018363	2.200000	0.150652	0.004260	5.5
678	-0.016418	1.400000	0.153869	0.003593	5.5
679	-0.017123	0.600000	0.157275	0.002545	5.2
680	-0.018768	0.000000	0.159965	0.003611	5.0
681	-0.017620	0.000000	0.159965	0.002550	4.9
682	-0.017960	1.000000	0.155547	0.002140	5.8
683	-0.017108	2.000000	0.151440	0.002630	5.6
684	-0.017273	3.000000	0.147609	0.003403	5.5
685	-0.017182	4.000000	0.144026	0.002006	5.5
686	-0.016473	3.200000	0.146873	0.002345	5.2
687	-0.018263	2.400000	0.149876	0.001798	5.2
688	-0.017468	1.600000	0.153048	0.001210	5.5
689	-0.018177	2.600000	0.149110	0.003068	5.0
690	-0.017435	3.570939	0.145535	0.002043	5.9
691	-0.017290	4.570939	0.142081	0.003466	5.2
692	-0.015005	5.570939	0.138838	0.002877	5.3
693	-0.017780	4.770939	0.141416	0.001917	5.0
694	-0.017523	3.970939	0.144127	0.002637	4.8
695	-0.014109	3.170939	0.146980	0.003124	4.7
696	-0.018006	2.370939	0.149988	0.001803	4.7
697	-0.017248	1.570939	0.153166	0.002832	4.5
698	-0.019803	0.770939	0.156530	0.005455	4.5
699	-0.015823	1.770939	0.152355	0.002703	4.6
700	-0.018003	2.770939	0.148464	0.003061	5.5
701	-0.019840	1.970939	0.151555	0.002886	5.4
702	-0.017222	1.170939	0.154824	0.003030	4.6
703	-0.020607	0.370939	0.158287	0.003572	4.6
704	-0.017176	1.370939	0.153989	0.000769	5.5
705	-0.016853	2.370939	0.149988	0.001488	5.5
706	-0.015582	3.370939	0.146252	0.001043	5.3
707	-0.018940	2.570939	0.149221	0.003676	4.8
708	-0.016486	1.770939	0.152355	0.001792	5.2
709	-0.017718	2.770939	0.148464	0.001572	5.3
710	-0.019998	1.970939	0.151555	0.001767	5.5
711	-0.017464	2.970939	0.147717	0.003161	5.6
712	-0.016874	2.170939	0.150766	0.001033	5.8
713	-0.016511	1.370939	0.153989	0.002244	5.8
714	-0.016947	2.370939	0.149988	0.001939	5.8
715	-0.016279	1.570939	0.153166	0.002311	5.6
716	-0.016161	2.570939	0.149221	0.003025	5.1
717	-0.015502	3.570939	0.145535	0.001697	5.5
718	-0.016198	2.770939	0.148464	0.001518	5.5
719	-0.016275	3.770939	0.144826	0.002724	5.4
720	-0.017886	4.770939	0.141416	0.002260	5.2
721	-0.017197	3.970939	0.144127	0.002581	5.1
722	-0.018249	4.970939	0.140760	0.003606	5.7
723	-0.019813	4.170939	0.143436	0.002429	5.6
724	-0.015631	3.370939	0.146252	0.001081	5.6
725	-0.017412	2.570948	0.149221	0.000743	5.0
726	-0.017215	1.770948	0.152355	0.002107	5.0
727	-0.019341	2.770948	0.148464	0.002142	4.7
728	-0.016100	1.970948	0.151555	0.002904	5.5
729	-0.017705	2.970948	0.147717	0.001419	5.5
730	-0.016129	2.170948	0.150766	0.001911	5.3
731	-0.017127	3.170948	0.146980	0.001596	5.2
732	-0.018070	4.170948	0.143436	0.003084	5.2
733	-0.019185	5.170948	0.140111	0.001369	5.3
734	-0.017854	6.170948	0.136984	0.002404	4.8
735	-0.018261	7.170948	0.134035	0.001582	4.8
736	-0.017219	8.170948	0.131250	0.001590	4.8
737	-0.017606	7.370948	0.133466	0.002253	4.8
738	-0.017905	6.570948	0.135784	0.002373	4.5
739	-0.018163	5.770948	0.138212	0.001505	5.2
740	-0.015304	6.770948	0.135194	0.003680	5.5
741	-0.015536	5.970948	0.137594	0.001826	5.4
742	-0.016950	5.170948	0.140111	0.002248	5.0
743	-0.020280	4.370948	0.142754	0.002819	5.3
744	-0.019525	3.570948	0.145535	0.004098	4.8
745	-0.018044	2.770948	0.148464	0.002562	4.8
746	-0.018575	1.970948	0.151555	0.003471	4.7
747	-0.017653	1.170948	0.154824	0.001206	4.8
748	-0.017048	0.370949	0.158287	0.001470	4.9
749	-0.019315	1.370949	0.153989	0.002990	5.2
750	-0.019364	2.370949	0.149988	0.002510	4.9
751	-0.015691	1.570949	0.153166	0.001844	5.5
752	-0.018989	0.770949	0.156530	0.004536	5.5
753	-0.018263	0.000000	0.159965	0.003093	5.4
754	-0.017060	0.000000	0.159965	0.003220	5.8
755	-0.017171	0.000000	0.159965	0.001719	5.4
756	-0.015788	0.000000	0.159965	0.003222	5.8
757	-0.016690	1.000000	0.155547	0.001964	5.7
758	-0.019738	0.200000	0.159054	0.004787	5.6
759	-0.018515	1.200000	0.154702	0.004052	5.1
760	-0.017036	0.400000	0.158158	0.002777	5.1
761	-0.018233	1.400000	0.153869	0.002166	5.1
762	-0.017838	0.600068	0.157274	0.002028	4.9
763	-0.017232	0.000000	0.159965	0.001426	4.8
764	-0.015133	0.000000	0.159965	0.002022	4.6
765	-0.017087	1.000000	0.155547	0.002487	4.4
766	-0.017130	0.200000	0.159054	0.000750	4.5
767	-0.018355	0.000000	0.159965	0.002653	4.8
768	-0.017488	0.000000	0.159965	0.002514	4.4
769	-0.015756	0.000000	0.159965	0.004836	4.4
770	-0.017733	0.000000	0.159965	0.002268	4.5
771	-0.018056	0.000000	0.159965	0.001804	5.5
772	-0.018054	0.000000	0.159965	0.004819	5.4
773	-0.021181	0.000000	0.159965	0.004448	5.0
774	-0.016760	1.000000	0.155547	0.001418	4.8
775	-0.017821	0.200000	0.159054	0.003898	4.9
776	-0.018458	0.000000	0.159965	0.005398	4.9
777	-0.017486	0.000000	0.159965	0.002554	4.9
778	-0.018778	1.000000	0.155547	0.003835	4.9
779	-0.016051	2.000000	0.151440	0.002722	4.8
780	-0.020491	1.200000	0.154702	0.001729	5.1
781	-0.017453	0.400000	0.158158	0.004410	4.6
782	-0.016602	0.000000	0.159965	0.001538	4.9
783	-0.019831	0.000000	0.159965	0.003573	5.5
784	-0.017152	1.000000	0.155547	0.003370	4.9
785	-0.016780	0.200000	0.159054	0.001960	4.8
786	-0.017254	0.000000	0.159965	0.003364	4.6
787	-0.015846	0.000000	0.159965	0.002680	4.7
788	-0.018924	1.000000	0.155547	0.002351	5.0
789	-0.017847	0.200000	0.159054	0.002156	5.4
790	-0.016065	0.000000	0.159965	0.001687	5.3
791	-0.017670	0.000000	0.159965	0.002018	4.7
792	-0.018633	0.000000	0.159965	0.002204	5.1
793	-0.018274	0.000000	0.159965	0.004997	5.6
794	-0.016983	1.000000	0.155547	0.003390	5.0
795	-0.017282	0.200000	0.159054	0.001759	4.9
796	-0.018141	0.000000	0.159965	0.002410	5.0
797	-0.017021	0.000000	0.159965	0.001594	5.2
798	-0.018016	1.000000	0.155547	0.005623	5.1
799	-0.019109	2.000000	0.151440	0.001814	5.6
800	-0.016305	1.200000	0.154702	0.004425	5.4
801	-0.020843	0.400000	0.158158	0.001698	5.7
802	-0.016470	1.400000	0.153869	0.003894	5.8
803	-0.018693	2.400000	0.149876	0.002063	5.9
804	-0.017943	1.600000	0.153048	0.001829	5.9
805	-0.016082	0.800000	0.156404	0.002940	5.8
806	-0.019361	0.000000	0.159965	0.002478	6.0
807	-0.020259	0.000000	0.159965	0.003557	5.9
808	-0.017840	0.000000	0.159965	0.002596	5.9
809	-0.017022	0.000000	0.159965	0.001666	5.8
810	-0.016838	0.000000	0.159965	0.002039	5.6
811	-0.015735	0.000000	0.159965	0.002066	5.5
812	-0.017635	0.000000	0.159965	0.002492	5.3
813	-0.018065	0.000000	0.159965	0.002028	5.0
814	-0.017055	0.000000	0.159965	0.001708	5.1
815	-0.015741	0.000000	0.159965	0.002485	5.6
816	-0.015527	0.000000	0.159965	0.002547	5.5
817	-0.016444	0.000000	0.159965	0.001794	5.6
818	-0.018102	0.000000	0.159965	0.004744	5.6
819	-0.015994	0.000000	0.159965	0.003357	5.6
820	-0.015861	0.000000	0.159965	0.001710	5.6
821	-0.017318	0.000000	0.159965	0.002367	5.9
822	-0.015957	0.000000	0.159965	0.001588	5.4
823	-0.015670	0.000000	0.159965	0.001085	5.4
824	-0.017850	0.000000	0.159965	0.001737	5.7
825	-0.020203	0.000000	0.159965	0.001597	5.1
826	-0.016883	0.000000	0.159965	0.001511	5.8
827	-0.020202	1.000000	0.155547	0.002196	5.8
828	-0.017436	0.200000	0.159054	0.008477	5.8
829	-0.016685	0.000000	0.159965	0.002574	5.5
830	-0.018272	0.000000	0.159965	0.001533	5.9
831	-0.015861	1.000000	0.155547	0.002495	6.0
832	-0.017371	0.200000	0.159054	0.001197	5.7
833	-0.017129	0.000000	0.159965	0.002042	5.9
834	-0.017121	0.000000	0.159965	0.004649	5.8
835	-0.017445	0.000000	0.159965	0.004611	5.6
836	-0.019158	1.000000	0.155547	0.003404	5.4
837	-0.017093	2.000000	0.151440	0.001103	4.8
838	-0.017243	1.200000	0.154702	0.001959	4.9
839	-0.017097	0.400000	0.158158	0.003086	4.6
840	-0.018026	0.000000	0.159965	0.002009	4.5
841	-0.016321	1.000000	0.155547	0.001702	4.5
842	-0.018897	2.000000	0.151440	0.001434	4.5
843	-0.016114	3.000000	0.147609	0.003086	5.6
844	-0.017369	2.200000	0.150652	0.002510	4.7
845	-0.017277	1.400000	0.153869	0.001466	4.6
846	-0.015992	0.600000	0.157275	0.000674	5.7
847	-0.017608	0.000000	0.159965	0.001686	5.4
848	-0.017837	0.000000	0.159965	0.002431	5.6
849	-0.018786	0.000000	0.159965	0.001750	5.1
850	-0.017408	0.000000	0.159965	0.002847	5.1
851	-0.016737	1.000000	0.155547	0.005022	4.7
852	-0.016696	0.200000	0.159054	0.003153	4.8
853	-0.017300	0.000000	0.159965	0.001339	4.5
854	-0.016180	1.000000	0.155547	0.004742	4.6
855	-0.019183	0.200000	0.159054	0.002235	4.5
856	-0.015224	1.200000	0.154702	0.003035	4.5
857	-0.016827	0.400000	0.158158	0.002157	4.7
858	-0.019134	0.000000	0.159965	0.001895	4.5
859	-0.017127	1.000000	0.155547	0.002590	4.4
860	-0.016241	0.200000	0.159054	0.001353	4.2
861	-0.018191	0.000000	0.159965	0.002719	4.2
862	-0.018491	1.000000	0.155547	0.001291	4.2
863	-0.019129	2.000000	0.151440	0.001640	4.4
864	-0.016097	1.205670	0.154678	0.002108	5.3
865	-0.018668	2.205670	0.150630	0.001755	5.3
866	-0.016708	3.205670	0.146853	0.004457	4.9
867	-0.017466	4.205670	0.143317	0.004457	5.5
868	-0.018220	3.405670	0.146127	0.001459	5.6
869	-0.016962	4.405670	0.142637	0.001911	5.5
870	-0.017424	5.405670	0.139360	0.002063	5.5
871	-0.018747	4.605670	0.141965	0.002742	5.8
872	-0.016616	5.605670	0.138728	0.002768	5.8
873	-0.019325	4.805670	0.141302	0.001636	5.8
874	-0.014348	5.805670	0.138104	0.002294	5.8
875	-0.016524	5.005670	0.140647	0.003853	5.7
876	-0.016179	4.205670	0.143317	0.002620	5.7
877	-0.017390	5.205670	0.139999	0.001493	5.6
878	-0.018473	4.405670	0.142637	0.001936	5.8
879	-0.017712	3.605670	0.145411	0.004023	5.5
880	-0.015500	4.605670	0.141965	0.003154	5.6
881	-0.019581	5.605670	0.138728	0.002586	5.6
882	-0.017628	4.805670	0.141302	0.002531	5.0
883	-0.018982	4.005670	0.144006	0.001211	4.8
884	-0.019329	3.205670	0.146853	0.002509	4.8
885	-0.015647	3.386863	0.146195	0.001724	4.6
886	-0.018165	2.586863	0.149160	0.001611	4.5
887	-0.019445	1.786863	0.152291	0.003128	4.4
888	-0.016659	0.986863	0.155603	0.001168	4.4
889	-0.017366	0.186863	0.159114	0.001400	4.6
890	-0.018302	1.186863	0.154757	0.002712	5.1
891	-0.017598	0.386863	0.158216	0.002564	4.3
892	-0.015464	0.000000	0.159965	0.001928	4.9
893	-0.017501	0.000000	0.159965	0.001335	5.6
894	-0.019239	1.000000	0.155547	0.004113	5.0
895	-0.018067	0.200000	0.159054	0.002601	5.6
896	-0.016972	0.000000	0.159965	0.002638	5.6
897	-0.019232	1.000000	0.155547	0.001919	5.3
898	-0.021221	0.200000	0.159054	0.002456	5.5
899	-0.017536	1.188546	0.154750	0.001431	5.5
900	-0.014458	0.388546	0.158209	0.003642	5.7
901	-0.016880	0.000000	0.159965	0.001363	5.7
902	-0.019042	1.000000	0.155547	0.002539	5.9
903	-0.016238	0.200000	0.159054	0.003487	5.9
904	-0.016194	1.200000	0.154702	0.001495	6.0
905	-0.017672	0.400000	0.158158	0.001975	5.9
906	-0.017806	0.000000	0.159965	0.001605	6.0
907	-0.017638	1.000000	0.155547	0.001555	6.0
908	-0.017613	0.200000	0.159054	0.002203	6.0
909	-0.017990	0.000000	0.159965	0.002992	6.1
910	-0.017207	1.000000	0.155547	0.003751	5.8
911	-0.018176	0.200000	0.159054	0.001100	5.9
912	-0.018769	0.000000	0.159965	0.001514	5.5
913	-0.016540	0.000000	0.159965	0.002922	5.7
914	-0.015808	0.000000	0.159965	0.002118	5.2
915	-0.014726	0.000000	0.159965	0.002599	5.2
916	-0.017281	0.000000	0.159965	0.004377	5.8
917	-0.018184	0.000000	0.159965	0.001832	5.8
918	-0.016642	1.000000	0.155547	0.002399	5.9
919	-0.015311	0.200000	0.159054	0.002691	6.0
920	-0.018496	0.000000	0.159965	0.002727	5.7
921	-0.017417	1.000000	0.155547	0.001624	5.1
922	-0.019428	0.200000	0.159054	0.001950	5.3
923	-0.016105	0.000000	0.159965	0.001826	5.8
924	-0.017367	0.000000	0.159965	0.001576	5.6
925	-0.017753	0.000000	0.159965	0.001905	5.7
926	-0.016748	1.000000	0.155547	0.001360	5.9
927	-0.018153	0.200000	0.159054	0.002866	5.7
928	-0.018225	0.000000	0.159965	0.002197	6.0
929	-0.016558	1.000000	0.155547	0.002006	6.1
930	-0.018812	0.200000	0.159054	0.002078	6.0
931	-0.018966	1.200000	0.154702	0.002718	5.8
932	-0.018479	0.400000	0.158158	0.002764	6.4
933	-0.017609	1.400000	0.153869	0.001374	6.2
934	-0.017079	0.600000	0.157275	0.003543	6.1
935	-0.018000	0.000000	0.159965	0.003296	6.1
936	-0.018547	0.000000	0.159965	0.003742	5.9
937	-0.016376	0.000000	0.159965	0.002754	5.7
938	-0.018989	1.000000	0.155547	0.001146	5.6
939	-0.016636	2.000000	0.151440	0.001437	5.1
940	-0.017804	1.203853	0.154686	0.002930	5.1
941	-0.017005	0.403853	0.158141	0.001249	5.1
942	-0.017357	1.403853	0.153853	0.001811	4.9
943	-0.020574	2.403853	0.149861	0.002946	5.4
944	-0.017271	3.403853	0.146134	0.002521	4.5
945	-0.017504	4.403853	0.142643	0.003201	4.7
946	-0.017259	3.603853	0.145417	0.002020	4.8
947	-0.017656	2.803853	0.148340	0.002435	5.7
948	-0.017509	3.803853	0.144710	0.002056	5.7
949	-0.016945	3.003853	0.147595	0.000598	5.7
950	-0.016795	3.931013	0.144266	0.002355	5.6
951	-0.017616	4.931013	0.140890	0.002263	5.5
952	-0.018745	5.931013	0.137717	0.003466	5.3
953	-0.018467	6.931013	0.134727	0.002541	5.8
954	-0.018730	6.131013	0.137105	0.001619	5.8
955	-0.017515	5.331013	0.139598	0.001759	5.5
956	-0.016658	4.531652	0.142213	0.001728	5.7
957	-0.016015	3.731652	0.144964	0.002912	5.5
958	-0.017413	4.731652	0.141546	0.001886	5.5
959	-0.016350	5.731652	0.138334	0.003490	5.1
960	-0.017152	6.731652	0.135310	0.001113	5.2
961	-0.017786	7.731652	0.132455	0.003444	5.7
962	-0.017619	6.931652	0.134726	0.002032	5.7
963	-0.016590	6.131652	0.137103	0.002155	5.8
964	-0.017418	7.131652	0.134148	0.002129	5.9
965	-0.018274	6.331652	0.136498	0.001835	5.5
966	-0.020093	5.531658	0.138961	0.001985	5.1
967	-0.017311	4.731658	0.141546	0.001554	5.0
968	-0.019052	5.731658	0.138334	0.000960	4.9
969	-0.016802	4.931658	0.140888	0.002862	5.2
970	-0.016397	4.131658	0.143571	0.002930	5.4
971	-0.018851	5.131658	0.140238	0.001780	4.8
972	-0.016663	6.131658	0.137103	0.002079	4.8
973	-0.017692	5.331658	0.139596	0.002117	4.7
974	-0.016992	4.531658	0.142213	0.002327	4.4
975	-0.018443	3.731658	0.144964	0.004317	4.4
976	-0.019047	2.931658	0.147863	0.003643	5.4
977	-0.015845	3.931658	0.144263	0.003328	4.9
978	-0.018268	3.131658	0.147124	0.004426	5.4
979	-0.019808	4.131658	0.143571	0.004014	5.4
980	-0.016492	3.331658	0.146394	0.002430	5.6
981	-0.017756	4.331658	0.142888	0.002385	5.5
982	-0.017552	3.531658	0.145675	0.001595	5.4
983	-0.017086	2.731658	0.148612	0.002293	6.5
984	-0.019155	1.931658	0.151711	0.002360	5.8
985	-0.017938	2.931658	0.147863	0.003660	5.9
986	-0.016098	2.131658	0.150920	0.001945	5.8
987	-0.016458	1.331658	0.154152	0.003295	5.8
988	-0.017527	2.331658	0.150140	0.002661	5.0
989	-0.016689	1.531659	0.153327	0.002142	5.4
990	-0.017638	0.731659	0.156700	0.001973	5.6
991	-0.018581	0.000000	0.159965	0.003638	5.3
992	-0.017610	0.000000	0.159965	0.002457	5.1
993	-0.016111	0.000000	0.159965	0.002816	5.4
994	-0.018083	0.000000	0.159965	0.002865	5.7
995	-0.015695	1.000000	0.155547	0.001922	5.9
996	-0.017975	0.200000	0.159054	0.002039	5.3
997	-0.016315	0.000000	0.159965	0.002179	5.5
998	-0.017317	0.000000	0.159965	0.002372	5.2
999	-0.017394	1.000000	0.155547	0.003962	4.8
