1:ItNr	2:Metric	3a:Time	3b:StepSize	4:||Gradient||	Time[ms]
0	-0.018672	0.000000	0.159965	0.002013	542.5
1	-0.018502	0.000000	0.159965	0.002311	3.3
2	-0.018550	1.000000	0.155547	0.006064	3.2
3	-0.020853	2.000000	0.151440	0.004787	3.2
4	-0.021140	3.000000	0.147609	0.002705	3.4
5	-0.020687	2.200000	0.150652	0.002664	3.3
6	-0.023195	3.200000	0.146873	0.002074	3.4
7	-0.018784	2.400000	0.149876	0.002944	3.9
8	-0.018618	3.400000	0.146147	0.001833	4.1
9	-0.021416	2.600000	0.149110	0.003291	4.2
10	-0.017938	1.800000	0.152238	0.002457	4.3
11	-0.021871	2.800000	0.148354	0.004811	4.2
12	-0.017501	2.000000	0.151440	0.002030	4.4
13	-0.022544	1.200000	0.154702	0.005943	4.4
14	-0.019758	2.200000	0.150652	0.002478	4.7
15	-0.017089	3.200000	0.146873	0.003286	5.3
16	-0.021206	2.400000	0.149876	0.001360	5.6
17	-0.020625	1.600000	0.153048	0.003733	5.8
18	-0.021962	0.800000	0.156404	0.002125	5.2
19	-0.017348	0.000000	0.159965	0.003329	5.2
20	-0.020791	0.000000	0.159965	0.002846	5.1
21	-0.020932	1.000000	0.155547	0.003901	5.7
22	-0.021119	2.000000	0.151440	0.003369	7.5
23	-0.017263	1.200000	0.154702	0.002089	5.9
24	-0.019675	0.400000	0.158158	0.001582	5.9
25	-0.019959	1.400000	0.153869	0.004024	6.1
26	-0.018364	2.400000	0.149876	0.003599	5.7
27	-0.021228	3.400000	0.146147	0.003311	5.6
28	-0.019871	2.600000	0.149110	0.001997	5.0
29	-0.021552	3.600000	0.145431	0.002081	5.4
30	-0.018490	4.600000	0.141984	0.004148	6.0
31	-0.019398	5.600000	0.138746	0.002643	6.1
32	-0.020782	4.800000	0.141320	0.002629	5.6
33	-0.017930	4.000000	0.144026	0.003581	5.7
34	-0.019439	3.200000	0.146873	0.003559	5.6
35	-0.019562	2.400000	0.149876	0.002482	5.1
36	-0.020060	3.400000	0.146147	0.001850	5.3
37	-0.023143	4.400000	0.142656	0.002753	5.0
38	-0.020578	3.600000	0.145431	0.002719	4.7
39	-0.018364	2.800000	0.148354	0.001617	6.0
40	-0.019220	2.000000	0.151440	0.003814	6.2
41	-0.022092	1.200000	0.154702	0.001281	6.2
42	-0.020273	0.400000	0.158158	0.003775	5.5
43	-0.019016	0.000000	0.159965	0.003179	5.6
44	-0.022432	0.000000	0.159965	0.002031	5.7
45	-0.017703	0.000000	0.159965	0.001990	5.8
46	-0.020150	0.000000	0.159965	0.002081	5.6
47	-0.022666	1.000000	0.155547	0.003875	5.7
48	-0.018989	2.000000	0.151440	0.004145	6.1
49	-0.022749	1.200000	0.154702	0.003678	6.2
50	-0.021570	0.400000	0.158158	0.003698	6.0
51	-0.020094	0.000000	0.159965	0.001821	6.2
52	-0.017416	1.000000	0.155547	0.002457	6.1
53	-0.021639	2.000000	0.151440	0.002018	6.2
54	-0.021778	3.000000	0.147609	0.003434	6.3
55	-0.019061	4.000000	0.144026	0.005377	6.3
56	-0.019897	3.200000	0.146873	0.001573	6.4
57	-0.019588	2.400000	0.149876	0.002859	6.0
58	-0.016805	1.600000	0.153048	0.001915	6.2
59	-0.022196	2.600000	0.149110	0.003589	6.2
60	-0.019683	1.800000	0.152238	0.002374	6.4
61	-0.017991	1.000000	0.155547	0.003767	6.2
62	-0.025248	0.200000	0.159054	0.001449	6.3
63	-0.019129	0.000000	0.159965	0.001131	6.4
64	-0.019464	0.000000	0.159965	0.001968	6.2
65	-0.022297	0.000000	0.159965	0.003867	6.1
66	-0.018802	0.000000	0.159965	0.006343	5.8
67	-0.023353	1.000000	0.155547	0.003324	6.2
68	-0.021246	2.000000	0.151440	0.001670	6.3
69	-0.022056	1.200000	0.154702	0.002817	6.3
70	-0.019611	0.400000	0.158158	0.002392	6.1
71	-0.020964	0.000000	0.159965	0.002305	5.7
72	-0.019551	0.000000	0.159965	0.002630	6.3
73	-0.019628	1.000000	0.155547	0.002719	6.1
74	-0.018683	2.000000	0.151440	0.002202	6.1
75	-0.017628	3.000000	0.147609	0.002968	5.9
76	-0.020905	2.200000	0.150652	0.001649	5.3
77	-0.019653	1.400000	0.153869	0.002583	5.3
78	-0.020627	0.600000	0.157275	0.004382	5.2
79	-0.018146	0.000000	0.159965	0.001865	5.0
80	-0.021020	0.999993	0.155547	0.003753	5.0
81	-0.018242	0.199993	0.159054	0.001533	4.6
82	-0.021388	0.000000	0.159965	0.002816	4.7
83	-0.019417	0.000000	0.159965	0.002481	4.8
84	-0.020828	1.000000	0.155547	0.001877	4.7
85	-0.019582	0.200000	0.159054	0.001785	4.8
86	-0.020559	0.000000	0.159965	0.003199	4.8
87	-0.021456	0.000000	0.159965	0.002894	4.8
88	-0.018223	0.000000	0.159965	0.002220	4.6
89	-0.020410	0.000000	0.159965	0.002717	4.8
90	-0.017751	1.000000	0.155547	0.002540	4.7
91	-0.018790	0.200000	0.159054	0.003061	4.8
92	-0.020592	1.200000	0.154702	0.002862	4.9
93	-0.021914	0.400000	0.158158	0.004303	5.1
94	-0.018474	1.400000	0.153869	0.001708	6.0
95	-0.020480	2.400000	0.149876	0.003175	6.0
96	-0.019870	3.400000	0.146147	0.002279	6.0
97	-0.019111	2.600000	0.149110	0.003793	5.5
98	-0.018751	1.800000	0.152238	0.001555	5.4
99	-0.019744	1.000000	0.155547	0.005252	4.9
100	-0.017406	0.200000	0.159054	0.002974	5.0
101	-0.020584	0.000000	0.159965	0.002566	4.9
102	-0.017764	1.000000	0.155547	0.003869	4.9
103	-0.020689	2.000000	0.151440	0.001963	4.8
104	-0.021638	1.200000	0.154702	0.001686	6.1
105	-0.017485	0.400000	0.158158	0.004977	5.9
106	-0.019540	0.000000	0.159965	0.003117	5.9
107	-0.021809	0.000000	0.159965	0.004777	6.2
108	-0.019776	0.000000	0.159965	0.001974	6.3
109	-0.021498	0.000000	0.159965	0.001915	6.4
110	-0.018446	0.000000	0.159965	0.002007	6.2
111	-0.018867	0.000000	0.159965	0.004386	6.2
112	-0.018508	0.000000	0.159965	0.003746	5.8
113	-0.019356	0.000000	0.159965	0.003617	5.5
114	-0.019980	0.000000	0.159965	0.001692	6.0
115	-0.017937	0.000000	0.159965	0.003856	5.7
116	-0.018915	1.000000	0.155547	0.002825	5.3
117	-0.020101	0.200000	0.159054	0.002696	5.3
118	-0.018539	0.000000	0.159965	0.004421	5.1
119	-0.019621	0.000000	0.159965	0.001681	6.1
120	-0.021951	1.000000	0.155547	0.003840	6.1
121	-0.017939	0.200000	0.159054	0.004212	5.9
122	-0.018490	0.000000	0.159965	0.001437	6.0
123	-0.019703	1.000000	0.155547	0.002737	5.5
124	-0.021180	2.000000	0.151440	0.003155	6.2
125	-0.019435	1.200000	0.154702	0.005461	6.1
126	-0.021291	0.400000	0.158158	0.002917	6.2
127	-0.019573	0.000000	0.159965	0.002745	5.8
128	-0.021394	0.000000	0.159965	0.004413	5.9
129	-0.021692	0.000000	0.159965	0.004467	6.3
130	-0.019973	1.000000	0.155547	0.002712	6.1
131	-0.020189	0.200000	0.159054	0.003886	6.1
132	-0.022224	0.000000	0.159965	0.001885	6.2
133	-0.019066	1.000000	0.155547	0.001988	6.1
134	-0.017212	2.000000	0.151440	0.002814	6.0
135	-0.018031	1.200000	0.154702	0.003176	5.9
136	-0.020106	0.400000	0.158158	0.003598	5.8
137	-0.019678	1.400000	0.153869	0.003850	6.0
138	-0.018635	2.400000	0.149876	0.002223	5.2
139	-0.020476	1.600000	0.153048	0.001520	5.3
140	-0.019224	0.800000	0.156404	0.001625	5.4
141	-0.019709	0.000000	0.159965	0.003158	6.1
142	-0.020220	0.000000	0.159965	0.001485	5.9
143	-0.017222	1.000000	0.155547	0.002327	6.3
144	-0.018199	0.200000	0.159054	0.002612	6.3
145	-0.021333	0.000000	0.159965	0.001911	6.2
146	-0.016082	1.000000	0.155547	0.006014	6.0
147	-0.018588	0.200000	0.159054	0.001897	5.6
148	-0.018417	0.000000	0.159965	0.003672	5.5
149	-0.019006	0.000000	0.159965	0.002823	4.9
150	-0.021290	0.000000	0.159965	0.003639	5.0
151	-0.021514	1.000000	0.155547	0.002135	4.8
152	-0.020452	2.000000	0.151440	0.002730	4.9
153	-0.019689	3.000000	0.147609	0.005387	4.8
154	-0.015555	4.000000	0.144026	0.001517	5.0
155	-0.017462	3.200000	0.146873	0.003040	4.8
156	-0.020291	2.400000	0.149876	0.002873	4.8
157	-0.020540	1.600000	0.153048	0.002204	4.7
158	-0.017992	0.800000	0.156404	0.001249	4.8
159	-0.017696	1.798195	0.152245	0.005681	4.7
160	-0.021587	0.998195	0.155555	0.001991	5.8
161	-0.020905	1.998195	0.151447	0.002918	5.1
162	-0.018806	2.959934	0.147758	0.003520	6.1
163	-0.019366	2.159934	0.150809	0.002036	6.1
164	-0.019176	3.159934	0.147020	0.003825	5.8
165	-0.019877	2.359934	0.150031	0.000838	6.0
166	-0.020486	1.559934	0.153211	0.003096	6.2
167	-0.020134	0.759934	0.156578	0.002596	6.1
168	-0.019032	0.000000	0.159965	0.002379	6.2
169	-0.017209	0.000000	0.159965	0.000820	6.2
170	-0.020933	0.000000	0.159965	0.001204	6.2
171	-0.020179	0.000000	0.159965	0.002207	6.1
172	-0.020075	0.000000	0.159965	0.001420	6.2
173	-0.019762	0.000000	0.159965	0.002060	5.6
174	-0.017916	0.000000	0.159965	0.002182	5.7
175	-0.018987	0.000000	0.159965	0.005642	5.2
176	-0.018686	0.000000	0.159965	0.001931	5.1
177	-0.018861	0.000000	0.159965	0.004898	5.3
178	-0.018938	0.000000	0.159965	0.002150	6.2
179	-0.021433	0.000000	0.159965	0.003984	5.5
180	-0.018762	0.000000	0.159965	0.002442	6.2
181	-0.019161	1.000000	0.155547	0.004100	6.1
182	-0.017194	0.200000	0.159054	0.003363	5.6
183	-0.021229	1.200000	0.154702	0.002982	5.3
184	-0.020799	0.400000	0.158158	0.002650	4.8
185	-0.019838	0.000000	0.159965	0.002230	4.9
186	-0.021543	1.000000	0.155547	0.006780	4.9
187	-0.019938	2.000000	0.151440	0.003916	6.1
188	-0.019861	1.200000	0.154702	0.003960	6.2
189	-0.018514	0.400000	0.158158	0.002322	6.0
190	-0.019683	1.400000	0.153869	0.003287	6.0
191	-0.020693	2.400000	0.149876	0.006285	6.3
192	-0.021064	1.600000	0.153048	0.003304	6.3
193	-0.021118	0.800000	0.156404	0.003535	6.3
194	-0.018711	0.000000	0.159965	0.004441	6.1
195	-0.019732	0.000000	0.159965	0.001996	6.0
196	-0.019223	0.000000	0.159965	0.004846	6.0
197	-0.020206	1.000000	0.155547	0.001727	5.7
198	-0.022820	2.000000	0.151440	0.004399	4.2
199	-0.020750	3.000000	0.147609	0.002050	4.1
200	-0.018721	4.000000	0.144026	0.002238	4.2
201	-0.020852	3.200000	0.146873	0.003458	4.2
202	-0.020387	2.400000	0.149876	0.005059	4.2
203	-0.022252	3.400000	0.146147	0.009545	4.1
204	-0.018725	2.600000	0.149110	0.002895	4.0
205	-0.018820	3.600000	0.145431	0.005374	4.1
206	-0.018617	4.600000	0.141984	0.002436	4.3
207	-0.020898	5.600000	0.138746	0.006063	4.2
208	-0.019732	4.800000	0.141320	0.002593	4.4
209	-0.017334	4.000000	0.144026	0.002870	4.9
210	-0.017943	5.000000	0.140665	0.002144	5.7
211	-0.017538	4.200000	0.143337	0.002736	5.8
212	-0.017574	3.400000	0.146147	0.002167	5.5
213	-0.018769	2.600000	0.149110	0.003130	5.1
214	-0.019479	1.800000	0.152238	0.002149	6.1
215	-0.020290	1.000000	0.155547	0.004848	6.0
216	-0.019404	2.000000	0.151440	0.004101	5.9
217	-0.021785	1.200000	0.154702	0.002739	6.1
218	-0.018418	2.200000	0.150652	0.004507	6.1
219	-0.021126	1.400000	0.153869	0.001263	6.4
220	-0.019215	0.600000	0.157275	0.002911	6.2
221	-0.019353	0.000000	0.159965	0.002575	6.2
222	-0.021215	1.000000	0.155547	0.001605	6.2
223	-0.019012	0.200000	0.159054	0.002042	6.3
224	-0.019082	0.000000	0.159965	0.001906	6.2
225	-0.019918	1.000000	0.155547	0.003021	6.0
226	-0.020095	0.200000	0.159054	0.004409	5.9
227	-0.020526	1.200000	0.154702	0.002475	5.2
228	-0.019878	2.200000	0.150652	0.004540	5.2
229	-0.017129	3.200000	0.146873	0.002704	4.9
230	-0.019913	4.200000	0.143337	0.001906	4.9
231	-0.019760	3.400000	0.146147	0.001951	4.8
232	-0.023627	4.400000	0.142656	0.003979	5.1
233	-0.022103	5.400000	0.139378	0.003252	6.2
234	-0.023110	6.393901	0.136311	0.001675	5.5
235	-0.019210	5.593901	0.138765	0.002312	5.9
236	-0.018366	4.793901	0.141341	0.002423	6.0
237	-0.022644	3.993901	0.144047	0.003913	5.7
238	-0.019046	3.193901	0.146896	0.002194	5.3
239	-0.017815	2.393901	0.149900	0.005294	5.2
240	-0.019758	1.593901	0.153073	0.006606	5.1
241	-0.022484	0.793901	0.156431	0.003903	5.3
242	-0.020592	1.793901	0.152263	0.001518	6.0
243	-0.020788	0.993901	0.155573	0.002703	5.9
244	-0.017980	1.993901	0.151464	0.002164	6.3
245	-0.017991	1.193901	0.154727	0.006948	6.2
246	-0.018533	0.393901	0.158185	0.003188	6.1
247	-0.021693	0.000000	0.159965	0.001708	6.1
248	-0.018410	1.000000	0.155547	0.002083	6.2
249	-0.021409	0.200000	0.159054	0.002401	5.8
250	-0.021193	0.000000	0.159965	0.002396	6.1
251	-0.019014	0.000000	0.159965	0.003499	6.2
252	-0.017673	1.000000	0.155547	0.002282	5.9
253	-0.019573	2.000000	0.151440	0.003725	6.0
254	-0.020069	3.000000	0.147609	0.004572	5.2
255	-0.019594	2.200000	0.150652	0.002786	6.2
256	-0.018585	1.400000	0.153869	0.002181	6.0
257	-0.018834	0.600000	0.157275	0.002358	6.0
258	-0.019263	0.000000	0.159965	0.003702	5.7
259	-0.017526	0.000000	0.159965	0.002085	6.1
260	-0.020804	1.000000	0.155547	0.003557	6.4
261	-0.023228	0.200000	0.159054	0.003123	6.3
262	-0.022300	1.200000	0.154702	0.005140	6.3
263	-0.020841	2.200000	0.150652	0.002466	6.1
264	-0.019175	1.400000	0.153869	0.001203	6.2
265	-0.021309	0.600000	0.157275	0.003560	5.6
266	-0.019021	0.000000	0.159965	0.001502	5.5
267	-0.018606	0.000000	0.159965	0.001849	4.8
268	-0.020286	1.000000	0.155547	0.002799	4.9
269	-0.019073	2.000000	0.151440	0.003030	4.7
270	-0.020850	1.200000	0.154702	0.004392	4.7
271	-0.020452	0.400000	0.158158	0.005597	5.0
272	-0.019269	1.400000	0.153869	0.002826	5.9
273	-0.019442	2.400000	0.149876	0.002799	5.0
274	-0.019569	1.600000	0.153048	0.004530	5.0
275	-0.018226	0.800000	0.156404	0.001904	5.8
276	-0.019766	0.000000	0.159965	0.003858	4.7
277	-0.020320	0.000000	0.159965	0.005301	5.0
278	-0.016143	0.000000	0.159965	0.002994	4.9
279	-0.021128	1.000000	0.155547	0.002824	4.9
280	-0.017690	2.000000	0.151440	0.002013	6.0
281	-0.017097	1.200000	0.154702	0.002233	5.8
282	-0.019669	0.400000	0.158158	0.001217	5.6
283	-0.017926	0.000000	0.159965	0.003108	6.2
284	-0.020862	1.000000	0.155547	0.002490	6.2
285	-0.020512	0.200000	0.159054	0.004568	6.1
286	-0.020506	0.000000	0.159965	0.003614	6.0
287	-0.018948	1.000000	0.155547	0.001409	5.4
288	-0.018118	0.200000	0.159054	0.004106	5.3
289	-0.018605	1.200000	0.154702	0.003723	5.1
290	-0.021884	0.400000	0.158158	0.004139	5.0
291	-0.024304	0.000000	0.159965	0.003990	5.0
292	-0.020232	0.000000	0.159965	0.005618	6.2
293	-0.021198	0.000000	0.159965	0.001464	6.2
294	-0.021218	0.000000	0.159965	0.003561	6.0
295	-0.019681	0.000000	0.159965	0.002006	6.3
296	-0.017732	0.000000	0.159965	0.001458	6.3
297	-0.018797	0.000000	0.159965	0.005156	6.1
298	-0.023284	1.000000	0.155547	0.004387	6.3
299	-0.020691	0.200000	0.159054	0.004173	6.4
300	-0.018917	0.000000	0.159965	0.004467	6.2
301	-0.017825	0.000000	0.159965	0.004873	5.9
302	-0.020812	0.000000	0.159965	0.004078	5.4
303	-0.021682	0.000000	0.159965	0.002974	5.4
304	-0.019836	0.000000	0.159965	0.001740	5.2
305	-0.018965	0.000000	0.159965	0.002765	5.2
306	-0.020830	1.000000	0.155547	0.002431	6.2
307	-0.023641	2.000000	0.151440	0.003282	6.1
308	-0.018932	1.200000	0.154702	0.003686	5.6
309	-0.019860	2.200000	0.150652	0.001602	6.3
310	-0.020211	1.400000	0.153869	0.001865	6.0
311	-0.020769	0.600000	0.157275	0.001209	6.1
312	-0.018123	0.000000	0.159965	0.001501	6.0
313	-0.020828	1.000000	0.155547	0.002783	6.0
314	-0.019787	0.307718	0.158570	0.003471	6.2
315	-0.018639	0.000000	0.159965	0.003970	6.3
316	-0.022771	0.000000	0.159965	0.003870	6.2
317	-0.021843	0.000000	0.159965	0.003204	6.0
318	-0.018071	0.000000	0.159965	0.002438	6.0
319	-0.017861	1.000000	0.155547	0.003011	5.3
320	-0.020022	0.200000	0.159054	0.002341	5.3
321	-0.019112	0.000000	0.159965	0.002187	5.3
322	-0.017580	0.000000	0.159965	0.004251	4.9
323	-0.019073	0.000000	0.159965	0.001865	4.8
324	-0.022112	0.000000	0.159965	0.002480	4.8
325	-0.018549	0.000000	0.159965	0.001412	5.0
326	-0.022335	1.000000	0.155547	0.003666	6.1
327	-0.018613	0.200000	0.159054	0.005136	5.9
328	-0.018850	0.000000	0.159965	0.004661	5.8
329	-0.020144	0.000000	0.159965	0.002486	5.8
330	-0.019016	0.000000	0.159965	0.004137	6.6
331	-0.018105	1.000000	0.155547	0.002291	5.8
332	-0.018714	2.000000	0.151440	0.002171	6.3
333	-0.017174	1.200000	0.154702	0.001693	6.3
334	-0.021224	0.400000	0.158158	0.002716	6.1
335	-0.016874	1.400000	0.153869	0.002035	6.7
336	-0.019915	2.400000	0.149876	0.002528	6.1
337	-0.018459	3.400000	0.146147	0.002709	6.1
338	-0.020727	2.600000	0.149110	0.002213	6.1
339	-0.020784	1.800000	0.152238	0.004435	6.2
340	-0.017366	2.800000	0.148354	0.001629	6.4
341	-0.022246	3.800000	0.144724	0.002721	6.0
342	-0.017465	3.000000	0.147609	0.001862	6.0
343	-0.020449	2.200000	0.150652	0.002408	5.7
344	-0.018557	1.400000	0.153869	0.005203	5.2
345	-0.020419	2.400000	0.149876	0.002191	4.9
346	-0.020500	3.400000	0.146147	0.002019	4.9
347	-0.018182	2.600000	0.149110	0.002440	4.9
348	-0.019818	1.800000	0.152238	0.002833	4.8
349	-0.018925	1.000000	0.155547	0.001725	4.8
350	-0.016153	0.200000	0.159054	0.001549	6.1
351	-0.017627	1.200000	0.154702	0.002513	6.0
352	-0.018078	2.200000	0.150652	0.003894	6.1
353	-0.023463	1.400000	0.153869	0.003169	6.4
354	-0.020452	0.600000	0.157275	0.002320	5.8
355	-0.020547	0.000000	0.159965	0.003980	5.8
356	-0.020305	0.000000	0.159965	0.004101	5.4
357	-0.019445	1.000000	0.155547	0.005991	5.1
358	-0.020487	0.200000	0.159054	0.001246	5.0
359	-0.018933	1.200000	0.154702	0.001624	6.1
360	-0.018164	0.417493	0.158080	0.003359	6.0
361	-0.020409	1.417493	0.153797	0.003530	6.0
362	-0.017775	0.617493	0.157198	0.002478	6.3
363	-0.019575	0.000000	0.159965	0.002406	6.2
364	-0.019181	0.000000	0.159965	0.002340	6.1
365	-0.018106	0.000000	0.159965	0.001735	6.1
366	-0.019956	0.000000	0.159965	0.002058	5.3
367	-0.018776	1.000000	0.155547	0.007610	5.3
368	-0.019522	2.000000	0.151440	0.002510	5.1
369	-0.017831	3.000000	0.147609	0.006334	5.8
370	-0.020253	4.000000	0.144026	0.001417	6.0
371	-0.023788	3.200000	0.146873	0.003072	5.5
372	-0.018983	2.400000	0.149876	0.002672	5.8
373	-0.024929	1.600000	0.153048	0.002281	5.9
374	-0.016702	0.800000	0.156404	0.001765	5.7
375	-0.022148	1.800000	0.152238	0.005092	5.5
376	-0.018895	1.000000	0.155547	0.005606	5.3
377	-0.021470	0.200000	0.159054	0.002088	5.3
378	-0.018493	0.000000	0.159965	0.002471	5.1
379	-0.019835	1.000000	0.155547	0.003104	5.4
380	-0.020808	2.000000	0.151440	0.001551	6.0
381	-0.018583	1.200000	0.154702	0.006732	5.9
382	-0.020390	0.400000	0.158158	0.003592	5.3
383	-0.018431	1.400000	0.153869	0.003284	5.4
384	-0.020369	0.600000	0.157275	0.002379	5.2
385	-0.020494	0.000000	0.159965	0.002671	5.4
386	-0.019820	1.000000	0.155547	0.004852	6.0
387	-0.019273	0.200000	0.159054	0.001685	5.4
388	-0.022063	1.200000	0.154702	0.001528	6.4
389	-0.020838	2.200000	0.150652	0.001768	6.1
390	-0.019047	2.551130	0.149296	0.004166	5.9
391	-0.020283	3.551130	0.145605	0.001562	6.0
392	-0.021703	2.751130	0.148538	0.003871	6.0
393	-0.018495	3.751130	0.144896	0.002628	6.4
394	-0.017944	2.951130	0.147790	0.003114	6.1
395	-0.018801	2.151130	0.150844	0.002197	5.8
396	-0.019625	3.151130	0.147052	0.001719	5.9
397	-0.016754	2.351130	0.150065	0.002218	6.2
398	-0.020625	1.551130	0.153247	0.003563	6.1
399	-0.020862	0.751130	0.156616	0.002412	5.6
400	-0.019930	0.000000	0.159965	0.001795	5.7
401	-0.019978	0.000000	0.159965	0.002295	5.6
402	-0.019380	0.000000	0.159965	0.003171	5.2
403	-0.021683	1.000000	0.155547	0.003675	5.0
404	-0.018366	2.000000	0.151440	0.003149	4.9
405	-0.020147	3.000000	0.147609	0.002613	4.9
406	-0.018858	2.200000	0.150652	0.002247	5.0
407	-0.019905	1.400000	0.153869	0.003423	6.1
408	-0.018365	2.400000	0.149876	0.003141	6.0
409	-0.018930	1.600000	0.153048	0.002512	6.1
410	-0.020604	0.800000	0.156404	0.001590	5.5
411	-0.017670	0.000000	0.159965	0.001683	5.6
412	-0.021158	0.000000	0.159965	0.003356	5.5
413	-0.020894	0.000000	0.159965	0.003862	5.2
414	-0.019564	0.000000	0.159965	0.001796	6.1
415	-0.023418	0.000000	0.159965	0.005601	5.1
416	-0.021353	0.000000	0.159965	0.002714	5.3
417	-0.020199	0.000000	0.159965	0.004239	5.2
418	-0.017373	1.000000	0.155547	0.002228	4.8
419	-0.019076	0.200000	0.159054	0.002592	4.7
420	-0.021583	1.200000	0.154702	0.003131	4.8
421	-0.021760	0.400000	0.158158	0.002669	6.1
422	-0.022011	1.400000	0.153869	0.002876	6.2
423	-0.018774	0.600000	0.157275	0.003353	6.2
424	-0.017998	1.600000	0.153048	0.004986	6.1
425	-0.019847	0.800000	0.156404	0.001473	6.1
426	-0.018928	0.000000	0.159965	0.002778	6.1
427	-0.020417	0.000000	0.159965	0.001782	6.3
428	-0.021149	0.000000	0.159965	0.004269	6.2
429	-0.018351	0.000000	0.159965	0.002770	5.9
430	-0.019806	0.000000	0.159965	0.002566	5.5
431	-0.021568	0.000000	0.159965	0.003186	6.2
432	-0.021134	0.000000	0.159965	0.002067	6.3
433	-0.020465	0.997366	0.155558	0.002918	5.9
434	-0.017942	0.197366	0.159066	0.002903	6.2
435	-0.022270	0.000000	0.159965	0.003943	6.1
436	-0.020220	0.000000	0.159965	0.002193	5.7
437	-0.019834	0.000000	0.159965	0.010708	5.2
438	-0.019173	0.000000	0.159965	0.002284	5.0
439	-0.022726	0.000000	0.159965	0.003816	6.1
440	-0.021704	0.000000	0.159965	0.002879	6.1
441	-0.019418	0.000000	0.159965	0.002021	5.5
442	-0.021840	0.000000	0.159965	0.004017	6.3
443	-0.022150	0.000000	0.159965	0.004345	5.9
444	-0.017447	1.000000	0.155547	0.001684	5.7
445	-0.020726	0.200000	0.159054	0.004970	5.2
446	-0.019151	0.000000	0.159965	0.003386	5.2
447	-0.022009	1.000000	0.155547	0.001915	5.0
448	-0.021060	2.000000	0.151440	0.003993	5.1
449	-0.020043	3.000000	0.147609	0.004523	5.2
450	-0.019870	2.200000	0.150652	0.002840	4.7
451	-0.018105	3.200000	0.146873	0.004338	4.7
452	-0.019863	2.400000	0.149876	0.002704	4.9
453	-0.016397	1.600000	0.153048	0.002358	5.3
454	-0.021566	2.599780	0.149111	0.003659	6.1
455	-0.019842	1.799780	0.152239	0.003736	6.0
456	-0.019071	0.999780	0.155548	0.001835	6.3
457	-0.018720	0.199780	0.159055	0.002995	5.9
458	-0.019392	0.000000	0.159965	0.002343	5.8
459	-0.020091	0.000000	0.159965	0.003343	5.8
460	-0.017406	1.000000	0.155547	0.003512	5.7
461	-0.020447	2.000000	0.151440	0.002797	5.2
462	-0.020018	1.200000	0.154702	0.001798	5.4
463	-0.021436	0.400000	0.158158	0.003942	6.1
464	-0.020344	0.000000	0.159965	0.001972	5.5
465	-0.021480	0.000000	0.159965	0.002882	6.2
466	-0.018733	0.000000	0.159965	0.003236	6.3
467	-0.020127	0.000000	0.159965	0.003082	6.8
468	-0.017504	0.000000	0.159965	0.003064	6.1
469	-0.019356	1.000000	0.155547	0.004190	6.1
470	-0.021981	0.200000	0.159054	0.003477	6.0
471	-0.018939	0.000000	0.159965	0.003020	6.1
472	-0.019935	0.000000	0.159965	0.003218	5.9
473	-0.019953	0.000000	0.159965	0.003839	6.4
474	-0.020059	0.000000	0.159965	0.003397	6.0
475	-0.018613	0.000000	0.159965	0.001912	6.0
476	-0.020759	1.000000	0.155547	0.002467	5.7
477	-0.022214	0.200000	0.159054	0.003988	5.1
478	-0.018551	0.000000	0.159965	0.002631	5.2
479	-0.020455	1.000000	0.155547	0.002231	5.0
480	-0.019133	0.200000	0.159054	0.002126	5.1
481	-0.020919	0.000000	0.159965	0.001937	5.2
482	-0.021051	0.000000	0.159965	0.001757	6.2
483	-0.021107	1.000000	0.155547	0.001718	5.9
484	-0.020118	2.000000	0.151440	0.003166	5.5
485	-0.020278	1.200000	0.154702	0.001795	6.1
486	-0.019773	0.400000	0.158158	0.002563	6.4
487	-0.019416	0.000000	0.159965	0.004003	6.0
488	-0.022988	1.000000	0.155547	0.004109	6.4
489	-0.019266	0.200000	0.159054	0.002858	6.1
490	-0.020393	1.200000	0.154702	0.002521	6.0
491	-0.020796	2.200000	0.150652	0.003868	6.0
492	-0.018526	1.400000	0.153869	0.002749	5.2
493	-0.017808	0.600000	0.157275	0.001959	5.3
494	-0.019772	0.000000	0.159965	0.001493	6.2
495	-0.017616	0.000000	0.159965	0.002111	6.1
496	-0.022412	0.000000	0.159965	0.001847	5.5
497	-0.016534	0.000000	0.159965	0.003464	5.6
498	-0.020260	0.000000	0.159965	0.003728	5.6
499	-0.021739	0.000000	0.159965	0.002920	5.0
500	-0.021008	0.000000	0.159965	0.003187	5.0
501	-0.021621	1.000000	0.155547	0.002078	5.7
502	-0.021804	0.200000	0.159054	0.003777	5.0
503	-0.016926	0.000000	0.159965	0.000952	5.0
504	-0.021006	0.000000	0.159965	0.005304	5.2
505	-0.017117	0.999992	0.155547	0.001432	5.9
506	-0.019697	0.199992	0.159054	0.003401	5.2
507	-0.020835	0.000000	0.159965	0.003033	5.0
508	-0.020103	1.000000	0.155547	0.002377	4.9
509	-0.021075	2.000000	0.151440	0.002189	4.9
510	-0.018650	3.000000	0.147609	0.001808	5.1
511	-0.022286	2.200000	0.150652	0.004753	6.1
512	-0.020664	3.200000	0.146873	0.002162	6.1
513	-0.020544	4.200000	0.143337	0.002806	5.8
514	-0.020189	3.400000	0.146147	0.001249	5.8
515	-0.018404	2.600000	0.149110	0.002425	5.5
516	-0.019732	1.800000	0.152238	0.002717	5.5
517	-0.020059	1.000000	0.155547	0.002465	5.2
518	-0.021950	2.000000	0.151440	0.002849	6.0
519	-0.021419	3.000000	0.147609	0.003253	5.9
520	-0.021345	2.200000	0.150652	0.001728	5.9
521	-0.021019	1.400000	0.153869	0.001839	5.8
522	-0.018449	0.600000	0.157275	0.001828	6.4
523	-0.017923	0.000000	0.159965	0.003952	6.3
524	-0.023162	0.000000	0.159965	0.001987	6.0
525	-0.020925	1.000000	0.155547	0.002766	6.0
526	-0.019488	2.000000	0.151440	0.003990	5.9
527	-0.019052	1.200000	0.154702	0.004011	6.0
528	-0.021396	2.200000	0.150652	0.002222	5.7
529	-0.018438	3.200000	0.146873	0.002912	5.6
530	-0.020615	2.400000	0.149876	0.003752	5.2
531	-0.019772	1.600000	0.153048	0.006083	5.3
532	-0.018673	0.800000	0.156404	0.002368	6.0
533	-0.019378	0.000000	0.159965	0.001278	5.9
534	-0.017739	0.000000	0.159965	0.002157	5.3
535	-0.021724	0.000000	0.159965	0.003002	5.2
536	-0.019528	0.000000	0.159965	0.001956	5.3
537	-0.018912	0.000000	0.159965	0.005225	5.0
538	-0.017511	0.000000	0.159965	0.002390	5.3
539	-0.018674	0.000000	0.159965	0.001420	6.0
540	-0.021918	1.000000	0.155547	0.003481	6.3
541	-0.020312	2.000000	0.151440	0.003320	6.0
542	-0.018446	1.200000	0.154702	0.003497	6.0
543	-0.017621	2.200000	0.150652	0.002270	6.5
544	-0.019354	3.200000	0.146873	0.004200	6.4
545	-0.019445	4.200000	0.143337	0.003244	6.3
546	-0.019640	5.200000	0.140018	0.002285	6.3
547	-0.022032	6.194228	0.136913	0.003165	6.1
548	-0.020458	5.394228	0.139396	0.004340	6.0
549	-0.021980	6.394228	0.136310	0.002960	5.7
550	-0.020080	5.594228	0.138764	0.004191	5.2
551	-0.018106	6.594228	0.135715	0.003859	5.1
552	-0.016713	5.794228	0.138140	0.002935	5.0
553	-0.020184	6.794228	0.135126	0.004732	4.9
554	-0.017936	7.794228	0.132281	0.003840	5.0
555	-0.020052	6.994228	0.134544	0.001964	6.0
556	-0.020474	6.194228	0.136913	0.001885	5.1
557	-0.020715	5.394238	0.139396	0.003862	6.1
558	-0.020781	4.594238	0.142003	0.002709	6.2
559	-0.020809	5.594238	0.138764	0.003538	6.2
560	-0.019343	4.794238	0.141339	0.005287	6.4
561	-0.019561	5.794238	0.138140	0.003132	6.3
562	-0.020736	4.994238	0.140684	0.002424	5.7
563	-0.020105	5.994238	0.137523	0.000994	6.2
564	-0.019356	6.994238	0.134544	0.002268	6.1
565	-0.021106	6.194238	0.136913	0.003576	6.2
566	-0.020796	7.194238	0.133969	0.002349	6.2
567	-0.017008	6.394238	0.136310	0.002866	6.4
568	-0.021079	5.594238	0.138764	0.004084	6.2
569	-0.019814	6.594238	0.135715	0.002306	6.2
570	-0.024445	5.794238	0.138140	0.004023	6.4
571	-0.019844	4.994238	0.140684	0.003046	6.3
572	-0.022334	4.194238	0.143356	0.005353	6.1
573	-0.020140	5.194238	0.140036	0.002403	6.1
574	-0.018966	4.407564	0.142630	0.004409	5.9
575	-0.019147	3.607564	0.145404	0.003959	5.5
576	-0.019480	4.607564	0.141959	0.004054	6.2
577	-0.020876	5.607564	0.138723	0.002726	5.3
578	-0.018953	6.607564	0.135675	0.002119	5.5
579	-0.019329	7.607564	0.132800	0.003324	6.1
580	-0.020504	6.807564	0.135087	0.002903	5.9
581	-0.018238	6.007564	0.137482	0.003103	5.9
582	-0.018652	7.007564	0.134506	0.000494	5.7
583	-0.019360	6.208307	0.136870	0.002438	5.1
584	-0.017939	7.208307	0.133929	0.005310	5.1
585	-0.019052	8.208307	0.131149	0.002079	4.9
586	-0.021566	7.408307	0.133360	0.002254	5.1
587	-0.018806	6.608307	0.135673	0.001582	4.8
588	-0.021831	5.808307	0.138096	0.003735	5.1
589	-0.018072	5.008307	0.140638	0.003462	6.0
590	-0.021533	4.208307	0.143308	0.003540	5.8
591	-0.019025	3.408307	0.146118	0.001804	5.4
592	-0.017611	2.608307	0.149078	0.001851	5.6
593	-0.020785	3.608307	0.145401	0.001920	5.7
594	-0.019713	4.608307	0.141956	0.003092	5.1
595	-0.020458	3.808307	0.144695	0.002640	5.4
596	-0.017652	3.008307	0.147578	0.004445	6.3
597	-0.019832	4.008307	0.143997	0.003455	5.1
598	-0.020390	3.208307	0.146843	0.001706	5.3
599	-0.018125	2.408307	0.149844	0.001550	5.0
600	-0.022921	1.608307	0.153014	0.001299	4.8
601	-0.019747	2.596992	0.149122	0.002648	4.7
602	-0.023141	1.796992	0.152250	0.001450	4.8
603	-0.017464	0.996992	0.155560	0.003196	4.9
604	-0.020663	0.196992	0.159068	0.003639	4.8
605	-0.017105	0.000000	0.159965	0.002551	4.8
606	-0.021807	0.000000	0.159965	0.004497	5.0
607	-0.019461	0.000000	0.159965	0.003561	4.8
608	-0.019553	0.000000	0.159965	0.003555	4.9
609	-0.020221	0.000000	0.159965	0.003052	6.1
610	-0.018744	0.000000	0.159965	0.002360	5.9
611	-0.021149	0.000000	0.159965	0.003624	5.7
612	-0.018402	0.999026	0.155551	0.001290	5.7
613	-0.018954	0.199026	0.159059	0.002190	5.3
614	-0.021103	0.000000	0.159965	0.003664	6.2
615	-0.020513	0.000000	0.159965	0.004878	6.3
616	-0.020656	1.000000	0.155547	0.002934	6.3
617	-0.019377	2.000000	0.151440	0.001727	6.8
618	-0.018237	3.000000	0.147609	0.004815	6.3
619	-0.020308	4.000000	0.144026	0.004113	6.0
620	-0.020756	3.200000	0.146873	0.004662	6.2
621	-0.020312	4.200000	0.143337	0.002294	6.1
622	-0.021118	5.200000	0.140018	0.002938	5.8
623	-0.020918	4.400000	0.142656	0.001807	5.7
624	-0.019616	3.600000	0.145431	0.003991	5.2
625	-0.020218	2.800000	0.148354	0.001660	5.2
626	-0.019682	2.000000	0.151440	0.002887	5.9
627	-0.020768	1.200000	0.154702	0.002018	5.9
628	-0.020033	0.400000	0.158158	0.002023	5.7
629	-0.021104	0.000000	0.159965	0.003424	5.3
630	-0.019575	0.000000	0.159965	0.002222	5.3
631	-0.020110	0.000000	0.159965	0.003938	6.0
632	-0.016515	0.000000	0.159965	0.001652	5.8
633	-0.016999	0.000000	0.159965	0.002782	5.4
634	-0.023825	1.000000	0.155547	0.003708	6.3
635	-0.020538	0.200000	0.159054	0.003993	6.0
636	-0.020162	1.200000	0.154702	0.003982	5.8
637	-0.017333	2.200000	0.150652	0.002873	5.8
638	-0.017856	1.400000	0.153869	0.005373	6.0
639	-0.019944	0.600000	0.157275	0.002098	6.2
640	-0.020640	0.000000	0.159965	0.000926	6.5
641	-0.020111	1.000000	0.155547	0.002882	6.2
642	-0.019942	0.200000	0.159054	0.002715	5.7
643	-0.017227	0.000000	0.159965	0.002556	6.3
644	-0.020336	0.000000	0.159965	0.002201	6.1
645	-0.020699	0.000000	0.159965	0.001528	5.6
646	-0.018575	0.000000	0.159965	0.005166	5.7
647	-0.020133	0.000000	0.159965	0.003154	5.2
648	-0.021610	1.000000	0.155547	0.002294	5.2
649	-0.019841	2.000000	0.151440	0.001173	5.0
650	-0.019867	1.200000	0.154702	0.004429	5.0
651	-0.018981	2.200000	0.150652	0.001132	4.9
652	-0.017615	1.400000	0.153869	0.002912	4.9
653	-0.019189	2.400000	0.149876	0.002143	4.9
654	-0.018681	3.400000	0.146147	0.005310	4.9
655	-0.023349	4.400000	0.142656	0.003800	4.8
656	-0.021480	5.400000	0.139378	0.003475	4.8
657	-0.021410	4.600000	0.141984	0.003937	4.8
658	-0.017036	3.800000	0.144724	0.001807	4.8
659	-0.020183	3.000000	0.147609	0.002756	4.4
660	-0.019194	2.200000	0.150652	0.002207	4.4
661	-0.020108	3.200000	0.146873	0.003593	4.6
662	-0.018264	4.200000	0.143337	0.002019	5.0
663	-0.021539	5.200000	0.140018	0.004589	4.6
664	-0.021972	4.400000	0.142656	0.003132	4.8
665	-0.017935	5.400000	0.139378	0.002362	4.8
666	-0.018608	6.400000	0.136293	0.002872	5.1
667	-0.019597	5.600482	0.138745	0.002516	6.2
668	-0.018522	6.600482	0.135696	0.003202	6.2
669	-0.020170	7.600482	0.132820	0.002082	6.0
670	-0.021956	6.800482	0.135108	0.002505	5.9
671	-0.020439	7.800482	0.132264	0.004800	5.8
672	-0.019825	7.000482	0.134526	0.003220	5.2
673	-0.019079	6.200482	0.136894	0.003374	5.1
674	-0.020771	5.400482	0.139377	0.003144	4.7
675	-0.019237	4.600482	0.141982	0.001698	6.2
676	-0.019563	5.600482	0.138745	0.002400	6.2
677	-0.019016	4.800482	0.141319	0.007021	5.9
678	-0.019547	5.800482	0.138121	0.002482	5.4
679	-0.018714	6.800482	0.135108	0.003259	5.5
680	-0.019973	6.000482	0.137504	0.002833	5.6
681	-0.018243	7.000482	0.134526	0.002991	6.0
682	-0.017943	8.000482	0.131714	0.001189	5.5
683	-0.019730	9.000482	0.129053	0.001712	5.4
684	-0.018214	8.200482	0.131170	0.001219	6.4
685	-0.019564	7.400482	0.133382	0.002255	6.2
686	-0.020997	6.600482	0.135696	0.002695	6.1
687	-0.019184	5.800482	0.138121	0.001516	5.9
688	-0.018627	5.000482	0.140663	0.002954	5.4
689	-0.022593	6.000482	0.137504	0.004253	5.4
690	-0.020218	7.000482	0.134526	0.002230	5.3
691	-0.020356	6.200482	0.136894	0.002405	5.1
692	-0.021048	5.400482	0.139377	0.002789	6.1
693	-0.020144	6.400482	0.136292	0.002824	6.1
694	-0.019713	6.532951	0.135897	0.003206	6.2
695	-0.022720	7.532951	0.133009	0.003033	6.2
696	-0.020509	6.732951	0.135306	0.003458	6.2
697	-0.020240	5.932951	0.137711	0.003945	6.1
698	-0.020722	5.132951	0.140234	0.003933	6.0
699	-0.020786	4.332951	0.142883	0.001953	5.6
700	-0.017346	3.532951	0.145670	0.004405	5.3
701	-0.020930	2.732951	0.148607	0.001678	6.0
702	-0.021825	1.932951	0.151706	0.002200	6.2
703	-0.018792	1.132951	0.154984	0.002985	6.0
704	-0.022739	0.332951	0.158457	0.003193	6.1
705	-0.020457	0.000000	0.159965	0.002349	6.2
706	-0.020222	0.000000	0.159965	0.006092	6.2
707	-0.022126	1.000000	0.155547	0.002588	5.1
708	-0.018605	0.200000	0.159054	0.002698	5.0
709	-0.021420	0.000000	0.159965	0.004177	4.6
710	-0.019564	0.000000	0.159965	0.001600	4.7
711	-0.023123	0.000000	0.159965	0.002620	5.9
712	-0.017037	1.000000	0.155547	0.002182	5.8
713	-0.018054	0.200000	0.159054	0.004180	5.4
714	-0.019152	1.200000	0.154702	0.002092	5.2
715	-0.021350	2.200000	0.150652	0.002843	5.2
716	-0.020762	3.200000	0.146873	0.003795	6.1
717	-0.018733	2.400000	0.149876	0.003361	5.3
718	-0.019980	1.600000	0.153048	0.001277	6.0
719	-0.020440	0.800000	0.156404	0.003959	5.9
720	-0.021385	0.000000	0.159965	0.002805	5.5
721	-0.018619	1.000000	0.155547	0.002717	5.8
722	-0.017674	0.200000	0.159054	0.001933	6.0
723	-0.020171	0.000000	0.159965	0.004175	6.3
724	-0.020686	1.000000	0.155547	0.002200	6.2
725	-0.017938	0.200000	0.159054	0.002392	6.2
726	-0.020205	0.000000	0.159965	0.002959	6.1
727	-0.022351	0.000000	0.159965	0.002729	5.9
728	-0.017519	1.000000	0.155547	0.002254	5.4
729	-0.022409	0.200000	0.159054	0.004566	6.1
730	-0.018945	0.000000	0.159965	0.002866	5.4
731	-0.017985	1.000000	0.155547	0.001982	5.5
732	-0.020591	2.000000	0.151440	0.002860	6.0
733	-0.019705	3.000000	0.147609	0.001990	5.5
734	-0.021471	4.000000	0.144026	0.002036	5.6
735	-0.024134	5.000000	0.140665	0.003704	6.1
736	-0.019428	4.200000	0.143337	0.002650	6.1
737	-0.019985	3.400000	0.146147	0.004682	6.2
738	-0.019727	2.600000	0.149110	0.002212	6.2
739	-0.022396	1.800000	0.152238	0.002367	6.0
740	-0.018974	1.000000	0.155547	0.003151	6.3
741	-0.019119	2.000000	0.151440	0.003298	6.1
742	-0.018285	1.200000	0.154702	0.004958	5.9
743	-0.020292	0.400000	0.158158	0.002503	5.8
744	-0.017929	0.000000	0.159965	0.004763	6.2
745	-0.019056	0.000000	0.159965	0.002688	6.3
746	-0.021266	1.000000	0.155547	0.003938	6.1
747	-0.017573	0.200000	0.159054	0.001877	6.0
748	-0.022425	0.000000	0.159965	0.002222	5.6
749	-0.021820	1.000000	0.155547	0.002283	5.1
750	-0.021497	0.200000	0.159054	0.003685	5.1
751	-0.020105	1.200000	0.154702	0.008617	4.8
752	-0.019442	0.400000	0.158158	0.009006	4.7
753	-0.018713	0.000000	0.159965	0.003606	4.8
754	-0.018661	1.000000	0.155547	0.003445	4.8
755	-0.020259	2.000000	0.151440	0.002099	5.0
756	-0.015505	1.200000	0.154702	0.002421	5.0
757	-0.022196	0.400000	0.158158	0.004972	4.7
758	-0.021347	0.000000	0.159965	0.001109	4.9
759	-0.021143	0.000000	0.159965	0.005950	6.1
760	-0.020310	0.000000	0.159965	0.003952	4.8
761	-0.020178	0.000000	0.159965	0.002903	5.2
762	-0.023669	1.000000	0.155547	0.002723	6.1
763	-0.019740	0.200000	0.159054	0.001475	5.4
764	-0.019837	1.200000	0.154702	0.002772	5.4
765	-0.021283	2.200000	0.150652	0.003426	5.1
766	-0.018565	1.400000	0.153869	0.003646	4.9
767	-0.020799	2.400000	0.149876	0.001815	5.0
768	-0.018353	3.400000	0.146147	0.003343	6.2
769	-0.021701	4.400000	0.142656	0.002700	5.9
770	-0.019575	3.600000	0.145431	0.002617	6.1
771	-0.021712	2.800000	0.148354	0.004003	5.7
772	-0.019847	3.800000	0.144724	0.002812	5.4
773	-0.022705	4.800000	0.141320	0.004911	5.2
774	-0.020584	4.000000	0.144026	0.002109	6.1
775	-0.019139	3.200000	0.146873	0.001880	5.2
776	-0.020007	2.400000	0.149876	0.002106	5.5
777	-0.020995	1.600000	0.153048	0.001020	6.0
778	-0.023880	0.800000	0.156404	0.001896	5.9
779	-0.019676	1.800000	0.152238	0.004963	5.7
780	-0.021089	2.800000	0.148354	0.003104	5.3
781	-0.020532	3.800000	0.144724	0.003651	5.5
782	-0.022679	4.800000	0.141320	0.001910	5.6
783	-0.019283	4.000000	0.144026	0.001872	5.6
784	-0.018498	3.200000	0.146873	0.004428	6.1
785	-0.018512	4.200000	0.143337	0.002848	5.9
786	-0.018250	5.200000	0.140018	0.003356	5.9
787	-0.019362	4.400000	0.142656	0.006095	5.3
788	-0.018605	3.600000	0.145431	0.006299	5.3
789	-0.017941	2.800000	0.148354	0.002879	6.2
790	-0.020554	2.000000	0.151440	0.007567	6.1
791	-0.018358	1.200000	0.154702	0.004110	6.4
792	-0.020683	2.200000	0.150652	0.002496	6.2
793	-0.021055	3.200000	0.146873	0.002666	6.0
794	-0.019017	2.400000	0.149876	0.002624	6.0
795	-0.021098	1.600000	0.153048	0.001893	5.9
796	-0.022019	2.600000	0.149110	0.003485	6.0
797	-0.019310	3.600000	0.145431	0.001608	6.1
798	-0.022074	4.600000	0.141984	0.002147	5.7
799	-0.018326	3.800000	0.144724	0.002707	5.8
800	-0.022033	3.000000	0.147609	0.002213	5.9
801	-0.021185	2.200000	0.150652	0.001465	6.4
802	-0.020255	1.400000	0.153869	0.002581	6.3
803	-0.021089	0.600000	0.157275	0.003392	6.0
804	-0.018755	1.600000	0.153048	0.002489	6.1
805	-0.020167	0.800000	0.156404	0.001729	5.4
806	-0.020653	0.000000	0.159965	0.002872	5.3
807	-0.018909	0.000000	0.159965	0.002419	5.1
808	-0.022383	0.000000	0.159965	0.001901	5.0
809	-0.022038	1.000000	0.155547	0.002340	4.9
810	-0.021800	0.200000	0.159054	0.005151	5.9
811	-0.017653	1.200000	0.154702	0.002032	4.9
812	-0.019910	0.400000	0.158158	0.002337	6.0
813	-0.021510	1.400000	0.153869	0.002609	6.0
814	-0.020320	0.600000	0.157275	0.004267	5.4
815	-0.020616	0.000000	0.159965	0.003602	5.3
816	-0.018228	1.000000	0.155547	0.002195	5.2
817	-0.020188	0.200000	0.159054	0.002447	6.2
818	-0.019854	0.000000	0.159965	0.001573	5.1
819	-0.022970	0.000000	0.159965	0.003393	5.2
820	-0.017894	0.000000	0.159965	0.002551	5.3
821	-0.019462	0.000000	0.159965	0.002914	6.0
822	-0.019911	1.000000	0.155547	0.010500	6.3
823	-0.021871	2.000000	0.151440	0.003391	6.2
824	-0.021061	1.200000	0.154702	0.005163	6.1
825	-0.018357	0.400000	0.158158	0.002023	6.0
826	-0.019541	0.000000	0.159965	0.003504	6.1
827	-0.021817	0.000000	0.159965	0.002230	5.6
828	-0.023728	0.000000	0.159965	0.003103	5.3
829	-0.021820	0.000000	0.159965	0.002721	5.3
830	-0.018702	0.000000	0.159965	0.001785	5.1
831	-0.021479	1.000000	0.155547	0.001897	5.4
832	-0.021473	2.000000	0.151440	0.005341	6.2
833	-0.020525	1.200000	0.154702	0.001745	6.2
834	-0.018593	2.200000	0.150652	0.003953	6.2
835	-0.020005	1.400000	0.153869	0.003115	5.9
836	-0.022698	0.600000	0.157275	0.005116	5.6
837	-0.025406	0.000000	0.159965	0.005114	6.2
838	-0.019696	1.000000	0.155547	0.001326	6.4
839	-0.019330	0.200000	0.159054	0.001610	6.1
840	-0.021736	0.000000	0.159965	0.002914	6.0
841	-0.020547	0.000000	0.159965	0.004034	6.2
842	-0.018869	0.000000	0.159965	0.002055	5.5
843	-0.023919	0.000000	0.159965	0.003405	5.6
844	-0.017669	1.000000	0.155547	0.006714	5.9
845	-0.018856	0.200000	0.159054	0.002856	5.3
846	-0.019665	0.000000	0.159965	0.004861	5.4
847	-0.021531	0.000000	0.159965	0.002186	6.1
848	-0.019699	0.000000	0.159965	0.003885	6.2
849	-0.019420	1.000000	0.155547	0.002409	5.6
850	-0.019202	2.000000	0.151440	0.001572	5.4
851	-0.019892	1.345766	0.154094	0.001768	5.5
852	-0.019340	0.545766	0.157513	0.003747	5.9
853	-0.021991	0.000000	0.159965	0.003329	5.4
854	-0.020984	0.000000	0.159965	0.002810	6.2
855	-0.019586	0.000000	0.159965	0.004584	6.3
856	-0.020223	0.000000	0.159965	0.001315	5.9
857	-0.021390	0.000000	0.159965	0.004481	6.3
858	-0.020077	0.000000	0.159965	0.002505	6.1
859	-0.021494	1.000000	0.155547	0.003052	6.2
860	-0.020800	2.000000	0.151440	0.005130	6.2
861	-0.018460	3.000000	0.147609	0.002109	6.2
862	-0.019456	2.664161	0.148867	0.004855	6.4
863	-0.019748	1.864161	0.151981	0.002976	6.2
864	-0.022187	1.064161	0.155275	0.002935	6.3
865	-0.019990	0.264161	0.158765	0.002925	5.9
866	-0.021047	0.000000	0.159965	0.002367	5.9
867	-0.019952	0.000000	0.159965	0.006955	5.3
868	-0.019681	0.000000	0.159965	0.002092	6.0
869	-0.019986	0.000000	0.159965	0.002210	5.2
870	-0.021464	0.000000	0.159965	0.003678	5.2
871	-0.021382	0.000000	0.159965	0.003803	5.8
872	-0.020907	0.000000	0.159965	0.003542	5.9
873	-0.017699	0.000000	0.159965	0.006654	4.8
874	-0.018797	1.000000	0.155547	0.002534	5.2
875	-0.020883	0.200000	0.159054	0.004930	6.1
876	-0.020851	0.000000	0.159965	0.007034	6.0
877	-0.024104	1.000000	0.155547	0.004561	5.7
878	-0.020005	0.200000	0.159054	0.002123	5.7
879	-0.019061	1.200000	0.154702	0.002344	6.0
880	-0.019828	0.400000	0.158158	0.001434	5.6
881	-0.021760	1.400000	0.153869	0.004877	5.1
882	-0.018500	2.400000	0.149876	0.002243	5.0
883	-0.020839	1.600000	0.153048	0.004336	5.0
884	-0.020276	0.800000	0.156404	0.004275	5.2
885	-0.020195	1.800000	0.152238	0.002574	6.1
886	-0.020092	1.510656	0.153413	0.003649	6.0
887	-0.021329	0.710656	0.156792	0.004873	5.2
888	-0.020659	1.710656	0.152598	0.003432	5.6
889	-0.018855	0.910656	0.155928	0.002345	6.5
890	-0.022889	1.910656	0.151795	0.001901	6.4
891	-0.019606	2.910656	0.147941	0.005979	6.0
892	-0.021226	2.110656	0.151003	0.002182	6.4
893	-0.019234	3.110656	0.147201	0.003962	6.2
894	-0.021868	2.310656	0.150222	0.001906	5.8
895	-0.024565	3.157608	0.147029	0.002538	6.2
896	-0.019707	2.357608	0.150040	0.001618	5.9
897	-0.021475	3.357608	0.146301	0.001952	5.4
898	-0.022374	4.357608	0.142800	0.003401	5.2
899	-0.018918	3.557608	0.145582	0.003666	5.0
900	-0.018107	2.757608	0.148514	0.002212	6.0
901	-0.018534	1.957608	0.151608	0.002119	5.2
902	-0.018136	1.157608	0.154880	0.002136	5.4
903	-0.019701	0.357608	0.158347	0.006479	6.0
904	-0.020277	0.000000	0.159965	0.004011	4.9
905	-0.018827	1.000000	0.155547	0.001569	5.2
906	-0.019308	0.200000	0.159054	0.002023	5.9
907	-0.019850	0.000000	0.159965	0.003598	5.3
908	-0.018407	1.000000	0.155547	0.001403	6.2
909	-0.018755	0.200000	0.159054	0.002141	6.1
910	-0.019951	0.000000	0.159965	0.001991	6.1
911	-0.020307	1.000000	0.155547	0.002409	5.9
912	-0.023203	2.000000	0.151440	0.002816	5.7
913	-0.018653	3.000000	0.147609	0.002341	5.2
914	-0.020990	4.000000	0.144026	0.005729	6.0
915	-0.019521	5.000000	0.140665	0.002243	5.5
916	-0.020676	4.200000	0.143337	0.004187	6.2
917	-0.016681	3.400000	0.146147	0.002279	5.7
918	-0.018976	2.600000	0.149110	0.001680	6.3
919	-0.019572	1.800000	0.152238	0.002829	6.4
920	-0.020621	1.000000	0.155547	0.003424	6.2
921	-0.020840	0.200000	0.159054	0.001316	6.2
922	-0.022404	0.000000	0.159965	0.002788	6.3
923	-0.019685	0.000000	0.159965	0.004314	6.4
924	-0.021464	0.000000	0.159965	0.002295	6.2
925	-0.020057	0.000000	0.159965	0.002243	6.1
926	-0.020778	0.000000	0.159965	0.003534	5.5
927	-0.020768	0.000000	0.159965	0.001331	6.1
928	-0.019306	0.000000	0.159965	0.002581	6.0
929	-0.019940	1.000000	0.155547	0.003691	5.4
930	-0.020030	2.000000	0.151440	0.001642	5.5
931	-0.019757	1.200000	0.154702	0.001576	5.5
932	-0.021033	0.400000	0.158158	0.002867	5.7
933	-0.020245	1.400000	0.153869	0.001839	6.1
934	-0.018865	2.400000	0.149876	0.001500	5.7
935	-0.019529	1.600000	0.153048	0.002766	5.5
936	-0.019725	0.800000	0.156404	0.003203	6.3
937	-0.020609	0.000000	0.159965	0.002389	6.1
938	-0.018567	0.000000	0.159965	0.003229	5.7
939	-0.019632	0.000000	0.159965	0.002070	5.5
940	-0.018693	1.000000	0.155547	0.002684	5.6
941	-0.018707	0.200000	0.159054	0.003611	5.1
942	-0.021912	0.000000	0.159965	0.002435	6.0
943	-0.020042	1.000000	0.155547	0.002171	6.1
944	-0.020154	0.200000	0.159054	0.005065	5.7
945	-0.020262	0.000000	0.159965	0.000857	5.6
946	-0.018874	1.000000	0.155547	0.002475	6.1
947	-0.020287	0.200000	0.159054	0.004430	6.1
948	-0.022415	0.000000	0.159965	0.004973	5.7
949	-0.016913	0.000000	0.159965	0.003146	5.6
950	-0.021994	0.000000	0.159965	0.002626	5.3
951	-0.016393	0.000000	0.159965	0.002074	5.2
952	-0.021012	0.000000	0.159965	0.002222	5.2
953	-0.021416	0.000000	0.159965	0.005090	4.9
954	-0.020829	1.000000	0.155547	0.001979	6.1
955	-0.019714	0.200000	0.159054	0.002500	5.9
956	-0.020144	0.000000	0.159965	0.002197	5.4
957	-0.019743	0.000000	0.159965	0.002378	5.7
958	-0.020165	0.000000	0.159965	0.002061	6.4
959	-0.018156	0.000000	0.159965	0.002520	5.5
960	-0.018516	0.000000	0.159965	0.002301	5.7
961	-0.018897	0.000000	0.159965	0.002156	5.4
962	-0.020808	0.000000	0.159965	0.001552	5.0
963	-0.019025	0.999893	0.155547	0.003236	4.9
964	-0.020357	0.199893	0.159055	0.003864	4.9
965	-0.018536	0.000000	0.159965	0.002683	4.9
966	-0.022484	1.000000	0.155547	0.004549	6.1
967	-0.019458	2.000000	0.151440	0.001685	5.8
968	-0.020771	1.200000	0.154702	0.005244	5.6
969	-0.020492	0.400000	0.158158	0.002267	5.9
970	-0.022028	0.000000	0.159965	0.002784	5.7
971	-0.017523	0.000000	0.159965	0.001737	5.8
972	-0.022158	1.000000	0.155547	0.001893	5.7
973	-0.020681	2.000000	0.151440	0.003357	5.3
974	-0.021203	1.200000	0.154702	0.001893	5.3
975	-0.018252	2.200000	0.150652	0.003810	6.0
976	-0.018773	3.200000	0.146873	0.001045	5.2
977	-0.019203	4.200000	0.143337	0.002438	5.3
978	-0.019713	5.200000	0.140018	0.002695	5.9
979	-0.023153	6.200000	0.136896	0.007562	6.1
980	-0.020710	5.400000	0.139378	0.002231	5.6
981	-0.017047	4.600000	0.141984	0.001983	6.3
982	-0.017676	3.800000	0.144724	0.002432	6.3
983	-0.020008	3.000000	0.147609	0.003790	6.1
984	-0.021670	2.200000	0.150652	0.001861	6.2
985	-0.018073	1.400000	0.153869	0.002244	6.1
986	-0.022451	0.600000	0.157275	0.003183	6.3
987	-0.017128	0.000000	0.159965	0.001910	5.6
988	-0.021604	0.000000	0.159965	0.006806	6.2
989	-0.020642	0.000000	0.159965	0.003186	5.7
990	-0.022543	0.000000	0.159965	0.001832	6.1
991	-0.019497	0.000000	0.159965	0.002913	5.6
992	-0.021897	0.000000	0.159965	0.002833	5.5
993	-0.019889	0.000000	0.159965	0.004516	6.3
994	-0.020071	1.000000	0.155547	0.003931	6.2
995	-0.021081	2.000000	0.151440	0.003902	6.1
996	-0.020991	1.200000	0.154702	0.003028	6.0
997	-0.020775	2.200000	0.150652	0.002860	5.5
998	-0.020666	1.400000	0.153869	0.005224	5.3
999	-0.020026	0.600000	0.157275	0.005077	5.2
