1:ItNr	2:Metric	3a:Time	3b:StepSize	4:||Gradient||	Time[ms]
0	-0.021679	0.000000	0.159965	0.004362	13.8
1	-0.024941	0.000000	0.159965	0.003603	4.3
2	-0.022415	0.000000	0.159965	0.001866	4.8
3	-0.021419	0.000000	0.159965	0.001036	4.5
4	-0.025277	0.000000	0.159965	0.002291	4.3
5	-0.022637	1.000000	0.155547	0.005166	4.0
6	-0.021303	0.200000	0.159054	0.001930	4.4
7	-0.024303	1.200000	0.154702	0.004890	4.0
8	-0.022125	2.200000	0.150652	0.003219	4.6
9	-0.026018	1.400000	0.153869	0.004266	4.2
10	-0.024969	0.600000	0.157275	0.003010	4.2
11	-0.024261	0.000000	0.159965	0.001820	4.9
12	-0.021912	0.000000	0.159965	0.001638	5.1
13	-0.021456	0.000000	0.159965	0.003389	5.0
14	-0.023228	0.000000	0.159965	0.002972	4.6
15	-0.021913	0.000000	0.159965	0.001619	4.2
16	-0.024781	0.000000	0.159965	0.002182	4.7
17	-0.023528	0.000000	0.159965	0.001497	4.0
18	-0.026952	1.000000	0.155547	0.003227	4.4
19	-0.022947	0.200000	0.159054	0.002351	4.0
20	-0.022935	0.000000	0.159965	0.002808	5.7
21	-0.022302	0.000000	0.159965	0.002671	4.1
22	-0.022978	0.000000	0.159965	0.002130	4.4
23	-0.025140	0.000000	0.159965	0.002553	5.2
24	-0.024974	0.656285	0.157028	0.003446	3.9
25	-0.020788	0.000000	0.159965	0.002735	3.8
26	-0.024865	0.000000	0.159965	0.002702	3.6
27	-0.026375	0.000000	0.159965	0.003118	4.1
28	-0.022184	0.000000	0.159965	0.002408	4.3
29	-0.025153	0.000000	0.159965	0.001238	3.8
30	-0.023672	0.000000	0.159965	0.001998	4.9
31	-0.024277	0.000000	0.159965	0.003568	4.0
32	-0.022081	0.000000	0.159965	0.001455	4.3
33	-0.021815	0.000000	0.159965	0.003589	3.4
34	-0.022746	0.000000	0.159965	0.002796	4.3
35	-0.023496	0.000000	0.159965	0.002880	3.8
36	-0.022126	0.000000	0.159965	0.001963	3.7
37	-0.023134	0.000000	0.159965	0.002911	4.1
38	-0.022251	0.000000	0.159965	0.002812	3.8
39	-0.022705	0.000000	0.159965	0.003677	3.7
40	-0.024819	1.000000	0.155547	0.002694	3.5
41	-0.021253	0.200000	0.159054	0.003503	3.5
42	-0.022778	0.000000	0.159965	0.002880	3.5
43	-0.024185	0.000000	0.159965	0.002752	3.6
44	-0.021697	0.000000	0.159965	0.001337	3.7
45	-0.022532	0.000000	0.159965	0.001375	4.6
46	-0.023530	1.000000	0.155547	0.002945	4.3
47	-0.023289	0.200000	0.159054	0.004600	3.9
48	-0.022333	0.000000	0.159965	0.003363	3.6
49	-0.021873	0.000000	0.159965	0.003302	3.3
50	-0.024215	0.000000	0.159965	0.002891	3.5
51	-0.021398	0.000000	0.159965	0.003204	4.1
52	-0.023449	1.000000	0.155547	0.000994	4.0
53	-0.024925	2.000000	0.151440	0.001361	3.6
54	-0.027475	1.200001	0.154702	0.002739	3.9
55	-0.021986	0.400001	0.158158	0.002144	3.8
56	-0.021305	0.000000	0.159965	0.003118	4.1
57	-0.023935	1.000000	0.155547	0.002681	4.9
58	-0.025501	0.200000	0.159054	0.002148	3.6
59	-0.024622	0.000000	0.159965	0.004109	4.0
60	-0.023081	0.000000	0.159965	0.003572	4.2
61	-0.022216	0.000000	0.159965	0.002891	4.2
62	-0.023376	0.000000	0.159965	0.003162	3.5
63	-0.021112	1.000000	0.155547	0.001655	4.0
64	-0.024921	2.000000	0.151440	0.001299	3.6
65	-0.021327	1.200000	0.154702	0.004845	3.7
66	-0.022434	2.198477	0.150658	0.002220	3.8
67	-0.026715	3.198477	0.146879	0.003272	4.8
68	-0.019797	2.398477	0.149882	0.001427	4.0
69	-0.023135	1.598477	0.153054	0.002199	3.6
70	-0.023213	0.798477	0.156411	0.002249	4.0
71	-0.021153	0.000000	0.159965	0.004165	4.2
72	-0.021821	0.000000	0.159965	0.001918	4.0
73	-0.025241	0.000000	0.159965	0.001422	2.9
74	-0.021429	0.999994	0.155547	0.004138	3.9
75	-0.023093	0.199994	0.159054	0.003205	4.0
76	-0.020384	0.000000	0.159965	0.002287	2.9
77	-0.021377	1.000000	0.155547	0.001832	2.8
78	-0.022582	2.000000	0.151440	0.003688	2.8
79	-0.025893	1.200000	0.154702	0.003448	2.8
80	-0.026455	2.200000	0.150652	0.006403	2.9
81	-0.020336	1.400000	0.153869	0.001293	3.0
82	-0.022164	0.600000	0.157275	0.002302	3.7
83	-0.022925	0.000000	0.159965	0.001483	3.7
84	-0.023699	0.000000	0.159965	0.001515	3.7
85	-0.022295	0.000000	0.159965	0.001846	3.8
86	-0.022210	0.000000	0.159965	0.002359	3.2
87	-0.020912	0.000000	0.159965	0.002057	2.8
88	-0.022384	1.000000	0.155547	0.002333	3.0
89	-0.024402	0.200000	0.159054	0.002930	4.0
90	-0.023807	0.000000	0.159965	0.003185	3.8
91	-0.021368	0.000000	0.159965	0.001840	3.2
92	-0.021717	0.000000	0.159965	0.001684	2.8
93	-0.022583	0.000000	0.159965	0.002298	3.2
94	-0.020319	1.000000	0.155547	0.004374	3.1
95	-0.023292	2.000000	0.151440	0.002421	3.1
96	-0.024671	3.000000	0.147609	0.003419	3.3
97	-0.021185	2.200000	0.150652	0.004358	3.8
98	-0.021795	1.400000	0.153869	0.002757	3.8
99	-0.024122	0.600000	0.157275	0.002651	3.9
100	-0.021846	0.000000	0.159965	0.002080	3.9
101	-0.021608	0.000000	0.159965	0.002157	3.8
102	-0.024404	0.000000	0.159965	0.003967	4.0
103	-0.021524	1.000000	0.155547	0.004246	3.8
104	-0.022712	0.200000	0.159054	0.003373	3.6
105	-0.024468	1.200000	0.154702	0.003293	3.3
106	-0.023846	0.400000	0.158158	0.002408	3.3
107	-0.023125	0.000000	0.159965	0.001086	3.1
108	-0.020622	1.000000	0.155547	0.003018	3.1
109	-0.022510	0.200000	0.159054	0.003324	3.0
110	-0.022688	0.000000	0.159965	0.001286	2.8
111	-0.021324	0.000000	0.159965	0.001720	2.8
112	-0.024957	0.000000	0.159965	0.004666	2.7
113	-0.024497	0.000000	0.159965	0.002135	2.8
114	-0.020498	0.000000	0.159965	0.002165	2.9
115	-0.022314	0.000000	0.159965	0.004647	3.3
116	-0.022348	0.000000	0.159965	0.002064	3.8
117	-0.021741	0.000000	0.159965	0.003857	3.4
118	-0.024140	0.000000	0.159965	0.002188	3.0
119	-0.021583	0.000000	0.159965	0.002098	3.5
120	-0.022940	0.000000	0.159965	0.003226	2.6
121	-0.022895	0.000000	0.159965	0.002181	2.7
122	-0.022306	0.000000	0.159965	0.001138	2.5
123	-0.022826	0.815397	0.156338	0.003963	2.9
124	-0.021524	0.015397	0.159894	0.000797	3.1
125	-0.025397	0.000000	0.159965	0.003849	3.6
126	-0.021379	0.000000	0.159965	0.003387	3.5
127	-0.023886	0.000000	0.159965	0.002791	3.2
128	-0.022898	0.000000	0.159965	0.002833	3.1
129	-0.023561	0.000000	0.159965	0.002313	3.1
130	-0.021612	1.000000	0.155547	0.001758	3.3
131	-0.020171	0.200000	0.159054	0.002420	3.7
132	-0.024286	0.000000	0.159965	0.001885	2.7
133	-0.025108	1.000000	0.155547	0.002052	2.7
134	-0.023808	0.200000	0.159054	0.001251	2.7
135	-0.024569	0.000000	0.159965	0.002148	2.7
136	-0.023544	0.000000	0.159965	0.003725	2.7
137	-0.021658	1.000000	0.155547	0.001799	2.6
138	-0.023159	0.200000	0.159054	0.001910	2.6
139	-0.024263	0.000000	0.159965	0.003281	2.5
140	-0.026461	0.000000	0.159965	0.004492	2.6
141	-0.022462	0.000000	0.159965	0.002915	3.0
142	-0.023218	0.000000	0.159965	0.003415	3.1
143	-0.025199	0.000000	0.159965	0.004242	3.0
144	-0.022621	0.000000	0.159965	0.005200	2.6
145	-0.021671	1.000000	0.155547	0.003985	2.6
146	-0.022621	2.000000	0.151440	0.001008	2.6
147	-0.022827	3.000000	0.147609	0.003420	3.0
148	-0.021734	2.200000	0.150652	0.001740	3.4
149	-0.020379	1.400000	0.153869	0.003792	2.9
150	-0.023629	0.600000	0.157275	0.002857	3.8
151	-0.019579	0.000000	0.159965	0.001407	3.7
152	-0.023048	0.000000	0.159965	0.003995	3.5
153	-0.024527	1.000000	0.155547	0.001035	3.6
154	-0.022202	0.200000	0.159054	0.002152	3.5
155	-0.022206	0.315778	0.158534	0.001868	2.9
156	-0.020015	1.315778	0.154218	0.001439	2.8
157	-0.022386	2.315778	0.150202	0.002723	3.8
158	-0.025999	1.515778	0.153392	0.002139	3.4
159	-0.022542	0.715778	0.156769	0.003151	2.7
160	-0.022716	1.198911	0.154706	0.003663	2.7
161	-0.022703	0.398911	0.158163	0.003974	3.5
162	-0.023453	0.000000	0.159965	0.002150	3.4
163	-0.027646	0.000000	0.159965	0.003063	3.6
164	-0.023446	1.000000	0.155547	0.004332	2.8
165	-0.023394	2.000000	0.151440	0.003795	3.0
166	-0.021592	1.200000	0.154702	0.003314	3.8
167	-0.021985	2.200000	0.150652	0.004079	3.5
168	-0.023701	3.200000	0.146873	0.002840	3.5
169	-0.023943	4.200000	0.143337	0.001230	3.4
170	-0.024407	3.400000	0.146147	0.002727	3.4
171	-0.021069	2.600000	0.149110	0.002017	3.6
172	-0.021434	3.600000	0.145431	0.003148	4.0
173	-0.021700	2.800000	0.148354	0.001696	3.9
174	-0.021396	2.000000	0.151440	0.003501	3.2
175	-0.024153	1.200000	0.154702	0.003176	4.0
176	-0.021185	0.400000	0.158158	0.003562	3.7
177	-0.023806	0.000000	0.159965	0.002470	3.7
178	-0.024045	1.000000	0.155547	0.002182	3.4
179	-0.023148	0.200000	0.159054	0.001984	3.9
180	-0.021946	0.000000	0.159965	0.002210	3.9
181	-0.025218	0.000000	0.159965	0.003117	4.0
182	-0.023826	0.999987	0.155547	0.003640	3.3
183	-0.023538	0.199987	0.159055	0.004781	3.7
184	-0.026608	0.000000	0.159965	0.002729	2.9
185	-0.020388	0.000000	0.159965	0.003465	3.0
186	-0.022837	0.000000	0.159965	0.001779	2.8
187	-0.021802	0.000000	0.159965	0.002271	3.1
188	-0.020871	0.000000	0.159965	0.001336	3.9
189	-0.021236	1.000000	0.155547	0.002171	3.8
190	-0.022245	0.200000	0.159054	0.003146	3.5
191	-0.025345	0.000000	0.159965	0.002897	3.2
192	-0.022141	0.000000	0.159965	0.002502	3.1
193	-0.022783	0.000000	0.159965	0.002384	3.0
194	-0.021789	0.000000	0.159965	0.001863	2.6
195	-0.024238	0.000000	0.159965	0.002491	3.3
196	-0.023264	1.000000	0.155547	0.001320	3.9
197	-0.022642	0.200000	0.159054	0.002214	2.8
198	-0.023391	1.200000	0.154702	0.004768	3.7
199	-0.022766	0.400000	0.158158	0.002182	2.7
200	-0.022321	0.000000	0.159965	0.003267	2.8
201	-0.022283	1.000000	0.155547	0.002490	2.8
202	-0.021082	0.200000	0.159054	0.001699	3.7
203	-0.023689	1.200000	0.154702	0.002677	3.4
204	-0.021104	2.200000	0.150652	0.002742	3.5
205	-0.021716	1.400000	0.153869	0.002560	3.3
206	-0.024583	0.600000	0.157275	0.002026	3.1
207	-0.024737	0.000000	0.159965	0.002859	3.0
208	-0.024158	0.000000	0.159965	0.001821	2.9
209	-0.023378	0.000000	0.159965	0.002400	3.0
210	-0.022602	1.000000	0.155547	0.001951	3.0
211	-0.024087	2.000000	0.151440	0.002525	2.8
212	-0.021734	1.200000	0.154702	0.003111	2.7
213	-0.019430	0.400000	0.158158	0.003702	4.0
214	-0.020490	0.000000	0.159965	0.003820	3.8
215	-0.024784	1.000000	0.155547	0.002097	3.5
216	-0.024657	0.200000	0.159054	0.002772	3.3
217	-0.022633	1.200000	0.154702	0.004150	2.7
218	-0.026493	0.400137	0.158157	0.002597	3.2
219	-0.021559	0.000000	0.159965	0.002009	2.8
220	-0.022802	0.000000	0.159965	0.002200	2.6
221	-0.022997	0.000000	0.159965	0.002422	2.8
222	-0.024941	0.000000	0.159965	0.004073	2.8
223	-0.023365	0.000000	0.159965	0.001739	2.8
224	-0.023383	0.000000	0.159965	0.002115	2.8
225	-0.022215	0.000000	0.159965	0.002097	2.9
226	-0.023587	0.000000	0.159965	0.003560	3.2
227	-0.022277	0.000000	0.159965	0.002060	3.4
228	-0.024234	1.000000	0.155547	0.002884	3.7
229	-0.024694	0.200000	0.159054	0.002912	3.8
230	-0.026265	1.200000	0.154702	0.001875	3.6
231	-0.023695	0.400000	0.158158	0.003013	4.0
232	-0.021503	0.000000	0.159965	0.004936	2.6
233	-0.022633	0.000000	0.159965	0.002488	2.6
234	-0.022298	0.000000	0.159965	0.002463	3.4
235	-0.021911	0.000000	0.159965	0.002112	3.8
236	-0.023669	0.000000	0.159965	0.001235	3.8
237	-0.020992	0.000000	0.159965	0.002637	3.2
238	-0.022952	0.000000	0.159965	0.001772	3.2
239	-0.025775	1.000000	0.155547	0.000962	3.2
240	-0.020611	0.200001	0.159054	0.001344	3.1
241	-0.024460	0.000000	0.159965	0.002421	3.2
242	-0.020881	0.000000	0.159965	0.003119	2.8
243	-0.024360	0.000000	0.159965	0.004526	2.8
244	-0.024743	1.000000	0.155547	0.001015	2.7
245	-0.020970	0.200000	0.159054	0.002749	2.7
246	-0.024710	1.200000	0.154702	0.004280	2.7
247	-0.022577	2.200000	0.150652	0.003864	2.7
248	-0.022680	1.400000	0.153869	0.001273	2.7
249	-0.023680	2.400000	0.149876	0.002230	2.8
250	-0.021526	1.600000	0.153048	0.002143	2.7
251	-0.025019	0.800000	0.156404	0.002616	2.7
252	-0.021662	0.000000	0.159965	0.001482	2.7
253	-0.025322	1.000000	0.155547	0.002059	2.7
254	-0.021963	0.200000	0.159054	0.005188	2.7
255	-0.022630	0.000000	0.159965	0.002833	3.0
256	-0.024647	1.000000	0.155547	0.002332	3.6
257	-0.021970	0.200000	0.159054	0.002845	3.7
258	-0.022962	0.000000	0.159965	0.002213	3.5
259	-0.023951	0.000000	0.159965	0.002240	3.1
260	-0.022182	0.000000	0.159965	0.003980	2.7
261	-0.022315	1.000000	0.155547	0.001719	3.0
262	-0.023796	0.200000	0.159054	0.003796	2.6
263	-0.021704	0.000000	0.159965	0.001653	2.6
264	-0.024035	0.000000	0.159965	0.001454	2.9
265	-0.020868	0.000000	0.159965	0.003412	2.6
266	-0.023395	1.000000	0.155547	0.002256	2.5
267	-0.021666	2.000000	0.151440	0.003037	2.8
268	-0.025855	3.000000	0.147609	0.001970	3.7
269	-0.023627	2.200000	0.150652	0.001708	3.5
270	-0.025137	3.200000	0.146873	0.003005	3.5
271	-0.022424	2.400000	0.149876	0.001329	2.7
272	-0.022790	1.600000	0.153048	0.001079	2.8
273	-0.024915	0.800000	0.156404	0.003218	2.7
274	-0.023830	0.000000	0.159965	0.001235	2.7
275	-0.023981	0.000000	0.159965	0.003515	2.6
276	-0.024352	0.000000	0.159965	0.001635	2.5
277	-0.021938	0.000000	0.159965	0.003622	2.5
278	-0.021611	0.000000	0.159965	0.002419	2.5
279	-0.025321	0.000000	0.159965	0.001523	2.7
280	-0.022692	1.000000	0.155547	0.003177	3.3
281	-0.025865	2.000000	0.151440	0.002295	3.2
282	-0.023177	3.000000	0.147609	0.004674	3.3
283	-0.023018	4.000000	0.144026	0.001806	2.8
284	-0.022379	3.200000	0.146873	0.002300	2.9
285	-0.022794	2.400000	0.149876	0.003329	3.6
286	-0.022741	1.600000	0.153048	0.001274	2.9
287	-0.021551	2.600000	0.149110	0.002089	2.8
288	-0.025006	1.800000	0.152238	0.002305	2.9
289	-0.023458	1.000000	0.155547	0.001104	2.9
290	-0.024435	0.200000	0.159054	0.004665	2.8
291	-0.024336	1.200000	0.154702	0.002626	2.6
292	-0.022171	0.400000	0.158158	0.004544	2.6
293	-0.020129	0.000000	0.159965	0.002471	2.9
294	-0.023052	1.000000	0.155547	0.001302	3.7
295	-0.023031	2.000000	0.151440	0.002189	3.7
296	-0.023728	3.000000	0.147609	0.001613	3.5
297	-0.022066	2.200000	0.150652	0.003113	3.4
298	-0.022685	3.200000	0.146873	0.003332	3.7
299	-0.022060	2.400000	0.149876	0.003776	3.8
300	-0.022877	3.400000	0.146147	0.002412	3.7
301	-0.023822	2.600000	0.149110	0.003963	3.5
302	-0.021915	1.800000	0.152238	0.001896	3.4
303	-0.024454	1.000000	0.155547	0.003424	2.8
304	-0.024353	0.200000	0.159054	0.001890	3.6
305	-0.023329	0.000000	0.159965	0.003866	3.9
306	-0.023628	1.000000	0.155547	0.003688	3.7
307	-0.025449	2.000000	0.151440	0.002853	2.9
308	-0.024095	1.200000	0.154702	0.002370	2.8
309	-0.020825	2.200000	0.150652	0.001379	2.8
310	-0.023210	1.400000	0.153869	0.002247	2.8
311	-0.024086	0.600000	0.157275	0.000789	3.0
312	-0.024969	0.000000	0.159965	0.004175	3.7
313	-0.024345	0.000000	0.159965	0.002014	3.7
314	-0.023817	0.000000	0.159965	0.004243	3.4
315	-0.019176	1.000000	0.155547	0.001992	2.7
316	-0.021172	2.000000	0.151440	0.002671	3.2
317	-0.025916	1.200000	0.154702	0.005516	3.8
318	-0.020484	2.200000	0.150652	0.002764	2.6
319	-0.021481	1.400000	0.153869	0.001665	2.6
320	-0.020002	2.399970	0.149876	0.002068	2.7
321	-0.023414	3.399970	0.146148	0.002097	2.8
322	-0.021353	2.599970	0.149110	0.002397	2.6
323	-0.021535	1.799970	0.152238	0.005020	2.6
324	-0.025359	0.999970	0.155547	0.001733	2.8
325	-0.021433	1.999970	0.151440	0.002075	2.9
326	-0.023582	2.999970	0.147609	0.001691	2.8
327	-0.023242	2.199970	0.150653	0.002651	2.9
328	-0.020968	1.399970	0.153869	0.002073	2.9
329	-0.024782	0.599970	0.157275	0.001553	3.0
330	-0.024915	0.000000	0.159965	0.003297	3.1
331	-0.024682	0.000000	0.159965	0.002653	3.3
332	-0.023472	0.000000	0.159965	0.003121	3.8
333	-0.025032	0.000000	0.159965	0.003252	3.7
334	-0.024972	0.000000	0.159965	0.003349	3.9
335	-0.021594	0.000000	0.159965	0.001600	3.1
336	-0.025196	1.000000	0.155547	0.002159	2.8
337	-0.020645	2.000000	0.151440	0.001920	2.9
338	-0.023558	3.000000	0.147609	0.002527	3.8
339	-0.022529	4.000000	0.144026	0.001953	3.7
340	-0.024744	3.200000	0.146873	0.002607	2.7
341	-0.022793	2.400000	0.149876	0.001127	2.6
342	-0.021346	1.600000	0.153048	0.003620	2.6
343	-0.022395	2.599999	0.149110	0.003634	2.6
344	-0.022561	3.599999	0.145431	0.001650	2.6
345	-0.026157	2.799999	0.148354	0.004478	2.6
346	-0.023633	1.999999	0.151440	0.001425	2.8
347	-0.022679	1.199999	0.154702	0.003082	2.7
348	-0.025082	2.199999	0.150652	0.002776	3.9
349	-0.023007	1.399999	0.153869	0.002055	3.8
350	-0.021183	2.399996	0.149876	0.002095	3.5
351	-0.024940	1.599996	0.153048	0.002876	3.4
352	-0.018797	0.799996	0.156404	0.002359	3.3
353	-0.027036	0.000000	0.159965	0.006746	2.7
354	-0.024437	0.000000	0.159965	0.002359	3.4
355	-0.023183	0.000000	0.159965	0.002404	3.6
356	-0.021739	1.000000	0.155547	0.003757	3.1
357	-0.022861	2.000000	0.151440	0.006901	2.6
358	-0.021942	1.200000	0.154702	0.005778	2.6
359	-0.023806	2.200000	0.150652	0.001815	2.9
360	-0.018977	1.400000	0.153869	0.004344	3.8
361	-0.020977	0.600000	0.157275	0.003859	2.7
362	-0.022737	1.600000	0.153048	0.003422	2.6
363	-0.023237	2.600000	0.149110	0.002379	2.7
364	-0.022401	1.800000	0.152238	0.002448	2.7
365	-0.025086	2.800000	0.148354	0.002584	3.6
366	-0.022007	3.800000	0.144724	0.002170	3.6
367	-0.022169	3.000000	0.147609	0.003402	3.6
368	-0.023370	2.200000	0.150652	0.004002	3.3
369	-0.022479	3.200000	0.146873	0.001622	3.1
370	-0.023552	2.400000	0.149876	0.002438	3.0
371	-0.022065	1.600000	0.153048	0.001453	3.1
372	-0.023236	0.800000	0.156404	0.002869	3.0
373	-0.021153	0.000000	0.159965	0.002552	3.0
374	-0.025165	1.000000	0.155547	0.003191	3.1
375	-0.022533	2.000000	0.151440	0.003887	2.8
376	-0.021891	1.200000	0.154702	0.003698	2.7
377	-0.021746	2.062571	0.151192	0.002271	2.9
378	-0.021462	3.062571	0.147378	0.006832	2.9
379	-0.022891	2.262571	0.150408	0.003183	2.9
380	-0.021418	3.262571	0.146645	0.002679	2.8
381	-0.022326	2.462571	0.149635	0.001472	2.8
382	-0.024482	1.662571	0.152793	0.001914	2.5
383	-0.022023	2.662571	0.148873	0.002198	2.6
384	-0.024698	3.662394	0.145209	0.002508	2.7
385	-0.022323	2.862394	0.148121	0.004720	2.6
386	-0.023556	2.062394	0.151193	0.002200	2.6
387	-0.022424	1.262394	0.154441	0.001271	2.6
388	-0.021207	2.262394	0.150409	0.003226	2.7
389	-0.025009	3.262394	0.146646	0.002837	2.7
390	-0.021444	2.462394	0.149636	0.001189	2.5
391	-0.020769	1.662394	0.152794	0.002211	2.6
392	-0.022236	0.862394	0.156136	0.004131	2.6
393	-0.023003	0.062394	0.159679	0.002964	2.6
394	-0.023157	1.062394	0.155282	0.003117	2.6
395	-0.023079	0.262394	0.158773	0.002723	2.7
396	-0.022177	0.000000	0.159965	0.003230	2.7
397	-0.025798	0.000000	0.159965	0.001273	2.7
398	-0.025645	0.000000	0.159965	0.003478	3.6
399	-0.024533	1.000000	0.155547	0.003342	3.4
400	-0.023109	0.200000	0.159054	0.003073	2.9
401	-0.025928	0.000000	0.159965	0.001929	3.3
402	-0.023252	0.000000	0.159965	0.002870	3.8
403	-0.021185	0.000000	0.159965	0.003344	3.6
404	-0.023313	0.000000	0.159965	0.001259	3.5
405	-0.023016	0.000000	0.159965	0.002994	2.7
406	-0.021875	0.000000	0.159965	0.000983	2.8
407	-0.023112	1.000000	0.155547	0.004058	3.1
408	-0.024927	2.000000	0.151440	0.004565	3.7
409	-0.022982	1.200000	0.154702	0.002054	3.5
410	-0.023780	0.400000	0.158158	0.003172	2.7
411	-0.022126	0.000000	0.159965	0.001664	2.8
412	-0.020913	0.000000	0.159965	0.003116	2.7
413	-0.021965	1.000000	0.155547	0.004255	2.7
414	-0.021669	0.200000	0.159054	0.003217	2.9
415	-0.023167	0.000000	0.159965	0.002988	3.8
416	-0.023333	0.000000	0.159965	0.004883	3.7
417	-0.025357	0.000000	0.159965	0.002378	3.6
418	-0.023021	0.000000	0.159965	0.001151	2.9
419	-0.024977	0.000000	0.159965	0.002739	3.8
420	-0.025504	1.000000	0.155547	0.001973	3.8
421	-0.022221	2.000000	0.151440	0.005191	3.8
422	-0.020760	3.000000	0.147609	0.002762	3.3
423	-0.021850	4.000000	0.144026	0.003494	2.7
424	-0.022179	5.000000	0.140665	0.003287	2.7
425	-0.022357	4.200000	0.143337	0.001238	2.8
426	-0.023449	3.400000	0.146147	0.005587	2.6
427	-0.022374	4.400000	0.142656	0.002450	2.8
428	-0.023214	5.400000	0.139378	0.002430	2.6
429	-0.024745	4.600000	0.141984	0.004478	3.0
430	-0.021696	3.800000	0.144724	0.002352	3.8
431	-0.022479	4.800000	0.141320	0.003002	3.5
432	-0.025601	5.799974	0.138122	0.002925	2.7
433	-0.023998	4.999974	0.140665	0.003345	2.8
434	-0.022633	4.199974	0.143337	0.004221	2.9
435	-0.024305	5.199974	0.140018	0.002004	3.5
436	-0.021984	6.199974	0.136896	0.002670	3.7
437	-0.021821	5.399974	0.139378	0.002295	3.6
438	-0.023996	6.399974	0.136293	0.003231	3.7
439	-0.022834	7.399974	0.133384	0.003036	2.8
440	-0.023385	6.599974	0.135698	0.002206	3.0
441	-0.024686	5.799974	0.138122	0.002891	2.9
442	-0.020730	4.999974	0.140665	0.001522	2.9
443	-0.025154	4.199974	0.143337	0.002358	2.7
444	-0.023758	3.399974	0.146148	0.002323	2.8
445	-0.024032	2.599974	0.149110	0.001429	2.5
446	-0.022555	1.799974	0.152238	0.001546	2.6
447	-0.022407	0.999974	0.155547	0.001243	2.6
448	-0.021945	0.199974	0.159055	0.002091	2.6
449	-0.020048	1.199973	0.154702	0.001514	2.6
450	-0.023279	0.399973	0.158158	0.001113	2.5
451	-0.024946	0.000000	0.159965	0.000997	2.5
452	-0.023896	0.000000	0.159965	0.003262	2.6
453	-0.023460	0.000000	0.159965	0.003391	2.7
454	-0.024046	1.000000	0.155547	0.002318	2.6
455	-0.024822	0.200000	0.159054	0.002071	2.6
456	-0.025044	0.000000	0.159965	0.000991	2.5
457	-0.021888	0.000000	0.159965	0.001454	2.4
458	-0.023112	0.000000	0.159965	0.002136	2.5
459	-0.024099	1.000000	0.155547	0.003374	2.6
460	-0.024815	0.200000	0.159054	0.001613	2.4
461	-0.025260	0.000000	0.159965	0.002562	2.3
462	-0.024238	0.000000	0.159965	0.002213	2.3
463	-0.023099	0.000000	0.159965	0.002171	2.4
464	-0.025036	0.000000	0.159965	0.002527	2.3
465	-0.024282	0.000000	0.159965	0.002171	2.3
466	-0.023782	0.000000	0.159965	0.003863	2.4
467	-0.024134	0.000000	0.159965	0.003092	2.8
468	-0.022846	1.000000	0.155547	0.002071	2.8
469	-0.023421	0.200000	0.159054	0.002544	2.8
470	-0.024248	0.000000	0.159965	0.002041	3.3
471	-0.021143	1.000000	0.155547	0.003469	3.3
472	-0.027812	0.200000	0.159054	0.002189	3.1
473	-0.024078	0.000000	0.159965	0.004347	3.5
474	-0.026262	0.000000	0.159965	0.002475	2.6
475	-0.025474	1.000000	0.155547	0.003938	2.6
476	-0.026981	0.200000	0.159054	0.001458	2.6
477	-0.022216	0.000000	0.159965	0.001248	2.6
478	-0.025968	0.000000	0.159965	0.004995	2.8
479	-0.022676	1.000000	0.155547	0.002981	3.6
480	-0.025652	0.200000	0.159054	0.002439	3.5
481	-0.020344	0.000000	0.159965	0.004229	3.8
482	-0.024530	0.000000	0.159965	0.003132	3.5
483	-0.022201	0.000000	0.159965	0.001803	3.5
484	-0.025247	0.000000	0.159965	0.001060	4.4
485	-0.019617	1.000000	0.155547	0.000677	4.0
486	-0.022578	0.200000	0.159054	0.004155	4.0
487	-0.020461	0.000000	0.159965	0.004921	3.7
488	-0.022730	1.000000	0.155547	0.004108	3.8
489	-0.021410	0.200000	0.159054	0.001383	3.6
490	-0.024292	0.000000	0.159965	0.001140	3.8
491	-0.022595	1.000000	0.155547	0.001375	3.1
492	-0.023199	2.000000	0.151440	0.003702	3.1
493	-0.022495	3.000000	0.147609	0.002166	3.1
494	-0.024512	2.200000	0.150652	0.003074	2.9
495	-0.024108	1.400000	0.153869	0.002115	3.9
496	-0.020015	2.400000	0.149876	0.004322	2.9
497	-0.019723	1.600000	0.153048	0.001953	3.3
498	-0.021960	0.800000	0.156404	0.000903	3.7
499	-0.020454	1.800000	0.152238	0.002125	2.7
500	-0.022795	1.000000	0.155547	0.003655	2.7
501	-0.023382	0.200000	0.159054	0.005353	2.6
502	-0.024760	0.000000	0.159965	0.001897	2.7
503	-0.024861	0.000000	0.159965	0.004192	2.7
504	-0.023151	0.000000	0.159965	0.002404	2.7
505	-0.020281	0.000000	0.159965	0.002251	2.6
506	-0.021260	0.000000	0.159965	0.001400	2.6
507	-0.022829	0.000000	0.159965	0.003029	2.6
508	-0.021817	0.000000	0.159965	0.001978	2.5
509	-0.021180	0.000000	0.159965	0.001851	2.7
510	-0.022850	0.000000	0.159965	0.003018	2.9
511	-0.025173	1.000000	0.155547	0.002699	2.9
512	-0.022662	0.200000	0.159054	0.002209	2.5
513	-0.023975	0.000000	0.159965	0.002512	2.6
514	-0.021983	0.000000	0.159965	0.003670	2.6
515	-0.026410	0.000000	0.159965	0.002728	2.9
516	-0.025132	0.000000	0.159965	0.002744	2.9
517	-0.022141	0.000000	0.159965	0.001346	2.9
518	-0.024820	0.000000	0.159965	0.001536	2.8
519	-0.021347	0.999829	0.155548	0.002633	2.9
520	-0.024171	0.199829	0.159055	0.004754	2.8
521	-0.021872	0.000000	0.159965	0.001817	2.8
522	-0.025969	0.000000	0.159965	0.002158	2.6
523	-0.024606	0.000000	0.159965	0.002511	2.8
524	-0.023671	0.000000	0.159965	0.003246	3.1
525	-0.024093	0.000000	0.159965	0.002936	3.2
526	-0.021829	0.000000	0.159965	0.001309	3.7
527	-0.022597	0.999999	0.155547	0.002917	3.1
528	-0.022475	1.999999	0.151440	0.002300	2.9
529	-0.021320	1.199999	0.154702	0.002765	2.9
530	-0.026472	0.399999	0.158158	0.005601	2.9
531	-0.025606	1.399999	0.153869	0.002169	2.9
532	-0.021410	0.599999	0.157275	0.004202	3.0
533	-0.022202	0.000000	0.159965	0.004501	3.0
534	-0.022409	1.000000	0.155547	0.001577	3.4
535	-0.025430	0.200000	0.159054	0.004794	2.6
536	-0.023394	1.200000	0.154702	0.002732	2.7
537	-0.023731	0.400000	0.158158	0.003118	3.7
538	-0.022638	0.000000	0.159965	0.002851	3.4
539	-0.020345	0.000000	0.159965	0.001818	2.8
540	-0.023836	0.000000	0.159965	0.001042	3.0
541	-0.021927	1.000000	0.155547	0.001489	3.2
542	-0.019385	0.200000	0.159054	0.002786	3.7
543	-0.026737	1.200000	0.154702	0.003289	3.3
544	-0.025032	0.400000	0.158158	0.001747	3.1
545	-0.021520	0.000000	0.159965	0.005069	3.1
546	-0.022714	0.999999	0.155547	0.002726	3.2
547	-0.021674	0.199999	0.159054	0.002078	3.2
548	-0.024458	1.199999	0.154702	0.002884	4.0
549	-0.025700	0.399999	0.158158	0.002755	3.8
550	-0.021271	0.000000	0.159965	0.002906	4.0
551	-0.023522	0.000000	0.159965	0.002515	4.1
552	-0.021760	0.000000	0.159965	0.002270	3.9
553	-0.023359	1.000000	0.155547	0.003804	4.8
554	-0.024247	0.200000	0.159054	0.003274	3.3
555	-0.022585	1.200000	0.154702	0.002169	3.1
556	-0.023531	2.200000	0.150652	0.002936	4.9
557	-0.022757	3.200000	0.146873	0.003079	4.0
558	-0.022145	2.400000	0.149876	0.001405	4.1
559	-0.021562	3.400000	0.146147	0.002431	3.7
560	-0.022527	2.600000	0.149110	0.002742	3.8
561	-0.019993	3.600000	0.145431	0.001205	3.7
562	-0.026277	2.800000	0.148354	0.003691	4.0
563	-0.021486	2.000000	0.151440	0.003163	2.9
564	-0.021762	1.200000	0.154702	0.003301	3.0
565	-0.023836	0.400000	0.158158	0.002883	2.9
566	-0.020437	1.400000	0.153869	0.001544	3.0
567	-0.024061	2.400000	0.149876	0.002079	2.9
568	-0.024561	1.819873	0.152158	0.002324	2.7
569	-0.022369	1.019873	0.155462	0.003364	2.9
570	-0.023512	0.219873	0.158965	0.001554	2.7
571	-0.024075	0.000000	0.159965	0.003552	2.9
572	-0.023561	0.000000	0.159965	0.002908	3.9
573	-0.021695	0.000000	0.159965	0.001661	3.7
574	-0.024351	0.000000	0.159965	0.002159	3.7
575	-0.023884	0.000000	0.159965	0.003649	3.6
576	-0.023855	1.000000	0.155547	0.002751	3.3
577	-0.022541	0.200000	0.159054	0.001347	3.9
578	-0.024733	0.000000	0.159965	0.002070	3.8
579	-0.024017	0.000000	0.159965	0.003843	3.7
580	-0.023851	0.000000	0.159965	0.002133	3.6
581	-0.024009	0.000000	0.159965	0.004988	3.7
582	-0.020037	0.808440	0.156368	0.001928	3.7
583	-0.023987	0.008440	0.159926	0.001457	3.8
584	-0.022699	0.000000	0.159965	0.001695	3.5
585	-0.022877	0.000000	0.159965	0.002395	3.6
586	-0.023073	0.000000	0.159965	0.002447	3.3
587	-0.023209	0.000000	0.159965	0.004226	3.1
588	-0.021527	0.000000	0.159965	0.001843	3.2
589	-0.021115	1.000000	0.155547	0.003373	2.7
590	-0.024404	0.200000	0.159054	0.002161	2.8
591	-0.024978	0.000000	0.159965	0.002229	2.7
592	-0.022903	1.000000	0.155547	0.003960	2.6
593	-0.022093	0.200000	0.159054	0.001478	2.8
594	-0.023164	1.200000	0.154702	0.003221	2.6
595	-0.025042	2.200000	0.150652	0.001842	3.0
596	-0.026705	3.200000	0.146873	0.005734	2.9
597	-0.024903	4.200000	0.143337	0.001824	3.0
598	-0.020893	3.400000	0.146147	0.005386	2.9
599	-0.025461	2.600000	0.149110	0.001937	2.8
600	-0.026331	3.600000	0.145431	0.002939	2.7
601	-0.024387	2.800000	0.148354	0.002057	2.6
602	-0.025694	2.000000	0.151440	0.002185	2.6
603	-0.021296	1.200000	0.154702	0.001556	3.0
604	-0.022266	0.400000	0.158158	0.002178	3.5
605	-0.024468	0.000000	0.159965	0.004441	2.5
606	-0.022379	1.000000	0.155547	0.001486	2.5
607	-0.023621	0.200000	0.159054	0.004797	2.7
608	-0.023488	0.000000	0.159965	0.003220	2.9
609	-0.023483	0.000000	0.159965	0.005198	3.8
610	-0.024264	0.000000	0.159965	0.001275	2.9
611	-0.022619	0.000000	0.159965	0.001004	3.6
612	-0.019464	1.000000	0.155547	0.002824	3.3
613	-0.022023	2.000000	0.151440	0.000844	3.4
614	-0.023599	3.000000	0.147609	0.002438	3.4
615	-0.020158	2.200000	0.150652	0.001813	2.7
616	-0.022475	1.400000	0.153869	0.006058	3.1
617	-0.024532	2.400000	0.149876	0.002780	3.2
618	-0.024824	3.400000	0.146147	0.003145	3.4
619	-0.026345	2.600000	0.149110	0.001350	2.8
620	-0.023828	3.588860	0.145471	0.004349	3.1
621	-0.018884	4.588860	0.142021	0.002074	3.3
622	-0.022784	3.788860	0.144763	0.002703	3.0
623	-0.022758	4.788860	0.141357	0.003187	3.0
624	-0.022749	3.988860	0.144064	0.002639	3.1
625	-0.024137	4.988860	0.140701	0.006644	3.1
626	-0.020209	5.988860	0.137539	0.003902	2.8
627	-0.023371	5.188860	0.140053	0.002663	3.0
628	-0.022818	6.188860	0.136929	0.001666	2.7
629	-0.024788	6.105999	0.137181	0.003817	3.7
630	-0.022532	7.105999	0.134222	0.007563	3.4
631	-0.024067	6.305999	0.136575	0.002792	2.8
632	-0.021121	5.505999	0.139042	0.001765	3.5
633	-0.020943	4.705999	0.141631	0.003110	3.7
634	-0.024809	3.905999	0.144353	0.004350	2.7
635	-0.026652	3.105999	0.147218	0.003059	2.7
636	-0.024461	4.105999	0.143659	0.004082	2.8
637	-0.023209	5.105999	0.140321	0.002951	2.8
638	-0.020004	4.305999	0.142975	0.001995	3.6
639	-0.024088	3.505999	0.145767	0.001378	3.8
640	-0.024152	2.705999	0.148708	0.002255	3.7
641	-0.023222	1.905999	0.151814	0.004680	2.9
642	-0.025623	2.905999	0.147958	0.002082	3.5
643	-0.024150	2.105999	0.151021	0.002269	3.6
644	-0.023984	1.305999	0.154259	0.002362	3.3
645	-0.021832	2.305999	0.150240	0.003925	2.8
646	-0.022287	3.305999	0.146487	0.001236	3.4
647	-0.023569	2.505999	0.149469	0.003703	2.9
648	-0.021121	1.705999	0.152617	0.001279	3.3
649	-0.021367	0.905999	0.155948	0.002208	3.3
650	-0.024276	0.105999	0.159481	0.004388	3.4
651	-0.023906	1.105999	0.155098	0.001834	3.3
652	-0.022589	0.305999	0.158578	0.003511	3.0
653	-0.023392	0.000000	0.159965	0.003924	2.9
654	-0.024005	0.000000	0.159965	0.002533	2.9
655	-0.022985	0.000000	0.159965	0.003094	2.9
656	-0.022265	1.000000	0.155547	0.003054	2.9
657	-0.021629	0.200000	0.159054	0.001748	2.8
658	-0.024012	0.000000	0.159965	0.002234	2.8
659	-0.024930	0.000000	0.159965	0.004235	2.5
660	-0.023045	0.000000	0.159965	0.002143	2.6
661	-0.023692	0.000000	0.159965	0.002427	2.6
662	-0.024088	0.000000	0.159965	0.003443	2.6
663	-0.019796	0.000000	0.159965	0.002899	2.7
664	-0.025034	1.000000	0.155547	0.003192	2.9
665	-0.022040	2.000000	0.151440	0.002346	2.6
666	-0.023344	1.200000	0.154702	0.002689	3.1
667	-0.027989	0.400000	0.158158	0.003177	2.8
668	-0.023986	0.000000	0.159965	0.005302	3.2
669	-0.026893	1.000000	0.155547	0.003039	3.1
670	-0.023319	0.200000	0.159054	0.003703	2.6
671	-0.023288	0.000000	0.159965	0.001716	3.1
672	-0.023174	0.000000	0.159965	0.001301	2.7
673	-0.023460	1.000000	0.155547	0.001654	3.2
674	-0.022395	2.000000	0.151440	0.002363	3.7
675	-0.022296	1.200000	0.154702	0.002233	2.6
676	-0.025288	0.400000	0.158158	0.005124	2.6
677	-0.024820	1.400000	0.153869	0.004227	2.7
678	-0.025541	0.600000	0.157275	0.007429	2.5
679	-0.025822	0.000000	0.159965	0.002623	2.6
680	-0.022232	1.000000	0.155547	0.003007	2.7
681	-0.022870	0.200000	0.159054	0.003738	3.0
682	-0.026945	1.200000	0.154702	0.003100	3.1
683	-0.024213	0.400000	0.158158	0.002830	2.6
684	-0.022245	0.000000	0.159965	0.002507	2.6
685	-0.023459	1.000000	0.155547	0.004313	2.6
686	-0.021173	0.200000	0.159054	0.002528	3.1
687	-0.027304	0.000000	0.159965	0.002315	3.2
688	-0.020783	0.000000	0.159965	0.005649	3.5
689	-0.021538	0.000000	0.159965	0.002100	2.8
690	-0.025622	1.000000	0.155547	0.002524	3.4
691	-0.022689	0.200000	0.159054	0.002606	3.3
692	-0.021212	0.000000	0.159965	0.005385	3.5
693	-0.022824	0.000000	0.159965	0.004192	3.5
694	-0.026138	1.000000	0.155547	0.004908	3.9
695	-0.025938	2.000000	0.151440	0.001889	3.6
696	-0.025862	3.000000	0.147609	0.004676	3.4
697	-0.023125	4.000000	0.144026	0.003064	3.5
698	-0.021124	3.200000	0.146873	0.002982	3.6
699	-0.024513	2.400000	0.149876	0.002428	2.9
700	-0.027269	1.600000	0.153048	0.002284	2.7
701	-0.022334	0.800000	0.156404	0.003717	2.8
702	-0.021469	0.000000	0.159965	0.002154	2.9
703	-0.023815	1.000000	0.155547	0.003112	2.7
704	-0.024043	0.200000	0.159054	0.002191	2.6
705	-0.022662	1.200000	0.154702	0.001853	2.7
706	-0.025053	2.200000	0.150652	0.003260	3.7
707	-0.025191	1.400000	0.153869	0.005539	2.7
708	-0.021418	0.600000	0.157275	0.002541	2.9
709	-0.023373	0.000000	0.159965	0.001260	3.6
710	-0.024114	0.000000	0.159965	0.005349	3.4
711	-0.024531	0.000000	0.159965	0.003019	3.5
712	-0.025092	0.000000	0.159965	0.001865	3.4
713	-0.026632	0.000000	0.159965	0.003762	3.4
714	-0.024530	0.000000	0.159965	0.003879	3.7
715	-0.023568	0.000000	0.159965	0.003537	3.2
716	-0.022733	1.000000	0.155547	0.002369	3.4
717	-0.020957	0.200000	0.159054	0.003816	3.6
718	-0.024436	0.000000	0.159965	0.002789	3.9
719	-0.022366	1.000000	0.155547	0.001914	3.8
720	-0.021015	2.000000	0.151440	0.004506	3.0
721	-0.024856	1.200000	0.154702	0.004383	3.0
722	-0.023067	0.400000	0.158158	0.001657	2.8
723	-0.023166	0.000000	0.159965	0.003796	2.8
724	-0.021240	0.000000	0.159965	0.003034	2.7
725	-0.023190	0.000000	0.159965	0.001927	2.9
726	-0.025951	0.000000	0.159965	0.002013	3.7
727	-0.020864	1.000000	0.155547	0.003471	2.8
728	-0.021796	2.000000	0.151440	0.003006	2.9
729	-0.021521	1.200000	0.154702	0.002796	2.8
730	-0.028932	2.200000	0.150652	0.005545	2.7
731	-0.023583	1.400000	0.153869	0.001178	2.7
732	-0.023223	2.400000	0.149876	0.003603	2.8
733	-0.022466	3.400000	0.146147	0.002411	2.7
734	-0.022785	2.600000	0.149110	0.002606	2.8
735	-0.021368	1.800000	0.152238	0.000548	3.4
736	-0.024743	1.000000	0.155547	0.002046	3.6
737	-0.021678	2.000000	0.151440	0.001253	3.6
738	-0.027402	1.200000	0.154702	0.000707	3.6
739	-0.021687	0.400000	0.158158	0.003048	3.6
740	-0.020331	0.000000	0.159965	0.001701	3.6
741	-0.023557	0.000000	0.159965	0.003343	3.6
742	-0.023700	0.000000	0.159965	0.003470	3.8
743	-0.021670	0.000000	0.159965	0.002721	3.6
744	-0.022876	0.000000	0.159965	0.001634	3.6
745	-0.023036	0.000000	0.159965	0.003549	3.2
746	-0.022425	1.000000	0.155547	0.001401	3.6
747	-0.024685	2.000000	0.151440	0.002592	2.7
748	-0.023398	3.000000	0.147609	0.001387	2.8
749	-0.020999	2.200000	0.150652	0.002134	3.7
750	-0.022541	3.200000	0.146873	0.003074	3.8
751	-0.023191	2.400000	0.149876	0.004151	3.5
752	-0.021500	1.600000	0.153048	0.001651	3.4
753	-0.019854	2.600000	0.149110	0.001401	3.4
754	-0.025230	1.800000	0.152238	0.003037	3.5
755	-0.023056	2.800000	0.148354	0.003719	3.8
756	-0.022118	2.000000	0.151440	0.003365	3.6
757	-0.023071	3.000000	0.147609	0.003614	3.4
758	-0.022901	2.200000	0.150652	0.002739	3.0
759	-0.025823	2.762173	0.148497	0.002733	3.5
760	-0.021164	1.962173	0.151590	0.005713	3.7
761	-0.023209	2.962173	0.147749	0.004619	3.1
762	-0.023452	3.962173	0.144157	0.004381	3.1
763	-0.023100	4.962173	0.140788	0.000856	3.0
764	-0.020315	4.359912	0.142792	0.002191	3.4
765	-0.021499	3.559912	0.145574	0.001955	3.3
766	-0.026720	2.759912	0.148505	0.004235	3.9
767	-0.021823	1.959912	0.151599	0.001365	2.9
768	-0.021723	2.959912	0.147758	0.002981	3.4
769	-0.021242	3.959912	0.144165	0.004425	3.3
770	-0.021012	3.159912	0.147020	0.003112	3.3
771	-0.021318	4.159912	0.143474	0.002448	3.4
772	-0.024088	3.359912	0.146292	0.001625	3.2
773	-0.023599	2.559912	0.149263	0.004011	3.3
774	-0.022876	1.759912	0.152399	0.002510	3.1
775	-0.024232	0.959912	0.155718	0.005153	2.7
776	-0.022213	0.159912	0.159236	0.001759	2.7
777	-0.021176	1.159912	0.154870	0.002023	2.7
778	-0.025947	0.359912	0.158337	0.003815	3.0
779	-0.021067	1.359577	0.154036	0.001593	3.1
780	-0.025344	0.559577	0.157452	0.004246	3.5
781	-0.025151	0.000000	0.159965	0.003729	3.2
782	-0.024800	1.000000	0.155547	0.003877	3.6
783	-0.022299	0.200000	0.159054	0.002915	3.2
784	-0.021833	0.000000	0.159965	0.002987	3.1
785	-0.019561	0.000000	0.159965	0.002402	3.5
786	-0.025565	0.000000	0.159965	0.004839	3.7
787	-0.023886	0.000000	0.159965	0.002869	2.6
788	-0.024412	0.000000	0.159965	0.001486	2.7
789	-0.021476	0.000000	0.159965	0.002582	2.7
790	-0.022807	0.000000	0.159965	0.003750	3.7
791	-0.020859	0.000000	0.159965	0.003137	3.9
792	-0.021725	0.000000	0.159965	0.002258	3.8
793	-0.022976	1.000000	0.155547	0.002813	3.8
794	-0.019994	2.000000	0.151440	0.003692	3.8
795	-0.022274	1.200000	0.154702	0.002827	3.8
796	-0.024968	2.200000	0.150652	0.002749	3.0
797	-0.022199	1.400000	0.153869	0.003255	2.9
798	-0.025909	2.400000	0.149876	0.004797	3.0
799	-0.024556	3.400000	0.146147	0.003413	2.7
800	-0.026520	2.600000	0.149110	0.003144	3.0
801	-0.023064	3.600000	0.145431	0.003063	2.7
802	-0.022869	2.800000	0.148354	0.001649	2.7
803	-0.021179	3.800000	0.144724	0.001390	2.7
804	-0.023971	4.800000	0.141320	0.001614	2.6
805	-0.022440	5.800000	0.138122	0.001204	2.7
806	-0.024620	5.000000	0.140665	0.003989	2.7
807	-0.023117	6.000000	0.137505	0.002647	2.9
808	-0.023007	5.200000	0.140018	0.003154	2.9
809	-0.022622	6.200000	0.136896	0.001968	2.7
810	-0.021365	5.400000	0.139378	0.003232	2.6
811	-0.023752	4.600000	0.141984	0.003489	2.6
812	-0.023247	3.800000	0.144724	0.003905	2.5
813	-0.024164	3.000000	0.147609	0.003167	2.6
814	-0.023388	2.200000	0.150652	0.001453	2.7
815	-0.023734	3.200000	0.146873	0.003979	2.7
816	-0.024613	4.200000	0.143337	0.002748	2.8
817	-0.025083	3.400000	0.146147	0.003168	2.8
818	-0.022109	2.600000	0.149110	0.004022	2.8
819	-0.021402	1.800000	0.152238	0.004050	2.5
820	-0.021268	1.000000	0.155547	0.001894	2.5
821	-0.026126	0.200000	0.159054	0.002936	2.5
822	-0.022331	0.000000	0.159965	0.003365	2.8
823	-0.023083	0.000000	0.159965	0.002957	2.6
824	-0.021190	0.000000	0.159965	0.002043	2.5
825	-0.022719	0.000000	0.159965	0.003097	2.5
826	-0.021544	0.000000	0.159965	0.002938	2.5
827	-0.021529	0.000000	0.159965	0.003290	2.5
828	-0.025859	1.000000	0.155547	0.002076	2.5
829	-0.023511	0.200000	0.159054	0.001929	2.9
830	-0.023896	0.000000	0.159965	0.002133	2.8
831	-0.024457	0.000000	0.159965	0.002273	2.8
832	-0.023919	0.000000	0.159965	0.001705	2.7
833	-0.023287	1.000000	0.155547	0.001774	2.5
834	-0.022020	2.000000	0.151440	0.001541	2.5
835	-0.022773	1.200000	0.154702	0.002385	2.7
836	-0.021285	0.400000	0.158158	0.002221	3.1
837	-0.023508	0.000000	0.159965	0.002463	3.1
838	-0.022794	0.000000	0.159965	0.003735	3.1
839	-0.022319	0.000000	0.159965	0.002289	3.1
840	-0.024183	0.000000	0.159965	0.003430	2.8
841	-0.020226	0.000000	0.159965	0.002115	2.8
842	-0.022168	0.000000	0.159965	0.001375	2.7
843	-0.022027	0.000000	0.159965	0.002532	2.7
844	-0.021718	0.000000	0.159965	0.002890	2.7
845	-0.023255	0.000000	0.159965	0.002564	2.7
846	-0.023129	0.000000	0.159965	0.003304	2.6
847	-0.023066	0.000000	0.159965	0.002643	2.7
848	-0.023283	0.000000	0.159965	0.004796	2.7
849	-0.021690	0.000000	0.159965	0.003669	2.7
850	-0.022667	1.000000	0.155547	0.003438	2.7
851	-0.022382	0.200000	0.159054	0.002650	2.9
852	-0.023378	0.000000	0.159965	0.001675	3.7
853	-0.019356	1.000000	0.155547	0.002955	2.7
854	-0.026583	2.000000	0.151440	0.002285	2.9
855	-0.021538	1.200000	0.154702	0.001969	2.8
856	-0.024028	0.400000	0.158158	0.006318	2.7
857	-0.023146	0.000000	0.159965	0.003738	2.8
858	-0.022198	1.000000	0.155547	0.003097	3.1
859	-0.024066	0.200000	0.159054	0.003970	3.1
860	-0.023285	0.000000	0.159965	0.003016	2.9
861	-0.025532	0.000000	0.159965	0.004298	2.9
862	-0.023761	0.000000	0.159965	0.001519	2.9
863	-0.020447	1.000000	0.155547	0.002099	2.9
864	-0.024879	0.200000	0.159054	0.003145	2.8
865	-0.023160	0.000000	0.159965	0.001640	3.2
866	-0.022094	0.000000	0.159965	0.004750	2.5
867	-0.024787	1.000000	0.155547	0.003665	2.5
868	-0.024732	2.000000	0.151440	0.003030	2.5
869	-0.020839	1.200000	0.154702	0.001486	2.8
870	-0.025224	0.400000	0.158158	0.003755	3.9
871	-0.020188	0.000000	0.159965	0.002982	3.8
872	-0.024926	0.000000	0.159965	0.001341	3.9
873	-0.024582	0.000000	0.159965	0.003799	3.5
874	-0.022947	0.000000	0.159965	0.001351	3.8
875	-0.021588	1.000000	0.155547	0.001740	3.6
876	-0.022157	0.200000	0.159054	0.002228	2.6
877	-0.022832	0.000000	0.159965	0.002846	2.6
878	-0.022358	0.000000	0.159965	0.002102	2.9
879	-0.021084	0.000000	0.159965	0.002060	3.0
880	-0.022253	0.000000	0.159965	0.002875	2.6
881	-0.022960	0.000000	0.159965	0.002012	2.9
882	-0.025086	0.000000	0.159965	0.002401	2.9
883	-0.020662	0.000000	0.159965	0.002887	2.9
884	-0.024508	0.000000	0.159965	0.004167	2.9
885	-0.023746	0.000000	0.159965	0.004228	2.6
886	-0.023475	0.000000	0.159965	0.005016	2.6
887	-0.024595	1.000000	0.155547	0.002800	2.7
888	-0.022556	2.000000	0.151440	0.004795	2.9
889	-0.026701	1.200000	0.154702	0.002896	2.8
890	-0.022840	2.198468	0.150658	0.004464	2.8
891	-0.021200	3.198468	0.146879	0.001877	2.6
892	-0.025457	2.398468	0.149882	0.003749	2.5
893	-0.020637	1.598468	0.153054	0.001289	2.6
894	-0.026561	2.598468	0.149116	0.002152	2.6
895	-0.024810	1.798468	0.152244	0.003210	2.5
896	-0.021857	2.798468	0.148360	0.004136	2.4
897	-0.023718	1.998468	0.151446	0.003508	2.4
898	-0.023954	1.198468	0.154708	0.001889	2.5
899	-0.023883	0.398468	0.158165	0.001942	2.6
900	-0.022007	0.000000	0.159965	0.003658	2.5
901	-0.023332	0.000000	0.159965	0.002808	2.5
902	-0.023351	0.000000	0.159965	0.002866	2.5
903	-0.023552	0.000000	0.159965	0.005266	2.5
904	-0.025588	1.000000	0.155547	0.006339	2.4
905	-0.021519	2.000000	0.151440	0.002767	2.4
906	-0.021468	1.200000	0.154702	0.002555	2.4
907	-0.026041	0.400000	0.158158	0.003688	2.4
908	-0.024130	0.000000	0.159965	0.000809	2.7
909	-0.022010	0.000000	0.159965	0.002417	2.7
910	-0.022855	1.000000	0.155547	0.002845	2.6
911	-0.018252	0.200000	0.159054	0.002076	3.4
912	-0.024834	1.200000	0.154702	0.002632	2.5
913	-0.023011	2.200000	0.150652	0.003906	2.5
914	-0.024300	1.400000	0.153869	0.001716	2.5
915	-0.022636	0.600000	0.157275	0.001400	2.7
916	-0.022839	1.600000	0.153048	0.001469	2.5
917	-0.026509	0.800000	0.156404	0.001438	2.5
918	-0.024076	1.800000	0.152238	0.005331	2.5
919	-0.025590	2.800000	0.148354	0.002145	2.4
920	-0.023815	2.000000	0.151440	0.001601	2.5
921	-0.023221	3.000000	0.147609	0.002452	3.4
922	-0.026250	2.200000	0.150652	0.003778	2.7
923	-0.021188	1.400000	0.153869	0.002176	2.5
924	-0.025193	0.600000	0.157275	0.003638	2.5
925	-0.030728	0.000000	0.159965	0.004028	2.6
926	-0.021479	1.000000	0.155547	0.003566	2.6
927	-0.021112	2.000000	0.151440	0.003159	2.7
928	-0.025525	1.200000	0.154702	0.002951	2.8
929	-0.025351	2.200000	0.150652	0.003290	2.6
930	-0.022314	1.400000	0.153869	0.002912	2.4
931	-0.022128	0.600000	0.157275	0.001808	2.5
932	-0.024265	0.000000	0.159965	0.002210	3.4
933	-0.023354	0.000000	0.159965	0.002509	3.3
934	-0.025172	0.000000	0.159965	0.003559	2.9
935	-0.023560	0.000000	0.159965	0.004477	2.8
936	-0.020392	0.000000	0.159965	0.002862	2.8
937	-0.022425	1.000000	0.155547	0.001554	2.8
938	-0.023390	2.000000	0.151440	0.003078	3.1
939	-0.020952	3.000000	0.147609	0.002193	3.5
940	-0.028224	4.000000	0.144026	0.003149	3.0
941	-0.024166	3.200000	0.146873	0.002441	3.0
942	-0.025032	2.400000	0.149876	0.002346	3.7
943	-0.021879	1.600000	0.153048	0.001538	3.6
944	-0.023381	2.600000	0.149110	0.002081	3.6
945	-0.022270	3.600000	0.145431	0.002757	3.5
946	-0.023563	2.800000	0.148354	0.002799	3.1
947	-0.022624	3.800000	0.144724	0.002813	3.2
948	-0.025632	3.000000	0.147609	0.002742	3.2
949	-0.021856	2.200000	0.150652	0.001619	3.0
950	-0.021052	1.400000	0.153869	0.002643	3.0
951	-0.024383	0.600000	0.157275	0.002386	3.0
952	-0.023854	0.000000	0.159965	0.002504	3.0
953	-0.021283	0.000000	0.159965	0.002279	2.7
954	-0.022552	0.000000	0.159965	0.003456	3.2
955	-0.023462	0.000000	0.159965	0.002899	2.6
956	-0.025598	0.000000	0.159965	0.003967	2.7
957	-0.024250	0.000000	0.159965	0.000781	2.7
958	-0.021640	0.000000	0.159965	0.002270	2.9
959	-0.025052	1.000000	0.155547	0.001853	3.0
960	-0.023217	0.200000	0.159054	0.004194	2.6
961	-0.023738	0.000000	0.159965	0.004036	2.7
962	-0.024067	0.000000	0.159965	0.004223	2.6
963	-0.021651	0.000000	0.159965	0.001929	2.5
964	-0.021217	0.000000	0.159965	0.004695	2.5
965	-0.020875	0.000000	0.159965	0.003057	2.5
966	-0.019920	0.000000	0.159965	0.001907	2.6
967	-0.024754	0.000000	0.159965	0.001612	2.7
968	-0.023800	0.000000	0.159965	0.003983	3.5
969	-0.022082	0.000000	0.159965	0.003226	2.5
970	-0.023315	1.000000	0.155547	0.004261	2.6
971	-0.021935	0.200000	0.159054	0.002624	2.7
972	-0.023371	1.200000	0.154702	0.002445	3.2
973	-0.022806	0.400000	0.158158	0.001725	3.1
974	-0.025836	0.000000	0.159965	0.004713	2.6
975	-0.022202	0.000000	0.159965	0.002406	2.7
976	-0.025617	0.000000	0.159965	0.003143	3.8
977	-0.025696	0.000000	0.159965	0.003114	3.6
978	-0.025795	1.000000	0.155547	0.002821	3.5
979	-0.026062	0.200000	0.159054	0.002739	2.9
980	-0.022487	0.000000	0.159965	0.004639	2.7
981	-0.022407	0.000000	0.159965	0.002062	2.9
982	-0.023050	0.000000	0.159965	0.003537	2.9
983	-0.020981	0.000000	0.159965	0.003344	2.7
984	-0.021267	0.000000	0.159965	0.000968	2.6
985	-0.024121	0.000000	0.159965	0.001868	2.6
986	-0.023530	0.000000	0.159965	0.001974	3.0
987	-0.022708	0.000000	0.159965	0.003792	3.5
988	-0.021081	1.000000	0.155547	0.001266	2.7
989	-0.021418	2.000000	0.151440	0.002822	2.6
990	-0.021683	3.000000	0.147609	0.001503	2.6
991	-0.022315	2.200000	0.150652	0.002636	2.7
992	-0.025842	1.400000	0.153869	0.002831	3.0
993	-0.023377	0.600000	0.157275	0.004821	2.8
994	-0.021375	0.000000	0.159965	0.003506	2.8
995	-0.021222	1.000000	0.155547	0.002187	2.5
996	-0.021264	2.000000	0.151440	0.002810	2.5
997	-0.024274	3.000000	0.147609	0.004090	2.5
998	-0.020995	2.200000	0.150652	0.002937	2.5
999	-0.025924	1.400000	0.153869	0.003119	2.6
