1:ItNr	2:Metric	3a:Time	3b:StepSize	4:||Gradient||	Time[ms]
0	-0.015805	0.000000	0.159965	0.001718	89.4
1	-0.020070	0.000000	0.159965	0.003122	5.4
2	-0.018295	1.000000	0.155547	0.004385	5.1
3	-0.016897	2.000000	0.151440	0.002811	5.4
4	-0.017293	1.200000	0.154702	0.001879	5.8
5	-0.017020	0.400000	0.158158	0.003932	6.0
6	-0.017505	0.000000	0.159965	0.005335	6.0
7	-0.019218	0.000000	0.159965	0.002198	5.8
8	-0.015409	1.000000	0.155547	0.002622	5.1
9	-0.016592	0.200000	0.159054	0.002964	5.1
10	-0.017740	0.000000	0.159965	0.002040	5.1
11	-0.017077	0.000000	0.159965	0.000786	5.8
12	-0.017032	0.000000	0.159965	0.001470	6.9
13	-0.019038	0.000000	0.159965	0.002456	6.1
14	-0.019395	0.000000	0.159965	0.001605	5.9
15	-0.015821	0.000000	0.159965	0.002240	5.9
16	-0.017447	1.000000	0.155547	0.003125	5.7
17	-0.015762	0.200000	0.159054	0.001782	6.0
18	-0.015418	1.200000	0.154702	0.003248	5.4
19	-0.015295	0.400000	0.158158	0.002012	5.3
20	-0.016966	0.000000	0.159965	0.003307	6.0
21	-0.018826	0.000000	0.159965	0.002156	5.9
22	-0.016357	0.000000	0.159965	0.003873	5.2
23	-0.016342	0.000000	0.159965	0.003301	5.0
24	-0.015810	0.000000	0.159965	0.002665	4.9
25	-0.017929	0.000000	0.159965	0.001958	4.8
26	-0.017891	1.000000	0.155547	0.002101	5.4
27	-0.017394	2.000000	0.151440	0.001987	5.0
28	-0.017053	1.200000	0.154702	0.003363	5.2
29	-0.019483	0.400000	0.158158	0.002493	5.5
30	-0.019029	0.000000	0.159965	0.002794	5.1
31	-0.017145	0.000000	0.159965	0.002934	5.5
32	-0.014059	0.000000	0.159965	0.002950	5.4
33	-0.017679	0.000000	0.159965	0.002258	4.4
34	-0.018521	1.000000	0.155547	0.002914	5.5
35	-0.016936	0.200000	0.159054	0.001940	5.5
36	-0.018596	0.000000	0.159965	0.001336	5.8
37	-0.017770	0.000000	0.159965	0.007134	5.6
38	-0.015789	0.000000	0.159965	0.002009	5.4
39	-0.015705	1.000000	0.155547	0.002714	5.3
40	-0.017193	2.000000	0.151440	0.002558	4.5
41	-0.018545	3.000000	0.147609	0.001991	4.6
42	-0.017869	2.200000	0.150652	0.002948	4.9
43	-0.018575	1.400000	0.153869	0.002194	5.8
44	-0.018475	2.400000	0.149876	0.000645	5.3
45	-0.019698	1.600000	0.153048	0.002712	5.2
46	-0.017986	2.600000	0.149110	0.002333	4.9
47	-0.016971	1.800000	0.152238	0.001560	5.9
48	-0.016724	1.000000	0.155547	0.003192	5.4
49	-0.020283	2.000000	0.151440	0.002806	5.5
50	-0.018547	1.200000	0.154702	0.002108	5.5
51	-0.018484	0.400000	0.158158	0.002914	5.2
52	-0.016317	0.000000	0.159965	0.001193	5.0
53	-0.018003	0.000000	0.159965	0.002735	5.5
54	-0.017205	1.000000	0.155547	0.002168	5.8
55	-0.018585	0.200000	0.159054	0.004198	5.1
56	-0.016537	0.000000	0.159965	0.002755	5.3
57	-0.018137	1.000000	0.155547	0.003625	4.5
58	-0.017056	0.200000	0.159054	0.001511	5.6
59	-0.016781	0.000000	0.159965	0.003102	5.4
60	-0.021078	0.000000	0.159965	0.002632	5.1
61	-0.014718	0.000000	0.159965	0.001782	4.7
62	-0.019573	1.000000	0.155547	0.007056	4.6
63	-0.015516	2.000000	0.151440	0.002517	6.0
64	-0.019376	3.000000	0.147609	0.003020	4.7
65	-0.017499	4.000000	0.144026	0.001776	5.4
66	-0.016889	3.200000	0.146873	0.002762	4.8
67	-0.019264	4.200000	0.143337	0.003995	4.5
68	-0.018243	3.400000	0.146147	0.004235	4.7
69	-0.017290	2.600000	0.149110	0.002201	4.2
70	-0.017256	1.800000	0.152238	0.001649	4.3
71	-0.019112	1.000000	0.155547	0.001877	4.3
72	-0.015648	0.200000	0.159054	0.001708	4.5
73	-0.017005	1.200000	0.154702	0.002191	5.3
74	-0.015629	2.200000	0.150652	0.002358	4.4
75	-0.019491	3.200000	0.146873	0.002722	4.8
76	-0.017304	4.200000	0.143337	0.002795	5.6
77	-0.017283	3.400000	0.146147	0.002495	5.7
78	-0.017500	2.600000	0.149110	0.006377	5.3
79	-0.016017	1.800000	0.152238	0.001128	5.8
80	-0.015745	2.800000	0.148354	0.003206	5.4
81	-0.014499	2.000000	0.151440	0.004021	5.7
82	-0.017359	3.000000	0.147609	0.002082	5.3
83	-0.016593	2.200000	0.150652	0.002338	5.0
84	-0.017612	1.400000	0.153869	0.001950	4.9
85	-0.016048	0.600000	0.157275	0.002280	4.8
86	-0.019168	1.600000	0.153048	0.004822	5.7
87	-0.014681	0.800000	0.156404	0.001590	5.5
88	-0.016066	1.800000	0.152238	0.001170	5.3
89	-0.018294	1.000000	0.155547	0.002011	5.5
90	-0.017429	0.200000	0.159054	0.002926	5.6
91	-0.016299	0.000000	0.159965	0.004515	5.8
92	-0.018159	1.000000	0.155547	0.003259	5.4
93	-0.016105	0.200000	0.159054	0.002169	5.8
94	-0.020557	0.000000	0.159965	0.002910	5.6
95	-0.017830	0.000000	0.159965	0.003522	5.2
96	-0.017123	0.000000	0.159965	0.002543	5.0
97	-0.016084	0.000000	0.159965	0.002178	4.9
98	-0.018329	0.000000	0.159965	0.000573	5.8
99	-0.016231	0.000000	0.159965	0.001388	5.3
100	-0.018813	0.000000	0.159965	0.002621	4.7
101	-0.018174	0.000000	0.159965	0.003375	5.2
102	-0.015979	0.000000	0.159965	0.001775	5.6
103	-0.015663	1.000000	0.155547	0.002548	5.5
104	-0.018421	2.000000	0.151440	0.001715	5.1
105	-0.015819	3.000000	0.147609	0.001255	5.5
106	-0.016325	4.000000	0.144026	0.001305	5.3
107	-0.015200	3.200000	0.146873	0.003526	5.8
108	-0.017333	2.400000	0.149876	0.002945	5.5
109	-0.018555	1.600000	0.153048	0.003247	5.7
110	-0.018717	0.800000	0.156404	0.001585	5.8
111	-0.016076	0.000000	0.159965	0.002721	5.8
112	-0.017311	0.000000	0.159965	0.002695	5.8
113	-0.016544	0.000000	0.159965	0.003551	5.9
114	-0.018660	0.000000	0.159965	0.002159	5.8
115	-0.017507	0.000000	0.159965	0.003955	5.7
116	-0.020017	0.000000	0.159965	0.003123	5.9
117	-0.017098	0.000000	0.159965	0.000818	5.7
118	-0.017492	0.000000	0.159965	0.002089	5.7
119	-0.018027	0.000000	0.159965	0.002148	5.8
120	-0.018702	0.000000	0.159965	0.002328	5.8
121	-0.017351	0.000000	0.159965	0.001714	5.6
122	-0.016651	0.000000	0.159965	0.002193	6.1
123	-0.017628	0.000000	0.159965	0.002827	6.1
124	-0.017108	0.000000	0.159965	0.001424	5.8
125	-0.017816	0.000000	0.159965	0.002630	5.9
126	-0.016959	0.000000	0.159965	0.003789	5.8
127	-0.017373	0.000000	0.159965	0.000715	5.6
128	-0.017359	1.000000	0.155547	0.002014	5.6
129	-0.017823	0.200000	0.159054	0.000818	5.7
130	-0.015887	1.200000	0.154702	0.002102	6.3
131	-0.017910	0.400000	0.158158	0.001476	5.3
132	-0.018912	0.000000	0.159965	0.000821	6.0
133	-0.017554	0.000000	0.159965	0.002337	5.7
134	-0.017137	0.000000	0.159965	0.001355	5.3
135	-0.016281	1.000000	0.155547	0.001673	5.3
136	-0.019465	0.200000	0.159054	0.002290	5.4
137	-0.014869	0.000000	0.159965	0.001419	5.2
138	-0.017279	0.000000	0.159965	0.002456	5.1
139	-0.015901	0.000000	0.159965	0.002353	4.9
140	-0.017644	1.000000	0.155547	0.002175	4.6
141	-0.017667	2.000000	0.151440	0.001286	4.9
142	-0.016166	3.000000	0.147609	0.002368	5.6
143	-0.017595	4.000000	0.144026	0.001599	5.9
144	-0.017241	5.000000	0.140665	0.001309	5.7
145	-0.018765	4.200000	0.143337	0.003034	5.7
146	-0.018160	3.400000	0.146147	0.001067	5.6
147	-0.017995	4.400000	0.142656	0.003545	6.0
148	-0.016268	3.600000	0.145431	0.002502	5.8
149	-0.018562	4.600000	0.141984	0.003359	5.8
150	-0.016382	3.800000	0.144724	0.002432	5.1
151	-0.018476	3.000000	0.147609	0.002984	5.2
152	-0.016998	2.200000	0.150652	0.002334	5.0
153	-0.015951	1.400000	0.153869	0.001448	5.8
154	-0.017478	0.600000	0.157275	0.001883	4.9
155	-0.017573	0.000000	0.159965	0.002531	5.0
156	-0.015066	0.000000	0.159965	0.002294	5.9
157	-0.016629	0.000000	0.159965	0.001946	5.7
158	-0.017480	0.000000	0.159965	0.001108	5.7
159	-0.015899	0.000000	0.159965	0.003404	6.0
160	-0.018945	0.000000	0.159965	0.002567	5.8
161	-0.015083	0.000000	0.159965	0.001400	5.8
162	-0.019698	0.000000	0.159965	0.001753	5.9
163	-0.018240	0.999984	0.155547	0.001951	6.0
164	-0.016238	1.999984	0.151440	0.002971	5.6
165	-0.017161	1.199984	0.154702	0.001962	5.2
166	-0.016915	2.199984	0.150653	0.001267	5.8
167	-0.018830	1.399984	0.153869	0.002883	5.2
168	-0.016448	2.399984	0.149876	0.002723	5.3
169	-0.018562	1.599984	0.153048	0.001616	5.3
170	-0.018320	0.799984	0.156405	0.003356	5.0
171	-0.017101	0.000000	0.159965	0.002759	4.7
172	-0.019503	0.000000	0.159965	0.004290	4.7
173	-0.017891	0.000000	0.159965	0.002744	4.7
174	-0.018004	1.000000	0.155547	0.001397	4.8
175	-0.019167	0.200000	0.159054	0.001374	4.7
176	-0.017487	0.000000	0.159965	0.002525	4.7
177	-0.016432	0.000000	0.159965	0.003497	4.8
178	-0.018137	0.000000	0.159965	0.002817	4.9
179	-0.015381	0.000000	0.159965	0.002179	5.8
180	-0.018316	0.000000	0.159965	0.004408	5.9
181	-0.019114	0.000000	0.159965	0.003819	5.7
182	-0.018768	0.000000	0.159965	0.002494	5.5
183	-0.018485	0.000000	0.159965	0.002407	5.8
184	-0.019413	1.000000	0.155547	0.002463	5.8
185	-0.017981	2.000000	0.151440	0.002917	5.9
186	-0.019161	1.200000	0.154702	0.001662	6.1
187	-0.016959	0.400000	0.158158	0.003420	6.1
188	-0.015864	1.400000	0.153869	0.001250	5.8
189	-0.018314	0.600000	0.157275	0.003044	6.1
190	-0.017993	1.600000	0.153048	0.002821	5.8
191	-0.019753	2.600000	0.149110	0.003163	5.9
192	-0.017508	3.600000	0.145431	0.001943	5.7
193	-0.017271	2.800000	0.148354	0.002476	5.4
194	-0.018882	3.800000	0.144724	0.003389	5.2
195	-0.017928	4.800000	0.141320	0.001689	5.5
196	-0.015996	4.000000	0.144026	0.002455	6.4
197	-0.016517	3.200000	0.146873	0.002997	5.7
198	-0.017547	4.200000	0.143337	0.004742	6.1
199	-0.016335	3.400000	0.146147	0.003357	6.1
200	-0.019122	2.600000	0.149110	0.002298	6.0
201	-0.018213	1.800000	0.152238	0.001269	6.0
202	-0.017647	1.000000	0.155547	0.001153	6.0
203	-0.016017	0.200000	0.159054	0.002413	6.2
204	-0.016590	0.000000	0.159965	0.002144	6.3
205	-0.017545	0.000000	0.159965	0.002147	6.6
206	-0.018200	0.000000	0.159965	0.001848	6.3
207	-0.017851	1.000000	0.155547	0.002383	6.5
208	-0.018942	2.000000	0.151440	0.002701	6.9
209	-0.017870	1.200000	0.154702	0.001397	6.4
210	-0.018751	0.400000	0.158158	0.002125	6.5
211	-0.019403	0.000000	0.159965	0.002103	6.5
212	-0.017005	0.000000	0.159965	0.003203	6.5
213	-0.020821	1.000000	0.155547	0.002121	5.9
214	-0.019617	0.200000	0.159054	0.003576	5.8
215	-0.019036	0.000000	0.159965	0.001581	8.2
216	-0.017794	1.000000	0.155547	0.001737	6.6
217	-0.017313	0.200000	0.159054	0.001902	5.8
218	-0.018478	1.200000	0.154702	0.002217	5.7
219	-0.015321	0.400000	0.158158	0.002462	7.2
220	-0.019803	0.000000	0.159965	0.002891	5.8
221	-0.018176	1.000000	0.155547	0.001796	6.5
222	-0.017525	0.200000	0.159054	0.001774	6.0
223	-0.018301	1.200000	0.154702	0.002782	6.0
224	-0.017057	2.200000	0.150652	0.004221	6.4
225	-0.018507	3.200000	0.146873	0.004681	5.8
226	-0.017095	2.400000	0.149876	0.001861	6.0
227	-0.015530	3.400000	0.146147	0.003363	6.8
228	-0.020064	4.400000	0.142656	0.002371	5.8
229	-0.017503	5.400000	0.139378	0.002403	5.6
230	-0.015217	4.600000	0.141984	0.002167	5.9
231	-0.017163	3.800000	0.144724	0.003084	6.0
232	-0.015840	4.800000	0.141320	0.001525	5.5
233	-0.016882	4.000000	0.144026	0.002618	5.2
234	-0.016606	3.200000	0.146873	0.001402	4.9
235	-0.015692	2.400000	0.149876	0.003052	6.0
236	-0.015212	1.600000	0.153048	0.004695	5.8
237	-0.019382	0.800000	0.156404	0.002541	4.6
238	-0.018378	0.000000	0.159965	0.002503	4.4
239	-0.015490	0.000000	0.159965	0.004166	5.0
240	-0.015782	0.000000	0.159965	0.002908	5.4
241	-0.016332	0.000000	0.159965	0.001638	5.6
242	-0.016356	0.000000	0.159965	0.000878	5.6
243	-0.018170	0.000000	0.159965	0.001969	4.1
244	-0.018374	0.000000	0.159965	0.002151	4.3
245	-0.018507	1.000000	0.155547	0.002687	4.6
246	-0.017123	0.200000	0.159054	0.004416	3.9
247	-0.016748	0.000000	0.159965	0.003612	4.1
248	-0.015894	0.000000	0.159965	0.002327	4.5
249	-0.017515	0.000000	0.159965	0.002487	4.4
250	-0.017350	0.000000	0.159965	0.003244	4.5
251	-0.016349	0.000000	0.159965	0.002264	5.0
252	-0.015357	0.000000	0.159965	0.003357	5.1
253	-0.016779	0.000000	0.159965	0.004761	4.9
254	-0.016613	0.000000	0.159965	0.002512	4.7
255	-0.018480	0.000000	0.159965	0.002613	4.7
256	-0.017409	0.000000	0.159965	0.003185	4.4
257	-0.017191	0.000000	0.159965	0.003374	4.8
258	-0.018585	0.000000	0.159965	0.004767	4.4
259	-0.016340	0.000000	0.159965	0.002088	4.4
260	-0.018668	0.000000	0.159965	0.003663	5.4
261	-0.019349	1.000000	0.155547	0.003184	5.2
262	-0.016240	0.200000	0.159054	0.003560	4.7
263	-0.016430	0.000000	0.159965	0.001792	5.3
264	-0.017021	1.000000	0.155547	0.003634	6.0
265	-0.019848	2.000000	0.151440	0.001263	5.6
266	-0.017851	1.200000	0.154702	0.002121	6.8
267	-0.017224	0.400000	0.158158	0.002652	5.4
268	-0.016831	0.000000	0.159965	0.002012	4.8
269	-0.015207	0.000000	0.159965	0.003152	5.3
270	-0.018620	1.000000	0.155547	0.002433	5.4
271	-0.017504	2.000000	0.151440	0.001559	4.6
272	-0.017998	1.200000	0.154702	0.004535	5.4
273	-0.019219	2.200000	0.150652	0.001847	6.0
274	-0.017637	1.400000	0.153869	0.003897	5.2
275	-0.015379	0.600000	0.157275	0.003867	4.8
276	-0.017581	1.600000	0.153048	0.001380	5.9
277	-0.016933	0.800000	0.156404	0.002286	5.1
278	-0.015936	0.000000	0.159965	0.004036	6.0
279	-0.017005	1.000000	0.155547	0.002917	5.0
280	-0.016977	0.200000	0.159054	0.002074	5.1
281	-0.018922	0.000000	0.159965	0.001237	5.2
282	-0.019008	0.000000	0.159965	0.003676	5.4
283	-0.015609	0.000000	0.159965	0.004079	5.3
284	-0.019139	0.000000	0.159965	0.001876	5.9
285	-0.018997	0.000000	0.159965	0.003864	5.1
286	-0.016494	0.000000	0.159965	0.001846	5.3
287	-0.018961	0.000000	0.159965	0.001991	6.3
288	-0.018028	1.000000	0.155547	0.002644	6.0
289	-0.015972	0.200000	0.159054	0.001846	4.7
290	-0.018134	0.000000	0.159965	0.001349	4.8
291	-0.016291	0.000000	0.159965	0.001600	5.1
292	-0.017263	0.000000	0.159965	0.001515	6.2
293	-0.017595	0.000000	0.159965	0.001875	5.5
294	-0.016450	0.000000	0.159965	0.002349	5.7
295	-0.016441	0.000000	0.159965	0.003315	6.2
296	-0.015877	0.000000	0.159965	0.003952	4.6
297	-0.015918	1.000000	0.155547	0.002713	4.6
298	-0.018212	2.000000	0.151440	0.002148	5.0
299	-0.016493	3.000000	0.147609	0.002686	7.7
300	-0.018799	2.200000	0.150652	0.002341	4.9
301	-0.018391	1.400000	0.153869	0.002556	5.6
302	-0.018369	0.600000	0.157275	0.002211	5.2
303	-0.018416	1.600000	0.153048	0.001620	5.6
304	-0.017921	0.800000	0.156404	0.004703	5.3
305	-0.016725	0.000000	0.159965	0.002695	5.8
306	-0.014724	0.000000	0.159965	0.002167	5.3
307	-0.018657	0.000000	0.159965	0.002601	5.6
308	-0.016173	0.000000	0.159965	0.002791	5.2
309	-0.017499	0.000000	0.159965	0.003299	5.6
310	-0.018012	1.000000	0.155547	0.001003	5.8
311	-0.018704	0.200000	0.159054	0.001705	4.9
312	-0.017193	1.200000	0.154702	0.001733	5.6
313	-0.016784	0.400000	0.158158	0.003791	5.4
314	-0.018362	1.400000	0.153869	0.003190	4.5
315	-0.018183	0.600000	0.157275	0.005116	5.3
316	-0.018554	0.000000	0.159965	0.004872	4.5
317	-0.018861	0.000000	0.159965	0.003519	4.2
318	-0.016882	0.000000	0.159965	0.001857	4.2
319	-0.016471	0.000000	0.159965	0.002108	4.2
320	-0.018234	0.000000	0.159965	0.003265	4.2
321	-0.018407	0.000000	0.159965	0.004092	4.3
322	-0.020006	1.000000	0.155547	0.002170	4.2
323	-0.017480	2.000000	0.151440	0.001695	4.3
324	-0.018158	1.200000	0.154702	0.001672	4.5
325	-0.015352	0.400000	0.158158	0.003545	3.9
326	-0.017464	1.400000	0.153869	0.002402	4.3
327	-0.016721	2.400000	0.149876	0.004340	5.3
328	-0.018598	3.400000	0.146147	0.002900	5.4
329	-0.017673	2.600000	0.149110	0.001795	4.1
330	-0.020652	1.800000	0.152238	0.003158	4.8
331	-0.018397	1.000000	0.155547	0.002555	4.4
332	-0.018080	0.200000	0.159054	0.002946	4.8
333	-0.015230	1.199999	0.154702	0.002296	4.7
334	-0.017053	2.199999	0.150652	0.002644	4.9
335	-0.019802	3.199999	0.146873	0.001000	5.1
336	-0.019818	2.399999	0.149876	0.003660	5.0
337	-0.018368	3.399999	0.146147	0.001774	4.9
338	-0.016919	4.399999	0.142656	0.003677	4.6
339	-0.017447	3.599999	0.145431	0.002020	5.5
340	-0.016450	4.599999	0.141984	0.001516	5.5
341	-0.018743	3.799999	0.144724	0.001795	5.4
342	-0.017378	4.799999	0.141320	0.001663	5.3
343	-0.017966	5.799999	0.138122	0.003301	5.3
344	-0.018713	4.999999	0.140665	0.001476	4.7
345	-0.019158	5.999999	0.137505	0.001509	5.2
346	-0.017892	5.199999	0.140018	0.003170	5.2
347	-0.017732	6.199999	0.136896	0.005151	4.7
348	-0.019336	7.199999	0.133952	0.003368	5.4
349	-0.017595	6.399999	0.136293	0.003388	5.3
350	-0.017429	5.599999	0.138746	0.001350	4.4
351	-0.017362	4.799999	0.141320	0.000789	4.6
352	-0.017172	5.799999	0.138122	0.002797	5.4
353	-0.017752	6.799999	0.135109	0.003612	5.4
354	-0.014632	5.999999	0.137505	0.001102	5.5
355	-0.015373	5.199999	0.140018	0.001863	5.2
356	-0.018939	6.199999	0.136896	0.002470	5.2
357	-0.016816	5.399999	0.139378	0.002194	4.9
358	-0.017173	6.399999	0.136293	0.001420	4.6
359	-0.019210	5.599999	0.138746	0.004828	4.4
360	-0.016963	6.599999	0.135698	0.001547	4.5
361	-0.017695	7.599999	0.132821	0.002228	4.1
362	-0.017728	8.599999	0.130102	0.001399	5.0
363	-0.016799	7.799999	0.132265	0.001673	4.3
364	-0.016985	6.999999	0.134527	0.002023	4.3
365	-0.017749	6.199999	0.136896	0.002390	4.6
366	-0.017371	5.400299	0.139377	0.002386	4.4
367	-0.019285	4.600299	0.141983	0.001620	4.2
368	-0.017381	3.800299	0.144723	0.001711	4.3
369	-0.017460	3.000299	0.147608	0.002350	5.0
370	-0.016654	2.200299	0.150651	0.001529	5.6
371	-0.017970	1.400299	0.153868	0.003327	5.5
372	-0.017040	0.600299	0.157273	0.003037	5.4
373	-0.016614	0.000000	0.159965	0.002815	5.8
374	-0.016707	0.000000	0.159965	0.001653	5.8
375	-0.019365	1.000000	0.155547	0.002064	5.6
376	-0.018121	2.000000	0.151440	0.002832	5.5
377	-0.017507	1.200000	0.154702	0.001938	5.8
378	-0.017003	0.400000	0.158158	0.001519	5.9
379	-0.017233	1.400000	0.153869	0.001006	6.0
380	-0.016883	0.600000	0.157275	0.002147	5.8
381	-0.019662	1.600000	0.153048	0.004320	5.8
382	-0.020042	2.600000	0.149110	0.003557	6.1
383	-0.018352	1.800000	0.152238	0.001728	6.2
384	-0.016347	2.800000	0.148354	0.002125	5.9
385	-0.017707	2.000000	0.151440	0.002530	5.9
386	-0.015602	3.000000	0.147609	0.002785	5.7
387	-0.020183	2.200000	0.150652	0.002091	5.5
388	-0.019224	1.400000	0.153869	0.002229	5.3
389	-0.017553	0.600000	0.157275	0.003765	5.3
390	-0.016864	0.000000	0.159965	0.003230	5.5
391	-0.016396	1.000000	0.155547	0.001323	5.7
392	-0.015546	0.200000	0.159054	0.003505	6.3
393	-0.017222	1.200000	0.154702	0.002612	5.4
394	-0.016205	0.400000	0.158158	0.002768	5.4
395	-0.019234	0.000000	0.159965	0.001322	5.9
396	-0.016181	0.000000	0.159965	0.002381	5.7
397	-0.017558	0.000000	0.159965	0.002130	5.8
398	-0.019073	1.000000	0.155547	0.001491	5.9
399	-0.016630	0.200000	0.159054	0.003060	5.9
400	-0.016949	0.000000	0.159965	0.002271	5.9
401	-0.016626	0.000000	0.159965	0.001449	5.9
402	-0.018520	0.000000	0.159965	0.004022	5.5
403	-0.015983	1.000000	0.155547	0.001675	5.5
404	-0.018451	2.000000	0.151440	0.002836	5.3
405	-0.017319	1.200000	0.154702	0.002232	5.3
406	-0.018642	0.400000	0.158158	0.002720	5.8
407	-0.019090	1.400000	0.153869	0.001015	5.2
408	-0.018114	0.600000	0.157275	0.001747	5.8
409	-0.014504	1.600000	0.153048	0.001798	5.2
410	-0.018760	0.801863	0.156396	0.003597	5.6
411	-0.015125	1.801863	0.152231	0.001499	6.1
412	-0.014839	1.001863	0.155539	0.002075	5.7
413	-0.018866	0.201863	0.159046	0.002898	5.9
414	-0.017478	0.000000	0.159965	0.001913	5.9
415	-0.016411	0.000000	0.159965	0.003268	6.0
416	-0.018319	1.000000	0.155547	0.004169	5.7
417	-0.018669	0.200000	0.159054	0.001290	5.3
418	-0.017185	0.000000	0.159965	0.003536	5.2
419	-0.017336	0.000000	0.159965	0.001025	5.3
420	-0.016333	0.000000	0.159965	0.001519	4.9
421	-0.017313	1.000000	0.155547	0.001273	4.7
422	-0.018498	0.200000	0.159054	0.002298	5.0
423	-0.018343	0.000000	0.159965	0.001831	6.2
424	-0.019831	1.000000	0.155547	0.003517	5.7
425	-0.017071	2.000000	0.151440	0.001502	6.0
426	-0.013197	1.200000	0.154702	0.001217	5.8
427	-0.016822	0.400000	0.158158	0.004529	5.7
428	-0.018815	0.000000	0.159965	0.003598	5.9
429	-0.017064	1.000000	0.155547	0.001848	6.1
430	-0.019593	2.000000	0.151440	0.003152	5.9
431	-0.018602	3.000000	0.147609	0.003219	5.8
432	-0.016760	4.000000	0.144026	0.003506	5.8
433	-0.016072	3.200000	0.146873	0.001935	5.2
434	-0.016137	2.400000	0.149876	0.002913	5.3
435	-0.018804	1.600000	0.153048	0.004381	5.9
436	-0.017469	2.600000	0.149110	0.001790	5.8
437	-0.017407	3.600000	0.145431	0.001553	5.9
438	-0.016333	2.800000	0.148354	0.002119	5.9
439	-0.019840	3.752614	0.144891	0.001478	5.5
440	-0.016417	2.952614	0.147785	0.001131	5.9
441	-0.018639	2.152614	0.150838	0.004159	5.7
442	-0.018293	1.352614	0.154065	0.004024	6.1
443	-0.017768	0.552614	0.157483	0.001095	6.1
444	-0.019329	0.000000	0.159965	0.003991	6.2
445	-0.017559	1.000000	0.155547	0.001719	6.4
446	-0.018771	0.200000	0.159054	0.001631	5.8
447	-0.019676	1.200000	0.154702	0.002109	6.2
448	-0.017195	1.807885	0.152206	0.001783	6.3
449	-0.016861	1.007885	0.155513	0.001230	6.2
450	-0.017046	0.207885	0.159019	0.004338	5.7
451	-0.017930	0.000000	0.159965	0.001039	5.9
452	-0.019345	0.000000	0.159965	0.002487	5.8
453	-0.016417	0.000000	0.159965	0.004070	6.0
454	-0.018341	0.000000	0.159965	0.002271	5.1
455	-0.018289	0.000000	0.159965	0.000850	5.4
456	-0.014154	0.000000	0.159965	0.001909	6.4
457	-0.017726	1.000000	0.155547	0.001904	6.0
458	-0.019298	0.200000	0.159054	0.001564	6.1
459	-0.018266	0.000000	0.159965	0.003597	6.4
460	-0.018201	0.000000	0.159965	0.001008	6.1
461	-0.017401	1.000000	0.155547	0.002829	6.1
462	-0.018362	0.200000	0.159054	0.003757	7.6
463	-0.016509	1.200000	0.154702	0.003959	6.5
464	-0.017698	0.400000	0.158158	0.002278	6.3
465	-0.018283	0.000000	0.159965	0.001900	6.5
466	-0.016296	0.000000	0.159965	0.001436	6.4
467	-0.017711	0.000000	0.159965	0.003635	6.5
468	-0.017933	0.000000	0.159965	0.001567	6.6
469	-0.016077	0.000000	0.159965	0.003005	6.1
470	-0.017673	0.000000	0.159965	0.002316	6.1
471	-0.016714	0.000000	0.159965	0.001459	5.9
472	-0.016950	0.000000	0.159965	0.002235	5.5
473	-0.016798	0.000000	0.159965	0.002350	5.4
474	-0.016600	0.000000	0.159965	0.001495	6.0
475	-0.018883	1.000000	0.155547	0.001704	6.2
476	-0.016382	2.000000	0.151440	0.002095	6.0
477	-0.016700	3.000000	0.147609	0.001708	6.1
478	-0.015664	4.000000	0.144026	0.002658	6.2
479	-0.017693	3.200000	0.146873	0.003155	6.3
480	-0.016859	2.400000	0.149876	0.001826	6.1
481	-0.016120	1.600000	0.153048	0.001218	6.0
482	-0.017040	2.600000	0.149110	0.003319	6.1
483	-0.016631	3.600000	0.145431	0.001075	6.4
484	-0.018882	2.800000	0.148354	0.001371	6.2
485	-0.017548	2.000000	0.151440	0.001318	5.7
486	-0.017196	1.200000	0.154702	0.004137	5.5
487	-0.015972	0.400000	0.158158	0.002497	5.3
488	-0.016760	0.000000	0.159965	0.002531	5.3
489	-0.018911	0.000000	0.159965	0.002455	5.1
490	-0.017495	1.000000	0.155547	0.003597	5.2
491	-0.020211	0.200000	0.159054	0.002108	5.8
492	-0.014899	0.000000	0.159965	0.002832	6.1
493	-0.018450	0.000000	0.159965	0.002828	5.5
494	-0.016990	0.000000	0.159965	0.002625	5.5
495	-0.015477	0.000000	0.159965	0.004141	5.5
496	-0.016531	1.000000	0.155547	0.001999	5.9
497	-0.016680	2.000000	0.151440	0.001142	5.8
498	-0.017842	3.000000	0.147609	0.004580	5.7
499	-0.017422	2.200000	0.150652	0.002623	5.5
500	-0.018762	3.200000	0.146873	0.003283	5.4
501	-0.015629	4.200000	0.143337	0.001837	5.5
502	-0.015335	5.200000	0.140018	0.002465	5.6
503	-0.016240	6.200000	0.136896	0.001076	5.9
504	-0.016435	5.400000	0.139378	0.003310	6.1
505	-0.018266	4.600000	0.141984	0.003524	5.8
506	-0.016672	3.800000	0.144724	0.002616	6.1
507	-0.014916	4.781449	0.141382	0.002317	6.1
508	-0.018496	5.781449	0.138180	0.002515	6.1
509	-0.016034	4.981449	0.140725	0.001553	5.9
510	-0.019400	5.981449	0.137562	0.002329	6.2
511	-0.016446	6.981449	0.134581	0.004811	6.2
512	-0.018606	7.981449	0.131766	0.001622	6.3
513	-0.015058	8.981449	0.129103	0.001555	6.3
514	-0.018322	9.981449	0.126578	0.001865	6.4
515	-0.017182	10.981449	0.124180	0.002413	6.4
516	-0.016313	10.181449	0.126088	0.001707	6.1
517	-0.017778	9.381449	0.128077	0.002610	6.3
518	-0.018370	10.381449	0.125604	0.001677	6.2
519	-0.018208	11.381449	0.123254	0.002003	6.4
520	-0.018968	10.581449	0.125124	0.005105	5.5
521	-0.017359	11.581449	0.122798	0.001036	5.6
522	-0.015875	12.581449	0.120584	0.002857	5.9
523	-0.016866	13.581449	0.118472	0.006326	5.1
524	-0.017288	12.781449	0.120153	0.003783	5.5
525	-0.020065	11.981449	0.121899	0.001688	5.8
526	-0.016533	12.981449	0.119727	0.000890	6.3
527	-0.021149	12.181449	0.121457	0.002728	6.2
528	-0.017285	13.181449	0.119305	0.002811	6.2
529	-0.017813	12.381449	0.121018	0.001837	6.0
530	-0.017175	11.581449	0.122798	0.001520	6.4
531	-0.017081	10.781449	0.124650	0.003039	6.2
532	-0.017328	9.981449	0.126578	0.004270	6.1
533	-0.018638	9.181449	0.128587	0.001487	6.1
534	-0.018264	10.181449	0.126088	0.001916	6.0
535	-0.017211	9.381449	0.128077	0.004981	5.8
536	-0.016215	10.381449	0.125604	0.002116	5.6
537	-0.015998	9.581449	0.127572	0.002904	5.5
538	-0.017299	8.781449	0.129624	0.001907	5.4
539	-0.016535	9.781449	0.127072	0.003150	5.3
540	-0.018619	8.981449	0.129103	0.002394	6.1
541	-0.017711	8.181449	0.131222	0.001936	5.1
542	-0.016068	7.381449	0.133436	0.004609	5.1
543	-0.017997	6.581449	0.135753	0.002272	5.3
544	-0.015235	5.781449	0.138180	0.001605	6.0
545	-0.017242	4.981449	0.140725	0.002093	6.5
546	-0.019480	5.981449	0.137562	0.002927	6.3
547	-0.018929	5.181449	0.140077	0.001321	6.1
548	-0.018017	4.381449	0.142719	0.004272	6.7
549	-0.015926	3.581449	0.145497	0.003026	6.4
550	-0.017572	4.581449	0.142046	0.002683	6.6
551	-0.019215	3.781449	0.144789	0.002613	6.7
552	-0.016629	2.981449	0.147678	0.002286	6.2
553	-0.018472	2.181449	0.150725	0.003149	6.5
554	-0.019264	3.181449	0.146941	0.005058	6.4
555	-0.017369	4.181449	0.143400	0.003517	6.5
556	-0.018822	3.381449	0.146214	0.002048	6.3
557	-0.017592	2.581449	0.149181	0.001624	5.9
558	-0.021264	1.781449	0.152313	0.002755	6.2
559	-0.018377	2.781449	0.148424	0.002539	6.2
560	-0.016528	1.981450	0.151513	0.001457	6.0
561	-0.014605	2.981450	0.147678	0.001741	6.3
562	-0.017615	2.181450	0.150725	0.002871	6.3
563	-0.018631	1.381450	0.153946	0.004562	6.2
564	-0.017563	0.581450	0.157356	0.002413	5.9
565	-0.017802	0.000000	0.159965	0.002708	6.1
566	-0.019262	1.000000	0.155547	0.003512	5.5
567	-0.017635	0.200000	0.159054	0.000809	5.6
568	-0.021326	0.000000	0.159965	0.003810	5.5
569	-0.019392	0.000000	0.159965	0.003832	5.5
570	-0.016774	0.000000	0.159965	0.001109	5.9
571	-0.019140	0.000000	0.159965	0.002298	5.9
572	-0.016501	0.000000	0.159965	0.001365	6.0
573	-0.018022	1.000000	0.155547	0.002690	6.0
574	-0.016994	2.000000	0.151440	0.001625	6.2
575	-0.018428	1.200000	0.154702	0.002208	5.3
576	-0.019496	2.200000	0.150652	0.004959	5.8
577	-0.017879	3.200000	0.146873	0.003558	6.2
578	-0.018504	2.400000	0.149876	0.001929	5.9
579	-0.018673	3.400000	0.146147	0.001371	5.2
580	-0.017672	4.400000	0.142656	0.001369	6.2
581	-0.016997	5.400000	0.139378	0.002835	5.3
582	-0.018366	4.600000	0.141984	0.004673	6.2
583	-0.015586	5.600000	0.138746	0.003132	6.4
584	-0.014840	4.800000	0.141320	0.001614	6.1
585	-0.018301	4.000000	0.144026	0.003286	5.5
586	-0.019082	3.200000	0.146873	0.002079	5.7
587	-0.019267	2.400000	0.149876	0.001318	5.2
588	-0.019437	1.600000	0.153048	0.003654	5.5
589	-0.014906	0.800000	0.156404	0.001480	5.8
590	-0.018062	0.000000	0.159965	0.001665	5.6
591	-0.019073	0.000000	0.159965	0.000821	5.7
592	-0.016502	0.000000	0.159965	0.003200	6.2
593	-0.018576	0.000000	0.159965	0.002135	6.4
594	-0.016359	0.000000	0.159965	0.001623	6.1
595	-0.016571	0.000000	0.159965	0.001604	5.8
596	-0.016977	0.000000	0.159965	0.001677	6.2
597	-0.017646	0.000000	0.159965	0.002601	6.2
598	-0.016069	1.000000	0.155547	0.001574	6.2
599	-0.017697	0.200000	0.159054	0.002391	6.3
600	-0.015551	0.000000	0.159965	0.002228	6.1
601	-0.017998	0.000000	0.159965	0.003053	6.2
602	-0.017208	0.000000	0.159965	0.001130	6.3
603	-0.017770	0.000000	0.159965	0.002370	6.5
604	-0.018392	0.000000	0.159965	0.003003	6.3
605	-0.018920	1.000000	0.155547	0.001444	6.4
606	-0.017779	0.200000	0.159054	0.001760	7.6
607	-0.017422	1.200000	0.154702	0.000659	6.6
608	-0.019728	2.200000	0.150652	0.005137	6.0
609	-0.016627	1.400000	0.153869	0.001723	5.7
610	-0.018026	0.600000	0.157275	0.001691	5.8
611	-0.018780	0.000000	0.159965	0.002902	6.5
612	-0.017627	0.000000	0.159965	0.002684	6.1
613	-0.016519	1.000000	0.155547	0.002538	5.7
614	-0.017591	2.000000	0.151440	0.001206	6.3
615	-0.017612	1.200000	0.154702	0.002758	6.1
616	-0.017767	0.400000	0.158158	0.004436	6.4
617	-0.018799	0.000000	0.159965	0.003093	6.0
618	-0.020651	1.000000	0.155547	0.001396	6.5
619	-0.016772	0.200000	0.159054	0.003759	6.2
620	-0.017951	1.200000	0.154702	0.001720	6.3
621	-0.018699	0.400000	0.158158	0.002740	6.4
622	-0.016172	1.400000	0.153869	0.001794	6.7
623	-0.016932	2.400000	0.149876	0.002752	6.3
624	-0.017477	1.600000	0.153048	0.002043	6.4
625	-0.018383	0.800000	0.156404	0.003131	6.2
626	-0.016147	0.000000	0.159965	0.002495	5.8
627	-0.020785	1.000000	0.155547	0.003516	6.4
628	-0.018949	2.000000	0.151440	0.002138	6.4
629	-0.017148	1.200000	0.154702	0.005542	6.3
630	-0.018746	0.400000	0.158158	0.003197	5.9
631	-0.016784	1.400000	0.153869	0.001808	6.7
632	-0.017805	0.600000	0.157275	0.002888	5.9
633	-0.018740	0.000000	0.159965	0.003204	5.7
634	-0.018782	0.000000	0.159965	0.001026	5.6
635	-0.017684	1.000000	0.155547	0.001663	5.4
636	-0.017800	2.000000	0.151440	0.001891	6.1
637	-0.015518	3.000000	0.147609	0.001337	6.1
638	-0.016800	2.200000	0.150652	0.001952	6.2
639	-0.015912	1.400000	0.153869	0.003071	5.4
640	-0.017292	0.600000	0.157275	0.004349	5.6
641	-0.015982	0.000000	0.159965	0.002063	6.0
642	-0.016641	0.000000	0.159965	0.002932	6.1
643	-0.017387	0.000000	0.159965	0.005089	5.9
644	-0.016532	1.000000	0.155547	0.003522	6.2
645	-0.017785	2.000000	0.151440	0.003028	6.2
646	-0.016978	1.200000	0.154702	0.002058	6.2
647	-0.017938	0.400000	0.158158	0.001976	6.4
648	-0.017288	0.000000	0.159965	0.001807	6.2
649	-0.015963	1.000000	0.155547	0.001254	6.4
650	-0.016208	0.200695	0.159051	0.002107	6.2
651	-0.017916	1.200695	0.154699	0.003305	6.2
652	-0.018071	2.200695	0.150650	0.001801	6.2
653	-0.016044	1.400695	0.153866	0.003645	6.4
654	-0.019129	0.600695	0.157272	0.002097	6.0
655	-0.019383	0.000000	0.159965	0.002143	5.6
656	-0.017771	0.000000	0.159965	0.002578	6.3
657	-0.018538	0.999984	0.155547	0.002915	6.2
658	-0.015895	1.999984	0.151440	0.004136	6.0
659	-0.016530	1.199984	0.154702	0.003182	6.0
660	-0.017192	0.399984	0.158158	0.002849	5.8
661	-0.013985	0.000000	0.159965	0.001147	6.1
662	-0.016786	0.000000	0.159965	0.001827	6.1
663	-0.018236	0.000000	0.159965	0.002832	6.5
664	-0.018237	1.000000	0.155547	0.002672	6.2
665	-0.015635	2.000000	0.151440	0.001669	6.4
666	-0.017370	1.200000	0.154702	0.003162	6.5
667	-0.018328	2.200000	0.150652	0.003588	6.3
668	-0.017865	1.400000	0.153869	0.002681	6.2
669	-0.019841	0.600000	0.157275	0.001942	6.2
670	-0.018111	0.000000	0.159965	0.001699	6.2
671	-0.018692	0.000000	0.159965	0.001186	6.2
672	-0.015246	0.000000	0.159965	0.002531	6.3
673	-0.016469	0.000000	0.159965	0.002199	6.3
674	-0.015511	1.000000	0.155547	0.001444	6.5
675	-0.016442	2.000000	0.151440	0.003274	5.8
676	-0.016875	3.000000	0.147609	0.001990	5.9
677	-0.018363	2.200000	0.150652	0.004260	6.2
678	-0.016418	1.400000	0.153869	0.003593	5.9
679	-0.017123	0.600000	0.157275	0.002545	5.4
680	-0.018768	0.000000	0.159965	0.003611	5.8
681	-0.017620	0.000000	0.159965	0.002550	6.2
682	-0.017960	1.000000	0.155547	0.002140	6.0
683	-0.017108	2.000000	0.151440	0.002630	6.5
684	-0.017273	3.000000	0.147609	0.003403	6.6
685	-0.017182	4.000000	0.144026	0.002006	6.2
686	-0.016473	3.200000	0.146873	0.002345	6.3
687	-0.018263	2.400000	0.149876	0.001798	6.3
688	-0.017468	1.600000	0.153048	0.001210	6.2
689	-0.018177	2.600000	0.149110	0.003068	6.1
690	-0.017435	3.570939	0.145535	0.002043	5.8
691	-0.017290	4.570939	0.142081	0.003466	5.6
692	-0.015005	5.570939	0.138838	0.002877	5.6
693	-0.017780	4.770939	0.141416	0.001917	6.4
694	-0.017523	3.970939	0.144127	0.002637	5.9
695	-0.014109	3.170939	0.146980	0.003124	5.8
696	-0.018006	2.370939	0.149988	0.001803	6.5
697	-0.017248	1.570939	0.153166	0.002832	6.3
698	-0.019803	0.770939	0.156530	0.005455	6.2
699	-0.015823	1.770939	0.152355	0.002703	6.2
700	-0.018003	2.770939	0.148464	0.003061	6.1
701	-0.019840	1.970939	0.151555	0.002886	6.1
702	-0.017222	1.170939	0.154824	0.003030	6.4
703	-0.020607	0.370939	0.158287	0.003572	6.5
704	-0.017176	1.370939	0.153989	0.000769	6.5
705	-0.016853	2.370939	0.149988	0.001488	6.2
706	-0.015582	3.370939	0.146252	0.001043	6.2
707	-0.018940	2.570939	0.149221	0.003676	6.1
708	-0.016486	1.770939	0.152355	0.001792	6.2
709	-0.017718	2.770939	0.148464	0.001572	6.2
710	-0.019998	1.970939	0.151555	0.001767	6.0
711	-0.017464	2.970939	0.147717	0.003161	6.2
712	-0.016874	2.170939	0.150766	0.001033	6.3
713	-0.016511	1.370939	0.153989	0.002244	6.3
714	-0.016947	2.370939	0.149988	0.001939	5.9
715	-0.016279	1.570939	0.153166	0.002311	5.9
716	-0.016161	2.570939	0.149221	0.003025	5.5
717	-0.015502	3.570939	0.145535	0.001697	6.1
718	-0.016198	2.770939	0.148464	0.001518	6.1
719	-0.016275	3.770939	0.144826	0.002724	6.1
720	-0.017886	4.770939	0.141416	0.002260	6.6
721	-0.017197	3.970939	0.144127	0.002581	6.2
722	-0.018249	4.970939	0.140760	0.003606	5.8
723	-0.019813	4.170939	0.143436	0.002429	5.8
724	-0.015631	3.370939	0.146252	0.001081	5.4
725	-0.017412	2.570948	0.149221	0.000743	5.3
726	-0.017215	1.770948	0.152355	0.002107	5.3
727	-0.019341	2.770948	0.148464	0.002142	5.4
728	-0.016100	1.970948	0.151555	0.002904	5.3
729	-0.017705	2.970948	0.147717	0.001419	6.0
730	-0.016129	2.170948	0.150766	0.001911	6.1
731	-0.017127	3.170948	0.146980	0.001596	6.0
732	-0.018070	4.170948	0.143436	0.003084	5.7
733	-0.019185	5.170948	0.140111	0.001369	5.9
734	-0.017854	6.170948	0.136984	0.002404	6.1
735	-0.018261	7.170948	0.134035	0.001582	6.2
736	-0.017219	8.170948	0.131250	0.001590	6.3
737	-0.017606	7.370948	0.133466	0.002253	5.8
738	-0.017905	6.570948	0.135784	0.002373	6.2
739	-0.018163	5.770948	0.138212	0.001505	5.6
740	-0.015304	6.770948	0.135194	0.003680	6.1
741	-0.015536	5.970948	0.137594	0.001826	5.6
742	-0.016950	5.170948	0.140111	0.002248	5.3
743	-0.020280	4.370948	0.142754	0.002819	5.6
744	-0.019525	3.570948	0.145535	0.004098	6.1
745	-0.018044	2.770948	0.148464	0.002562	6.0
746	-0.018575	1.970948	0.151555	0.003471	5.7
747	-0.017653	1.170948	0.154824	0.001206	5.7
748	-0.017048	0.370949	0.158287	0.001470	5.2
749	-0.019315	1.370949	0.153989	0.002990	5.3
750	-0.019364	2.370949	0.149988	0.002510	5.4
751	-0.015691	1.570949	0.153166	0.001844	6.0
752	-0.018989	0.770949	0.156530	0.004536	5.6
753	-0.018263	0.000000	0.159965	0.003093	5.4
754	-0.017060	0.000000	0.159965	0.003220	5.5
755	-0.017171	0.000000	0.159965	0.001719	5.2
756	-0.015788	0.000000	0.159965	0.003222	5.4
757	-0.016690	1.000000	0.155547	0.001964	5.8
758	-0.019738	0.200000	0.159054	0.004787	5.7
759	-0.018515	1.200000	0.154702	0.004052	5.7
760	-0.017036	0.400000	0.158158	0.002777	5.5
761	-0.018233	1.400000	0.153869	0.002166	5.3
762	-0.017838	0.600068	0.157274	0.002028	5.3
763	-0.017232	0.000000	0.159965	0.001426	5.3
764	-0.015133	0.000000	0.159965	0.002022	5.2
765	-0.017087	1.000000	0.155547	0.002487	5.3
766	-0.017130	0.200000	0.159054	0.000750	6.0
767	-0.018355	0.000000	0.159965	0.002653	5.3
768	-0.017488	0.000000	0.159965	0.002514	6.1
769	-0.015756	0.000000	0.159965	0.004836	6.2
770	-0.017733	0.000000	0.159965	0.002268	6.3
771	-0.018056	0.000000	0.159965	0.001804	6.1
772	-0.018054	0.000000	0.159965	0.004819	6.0
773	-0.021181	0.000000	0.159965	0.004448	6.2
774	-0.016760	1.000000	0.155547	0.001418	6.0
775	-0.017821	0.200000	0.159054	0.003898	6.3
776	-0.018458	0.000000	0.159965	0.005398	6.0
777	-0.017486	0.000000	0.159965	0.002554	6.0
778	-0.018778	1.000000	0.155547	0.003835	6.1
779	-0.016051	2.000000	0.151440	0.002722	5.4
780	-0.020491	1.200000	0.154702	0.001729	5.3
781	-0.017453	0.400000	0.158158	0.004410	5.0
782	-0.016602	0.000000	0.159965	0.001538	5.3
783	-0.019831	0.000000	0.159965	0.003573	5.8
784	-0.017152	1.000000	0.155547	0.003370	5.0
785	-0.016780	0.200000	0.159054	0.001960	5.0
786	-0.017254	0.000000	0.159965	0.003364	4.9
787	-0.015846	0.000000	0.159965	0.002680	4.7
788	-0.018924	1.000000	0.155547	0.002351	4.9
789	-0.017847	0.200000	0.159054	0.002156	4.6
790	-0.016065	0.000000	0.159965	0.001687	4.9
791	-0.017670	0.000000	0.159965	0.002018	5.6
792	-0.018633	0.000000	0.159965	0.002204	4.7
793	-0.018274	0.000000	0.159965	0.004997	4.9
794	-0.016983	1.000000	0.155547	0.003390	5.0
795	-0.017282	0.200000	0.159054	0.001759	5.6
796	-0.018141	0.000000	0.159965	0.002410	6.1
797	-0.017021	0.000000	0.159965	0.001594	5.6
798	-0.018016	1.000000	0.155547	0.005623	5.4
799	-0.019109	2.000000	0.151440	0.001814	5.7
800	-0.016305	1.200000	0.154702	0.004425	5.9
801	-0.020843	0.400000	0.158158	0.001698	5.7
802	-0.016470	1.400000	0.153869	0.003894	5.2
803	-0.018693	2.400000	0.149876	0.002063	5.3
804	-0.017943	1.600000	0.153048	0.001829	5.6
805	-0.016082	0.800000	0.156404	0.002940	5.2
806	-0.019361	0.000000	0.159965	0.002478	5.2
807	-0.020259	0.000000	0.159965	0.003557	4.9
808	-0.017840	0.000000	0.159965	0.002596	4.8
809	-0.017022	0.000000	0.159965	0.001666	4.9
810	-0.016838	0.000000	0.159965	0.002039	5.7
811	-0.015735	0.000000	0.159965	0.002066	5.2
812	-0.017635	0.000000	0.159965	0.002492	5.9
813	-0.018065	0.000000	0.159965	0.002028	5.8
814	-0.017055	0.000000	0.159965	0.001708	5.5
815	-0.015741	0.000000	0.159965	0.002485	6.0
816	-0.015527	0.000000	0.159965	0.002547	6.1
817	-0.016444	0.000000	0.159965	0.001794	6.4
818	-0.018102	0.000000	0.159965	0.004744	6.5
819	-0.015994	0.000000	0.159965	0.003357	6.1
820	-0.015861	0.000000	0.159965	0.001710	6.2
821	-0.017318	0.000000	0.159965	0.002367	5.7
822	-0.015957	0.000000	0.159965	0.001588	6.5
823	-0.015670	0.000000	0.159965	0.001085	5.4
824	-0.017850	0.000000	0.159965	0.001737	5.7
825	-0.020203	0.000000	0.159965	0.001597	6.1
826	-0.016883	0.000000	0.159965	0.001511	6.0
827	-0.020202	1.000000	0.155547	0.002196	5.9
828	-0.017436	0.200000	0.159054	0.008477	5.8
829	-0.016685	0.000000	0.159965	0.002574	6.1
830	-0.018272	0.000000	0.159965	0.001533	5.8
831	-0.015861	1.000000	0.155547	0.002495	6.1
832	-0.017371	0.200000	0.159054	0.001197	5.8
833	-0.017129	0.000000	0.159965	0.002042	5.3
834	-0.017121	0.000000	0.159965	0.004649	6.0
835	-0.017445	0.000000	0.159965	0.004611	6.1
836	-0.019158	1.000000	0.155547	0.003404	5.7
837	-0.017093	2.000000	0.151440	0.001103	5.9
838	-0.017243	1.200000	0.154702	0.001959	6.2
839	-0.017097	0.400000	0.158158	0.003086	6.3
840	-0.018026	0.000000	0.159965	0.002009	6.5
841	-0.016321	1.000000	0.155547	0.001702	6.2
842	-0.018897	2.000000	0.151440	0.001434	5.9
843	-0.016114	3.000000	0.147609	0.003086	6.2
844	-0.017369	2.200000	0.150652	0.002510	6.2
845	-0.017277	1.400000	0.153869	0.001466	6.1
846	-0.015992	0.600000	0.157275	0.000674	6.1
847	-0.017608	0.000000	0.159965	0.001686	5.8
848	-0.017837	0.000000	0.159965	0.002431	5.3
849	-0.018786	0.000000	0.159965	0.001750	5.4
850	-0.017408	0.000000	0.159965	0.002847	5.3
851	-0.016737	1.000000	0.155547	0.005022	5.1
852	-0.016696	0.200000	0.159054	0.003153	5.9
853	-0.017300	0.000000	0.159965	0.001339	5.7
854	-0.016180	1.000000	0.155547	0.004742	5.4
855	-0.019183	0.200000	0.159054	0.002235	6.7
856	-0.015224	1.200000	0.154702	0.003035	6.1
857	-0.016827	0.400000	0.158158	0.002157	6.3
858	-0.019134	0.000000	0.159965	0.001895	6.2
859	-0.017127	1.000000	0.155547	0.002590	6.1
860	-0.016241	0.200000	0.159054	0.001353	6.2
861	-0.018191	0.000000	0.159965	0.002719	6.1
862	-0.018491	1.000000	0.155547	0.001291	6.2
863	-0.019129	2.000000	0.151440	0.001640	5.8
864	-0.016097	1.205670	0.154678	0.002108	5.6
865	-0.018668	2.205670	0.150630	0.001755	5.6
866	-0.016708	3.205670	0.146853	0.004457	5.1
867	-0.017466	4.205670	0.143317	0.004457	5.0
868	-0.018220	3.405670	0.146127	0.001459	4.7
869	-0.016962	4.405670	0.142637	0.001911	5.2
870	-0.017424	5.405670	0.139360	0.002063	5.2
871	-0.018747	4.605670	0.141965	0.002742	6.1
872	-0.016616	5.605670	0.138728	0.002768	5.9
873	-0.019325	4.805670	0.141302	0.001636	6.1
874	-0.014348	5.805670	0.138104	0.002294	6.1
875	-0.016524	5.005670	0.140647	0.003853	5.6
876	-0.016179	4.205670	0.143317	0.002620	5.9
877	-0.017390	5.205670	0.139999	0.001493	5.3
878	-0.018473	4.405670	0.142637	0.001936	6.1
879	-0.017712	3.605670	0.145411	0.004023	6.8
880	-0.015500	4.605670	0.141965	0.003154	5.2
881	-0.019581	5.605670	0.138728	0.002586	5.9
882	-0.017628	4.805670	0.141302	0.002531	6.3
883	-0.018982	4.005670	0.144006	0.001211	6.2
884	-0.019329	3.205670	0.146853	0.002509	6.0
885	-0.015647	3.386863	0.146195	0.001724	6.2
886	-0.018165	2.586863	0.149160	0.001611	5.9
887	-0.019445	1.786863	0.152291	0.003128	6.3
888	-0.016659	0.986863	0.155603	0.001168	6.0
889	-0.017366	0.186863	0.159114	0.001400	6.0
890	-0.018302	1.186863	0.154757	0.002712	6.1
891	-0.017598	0.386863	0.158216	0.002564	5.8
892	-0.015464	0.000000	0.159965	0.001928	5.7
893	-0.017501	0.000000	0.159965	0.001335	6.0
894	-0.019239	1.000000	0.155547	0.004113	6.1
895	-0.018067	0.200000	0.159054	0.002601	6.0
896	-0.016972	0.000000	0.159965	0.002638	6.0
897	-0.019232	1.000000	0.155547	0.001919	5.8
898	-0.021221	0.200000	0.159054	0.002456	5.7
899	-0.017536	1.188546	0.154750	0.001431	5.3
900	-0.014458	0.388546	0.158209	0.003642	6.0
901	-0.016880	0.000000	0.159965	0.001363	6.0
902	-0.019042	1.000000	0.155547	0.002539	5.8
903	-0.016238	0.200000	0.159054	0.003487	5.0
904	-0.016194	1.200000	0.154702	0.001495	5.5
905	-0.017672	0.400000	0.158158	0.001975	6.4
906	-0.017806	0.000000	0.159965	0.001605	5.6
907	-0.017638	1.000000	0.155547	0.001555	5.3
908	-0.017613	0.200000	0.159054	0.002203	5.5
909	-0.017990	0.000000	0.159965	0.002992	5.3
910	-0.017207	1.000000	0.155547	0.003751	5.6
911	-0.018176	0.200000	0.159054	0.001100	6.2
912	-0.018769	0.000000	0.159965	0.001514	6.2
913	-0.016540	0.000000	0.159965	0.002922	6.4
914	-0.015808	0.000000	0.159965	0.002118	6.4
915	-0.014726	0.000000	0.159965	0.002599	6.5
916	-0.017281	0.000000	0.159965	0.004377	6.4
917	-0.018184	0.000000	0.159965	0.001832	6.0
918	-0.016642	1.000000	0.155547	0.002399	5.6
919	-0.015311	0.200000	0.159054	0.002691	5.8
920	-0.018496	0.000000	0.159965	0.002727	5.6
921	-0.017417	1.000000	0.155547	0.001624	6.2
922	-0.019428	0.200000	0.159054	0.001950	5.7
923	-0.016105	0.000000	0.159965	0.001826	5.7
924	-0.017367	0.000000	0.159965	0.001576	5.4
925	-0.017753	0.000000	0.159965	0.001905	5.1
926	-0.016748	1.000000	0.155547	0.001360	6.2
927	-0.018153	0.200000	0.159054	0.002866	5.3
928	-0.018225	0.000000	0.159965	0.002197	5.0
929	-0.016558	1.000000	0.155547	0.002006	5.0
930	-0.018812	0.200000	0.159054	0.002078	4.9
931	-0.018966	1.200000	0.154702	0.002718	5.3
932	-0.018479	0.400000	0.158158	0.002764	4.9
933	-0.017609	1.400000	0.153869	0.001374	5.0
934	-0.017079	0.600000	0.157275	0.003543	5.2
935	-0.018000	0.000000	0.159965	0.003296	5.9
936	-0.018547	0.000000	0.159965	0.003742	5.8
937	-0.016376	0.000000	0.159965	0.002754	5.8
938	-0.018989	1.000000	0.155547	0.001146	5.4
939	-0.016636	2.000000	0.151440	0.001437	5.4
940	-0.017804	1.203853	0.154686	0.002930	5.2
941	-0.017005	0.403853	0.158141	0.001249	5.1
942	-0.017357	1.403853	0.153853	0.001811	5.2
943	-0.020574	2.403853	0.149861	0.002946	4.9
944	-0.017271	3.403853	0.146134	0.002521	5.0
945	-0.017504	4.403853	0.142643	0.003201	5.3
946	-0.017259	3.603853	0.145417	0.002020	5.8
947	-0.017656	2.803853	0.148340	0.002435	5.4
948	-0.017509	3.803853	0.144710	0.002056	5.9
949	-0.016945	3.003853	0.147595	0.000598	5.8
950	-0.016795	3.931013	0.144266	0.002355	6.0
951	-0.017616	4.931013	0.140890	0.002263	6.4
952	-0.018745	5.931013	0.137717	0.003466	6.3
953	-0.018467	6.931013	0.134727	0.002541	6.1
954	-0.018730	6.131013	0.137105	0.001619	6.3
955	-0.017515	5.331013	0.139598	0.001759	6.1
956	-0.016658	4.531652	0.142213	0.001728	6.3
957	-0.016015	3.731652	0.144964	0.002912	6.7
958	-0.017413	4.731652	0.141546	0.001886	6.0
959	-0.016350	5.731652	0.138334	0.003490	5.9
960	-0.017152	6.731652	0.135310	0.001113	6.1
961	-0.017786	7.731652	0.132455	0.003444	5.9
962	-0.017619	6.931652	0.134726	0.002032	5.9
963	-0.016590	6.131652	0.137103	0.002155	5.7
964	-0.017418	7.131652	0.134148	0.002129	6.2
965	-0.018274	6.331652	0.136498	0.001835	6.3
966	-0.020093	5.531658	0.138961	0.001985	5.5
967	-0.017311	4.731658	0.141546	0.001554	6.0
968	-0.019052	5.731658	0.138334	0.000960	6.1
969	-0.016802	4.931658	0.140888	0.002862	5.6
970	-0.016397	4.131658	0.143571	0.002930	6.4
971	-0.018851	5.131658	0.140238	0.001780	6.5
972	-0.016663	6.131658	0.137103	0.002079	5.8
973	-0.017692	5.331658	0.139596	0.002117	6.0
974	-0.016992	4.531658	0.142213	0.002327	6.2
975	-0.018443	3.731658	0.144964	0.004317	6.3
976	-0.019047	2.931658	0.147863	0.003643	6.1
977	-0.015845	3.931658	0.144263	0.003328	5.8
978	-0.018268	3.131658	0.147124	0.004426	6.3
979	-0.019808	4.131658	0.143571	0.004014	6.5
980	-0.016492	3.331658	0.146394	0.002430	6.2
981	-0.017756	4.331658	0.142888	0.002385	5.8
982	-0.017552	3.531658	0.145675	0.001595	5.6
983	-0.017086	2.731658	0.148612	0.002293	5.6
984	-0.019155	1.931658	0.151711	0.002360	5.1
985	-0.017938	2.931658	0.147863	0.003660	5.1
986	-0.016098	2.131658	0.150920	0.001945	5.5
987	-0.016458	1.331658	0.154152	0.003295	6.0
988	-0.017527	2.331658	0.150140	0.002661	5.9
989	-0.016689	1.531659	0.153327	0.002142	5.9
990	-0.017638	0.731659	0.156700	0.001973	6.0
991	-0.018581	0.000000	0.159965	0.003638	6.0
992	-0.017610	0.000000	0.159965	0.002457	6.0
993	-0.016111	0.000000	0.159965	0.002816	5.6
994	-0.018083	0.000000	0.159965	0.002865	6.3
995	-0.015695	1.000000	0.155547	0.001922	6.5
996	-0.017975	0.200000	0.159054	0.002039	6.1
997	-0.016315	0.000000	0.159965	0.002179	5.8
998	-0.017317	0.000000	0.159965	0.002372	6.0
999	-0.017394	1.000000	0.155547	0.003962	6.3
