1:ItNr	2:Metric	3a:Time	3b:StepSize	4:||Gradient||	Time[ms]
0	-0.030795	0.000000	0.159965	0.002070	3.4
1	-0.032501	0.000000	0.159965	0.001819	1.9
2	-0.032496	0.000000	0.159965	0.001886	1.7
3	-0.035707	0.000000	0.159965	0.002613	1.9
4	-0.031611	0.000000	0.159965	0.003049	1.9
5	-0.029536	0.000000	0.159965	0.001280	2.2
6	-0.029260	0.000000	0.159965	0.004011	2.3
7	-0.035619	0.000000	0.159965	0.003700	2.2
8	-0.032890	0.000000	0.159965	0.001873	2.0
9	-0.029433	1.000000	0.155547	0.003657	2.2
10	-0.033525	0.200000	0.159054	0.004074	2.3
11	-0.034166	1.200000	0.154702	0.002840	2.3
12	-0.035157	0.400000	0.158158	0.002602	2.4
13	-0.032993	0.000000	0.159965	0.001567	2.3
14	-0.035045	0.000000	0.159965	0.001173	2.3
15	-0.030858	0.000000	0.159965	0.001890	2.4
16	-0.034066	0.000000	0.159965	0.003365	2.5
17	-0.032251	1.000000	0.155547	0.001731	2.4
18	-0.035675	0.200000	0.159054	0.004580	2.5
19	-0.031600	0.000000	0.159965	0.002866	2.5
20	-0.029665	0.000000	0.159965	0.004281	2.5
21	-0.028166	0.000000	0.159965	0.002556	2.4
22	-0.029928	0.000000	0.159965	0.002206	2.5
23	-0.034820	0.000000	0.159965	0.003862	2.6
24	-0.035301	0.000000	0.159965	0.002286	2.5
25	-0.032284	0.000000	0.159965	0.002193	2.5
26	-0.033057	0.000000	0.159965	0.001353	2.3
27	-0.031161	0.000000	0.159965	0.001972	2.2
28	-0.040289	0.000000	0.159965	0.003127	2.4
29	-0.034621	0.000000	0.159965	0.004228	2.7
30	-0.032181	0.000000	0.159965	0.003169	2.6
31	-0.034705	0.000000	0.159965	0.002080	2.6
32	-0.035422	0.000000	0.159965	0.001574	2.6
33	-0.034784	0.000000	0.159965	0.004894	2.7
34	-0.028976	0.000000	0.159965	0.004733	2.8
35	-0.034775	0.000000	0.159965	0.001791	2.5
36	-0.032676	0.000000	0.159965	0.002671	2.6
37	-0.031957	0.000000	0.159965	0.002541	2.7
38	-0.031132	0.000000	0.159965	0.001978	3.0
39	-0.034445	0.000000	0.159965	0.002217	2.7
40	-0.032803	0.000000	0.159965	0.001631	3.0
41	-0.030551	0.000000	0.159965	0.003560	3.1
42	-0.036864	0.000000	0.159965	0.003304	3.0
43	-0.034101	0.000000	0.159965	0.002508	2.9
44	-0.030571	0.000000	0.159965	0.003289	3.4
45	-0.032403	0.000000	0.159965	0.003105	3.0
46	-0.035658	0.000000	0.159965	0.002091	3.2
47	-0.033277	0.000000	0.159965	0.002123	3.2
48	-0.034166	0.000000	0.159965	0.003011	2.8
49	-0.031219	0.000000	0.159965	0.002518	3.7
50	-0.029086	0.000000	0.159965	0.002016	3.3
51	-0.034597	0.000000	0.159965	0.002238	2.7
52	-0.035575	0.000000	0.159965	0.002363	2.8
53	-0.030896	0.000000	0.159965	0.002675	3.2
54	-0.031512	0.000000	0.159965	0.003608	3.3
55	-0.035694	0.000000	0.159965	0.001682	3.0
56	-0.032300	0.000000	0.159965	0.003702	2.6
57	-0.033574	1.000000	0.155547	0.003731	2.7
58	-0.032612	0.200000	0.159054	0.001924	2.6
59	-0.038078	0.000000	0.159965	0.001574	2.7
60	-0.036119	0.000000	0.159965	0.003481	2.5
61	-0.028955	0.000000	0.159965	0.002384	2.7
62	-0.029728	0.000000	0.159965	0.001873	2.6
63	-0.031206	0.000000	0.159965	0.002906	2.3
64	-0.029799	0.000000	0.159965	0.002870	2.8
65	-0.033741	1.000000	0.155547	0.002135	2.8
66	-0.031557	0.200000	0.159054	0.001887	3.2
67	-0.033066	0.000000	0.159965	0.003041	2.8
68	-0.035534	0.000000	0.159965	0.002976	2.5
69	-0.030720	1.000000	0.155547	0.003310	2.7
70	-0.031514	0.200000	0.159054	0.003354	3.6
71	-0.033404	0.000000	0.159965	0.003256	3.1
72	-0.032601	0.000000	0.159965	0.002671	3.5
73	-0.032294	0.000000	0.159965	0.001877	2.8
74	-0.035827	0.000000	0.159965	0.001765	3.2
75	-0.035878	0.000000	0.159965	0.004544	3.7
76	-0.033353	0.000000	0.159965	0.004916	3.3
77	-0.036485	0.000000	0.159965	0.003113	3.8
78	-0.031032	0.000000	0.159965	0.002047	3.6
79	-0.035333	0.000000	0.159965	0.004125	3.7
80	-0.032100	0.000000	0.159965	0.002339	3.9
81	-0.032380	0.000000	0.159965	0.004122	4.2
82	-0.032821	0.000000	0.159965	0.002663	3.9
83	-0.034620	0.000000	0.159965	0.004464	3.9
84	-0.033688	0.000000	0.159965	0.002494	3.5
85	-0.033667	0.000000	0.159965	0.002644	3.7
86	-0.033850	0.000000	0.159965	0.002396	3.4
87	-0.034615	0.000000	0.159965	0.002201	3.5
88	-0.029009	1.000000	0.155547	0.002952	3.8
89	-0.033445	2.000000	0.151440	0.003213	3.7
90	-0.031759	1.239721	0.154535	0.003133	3.8
91	-0.033073	0.439721	0.157981	0.006093	4.3
92	-0.032309	0.000000	0.159965	0.002910	3.8
93	-0.031620	0.000000	0.159965	0.002571	3.4
94	-0.032616	0.000000	0.159965	0.003105	3.6
95	-0.033930	0.000000	0.159965	0.003307	3.9
96	-0.032328	0.000000	0.159965	0.002512	3.8
97	-0.032458	0.000000	0.159965	0.001641	3.9
98	-0.035459	0.000000	0.159965	0.004020	3.5
99	-0.034385	0.000000	0.159965	0.001936	4.1
100	-0.034821	0.000000	0.159965	0.002953	4.1
101	-0.032093	0.000000	0.159965	0.003708	4.6
102	-0.030720	0.000000	0.159965	0.001895	3.5
103	-0.039715	0.000000	0.159965	0.003635	4.3
104	-0.031288	0.000000	0.159965	0.002291	4.3
105	-0.032894	0.000000	0.159965	0.002258	3.8
106	-0.030818	0.000000	0.159965	0.003471	4.0
107	-0.033993	0.000000	0.159965	0.002558	3.2
108	-0.033007	0.000000	0.159965	0.003040	3.0
109	-0.030918	0.000000	0.159965	0.003245	3.0
110	-0.031494	0.000000	0.159965	0.002478	3.2
111	-0.033600	0.000000	0.159965	0.002583	2.8
112	-0.034581	0.000000	0.159965	0.002538	3.0
113	-0.034411	0.000000	0.159965	0.002321	3.5
114	-0.032105	0.000000	0.159965	0.003949	3.8
115	-0.034471	0.000000	0.159965	0.001078	3.4
116	-0.035064	1.000000	0.155547	0.001825	3.3
117	-0.035944	0.200000	0.159054	0.002320	3.7
118	-0.030950	0.000000	0.159965	0.002845	4.0
119	-0.031267	0.000000	0.159965	0.002663	3.1
120	-0.033345	0.000000	0.159965	0.003904	3.1
121	-0.033016	0.000000	0.159965	0.006474	3.4
122	-0.031601	0.000000	0.159965	0.003453	3.0
123	-0.030413	0.000000	0.159965	0.002167	3.4
124	-0.030192	0.000000	0.159965	0.001828	3.0
125	-0.035436	0.000000	0.159965	0.003986	3.0
126	-0.033786	0.000000	0.159965	0.001786	3.9
127	-0.030753	0.000000	0.159965	0.004359	3.4
128	-0.032233	0.000000	0.159965	0.003272	3.5
129	-0.032080	0.000000	0.159965	0.002510	3.1
130	-0.033232	0.000000	0.159965	0.003298	2.8
131	-0.032623	0.000000	0.159965	0.001001	2.7
132	-0.034566	0.000000	0.159965	0.001425	3.3
133	-0.033401	0.000000	0.159965	0.003892	3.0
134	-0.032259	0.000000	0.159965	0.003147	3.0
135	-0.032621	0.000000	0.159965	0.004353	3.0
136	-0.033320	0.000000	0.159965	0.002108	2.9
137	-0.035123	0.000000	0.159965	0.003876	2.8
138	-0.028389	0.000000	0.159965	0.002564	3.1
139	-0.030502	0.000000	0.159965	0.001927	3.1
140	-0.034857	0.993213	0.155576	0.002495	2.8
141	-0.030926	1.993213	0.151467	0.002496	2.8
142	-0.034530	1.193213	0.154730	0.003682	3.2
143	-0.032177	2.193213	0.150679	0.002685	3.2
144	-0.032146	3.193213	0.146898	0.002564	3.1
145	-0.030795	2.393213	0.149902	0.002931	3.6
146	-0.026608	1.593213	0.153075	0.003585	3.3
147	-0.033620	0.793213	0.156434	0.001999	3.6
148	-0.034890	0.000000	0.159965	0.003927	3.6
149	-0.036141	0.000000	0.159965	0.003459	3.2
150	-0.035748	0.000000	0.159965	0.004538	3.3
151	-0.033796	0.000000	0.159965	0.004810	3.7
152	-0.031399	0.000000	0.159965	0.003175	3.5
153	-0.028980	0.000000	0.159965	0.001983	3.6
154	-0.032482	0.000000	0.159965	0.004577	3.1
155	-0.034439	0.000000	0.159965	0.003791	3.4
156	-0.033093	0.000000	0.159965	0.001805	3.3
157	-0.034434	0.000000	0.159965	0.003789	3.4
158	-0.035116	0.000000	0.159965	0.003394	3.7
159	-0.032840	0.000000	0.159965	0.002073	3.8
160	-0.033470	0.000000	0.159965	0.004152	3.3
161	-0.030780	0.000000	0.159965	0.001371	3.3
162	-0.032411	0.000000	0.159965	0.002928	3.7
163	-0.032007	0.000000	0.159965	0.002278	3.6
164	-0.035977	0.000000	0.159965	0.002550	3.7
165	-0.034593	0.000000	0.159965	0.002951	3.6
166	-0.028900	0.000000	0.159965	0.002703	3.5
167	-0.033519	0.000000	0.159965	0.002674	3.6
168	-0.033620	0.000000	0.159965	0.003899	3.5
169	-0.031862	0.000000	0.159965	0.001889	3.9
170	-0.031431	0.000000	0.159965	0.001596	3.3
171	-0.034026	0.000000	0.159965	0.002929	3.7
172	-0.036000	0.000000	0.159965	0.001803	3.8
173	-0.033541	0.000000	0.159965	0.002383	3.9
174	-0.032718	0.000000	0.159965	0.004124	3.9
175	-0.032266	0.000000	0.159965	0.003166	4.0
176	-0.030912	0.000000	0.159965	0.003048	4.8
177	-0.036689	0.000000	0.159965	0.003735	4.4
178	-0.037521	0.000000	0.159965	0.005029	4.1
179	-0.032395	1.000000	0.155547	0.002890	4.1
180	-0.033139	0.200000	0.159054	0.002969	4.3
181	-0.034561	0.000000	0.159965	0.002436	3.7
182	-0.033556	0.000000	0.159965	0.002230	3.8
183	-0.035147	0.000000	0.159965	0.004818	4.0
184	-0.034167	0.000000	0.159965	0.002670	4.1
185	-0.032343	0.000000	0.159965	0.002321	3.6
186	-0.033045	0.000000	0.159965	0.002062	3.7
187	-0.034063	0.000000	0.159965	0.002280	3.4
188	-0.030301	0.000000	0.159965	0.002691	3.4
189	-0.033142	0.000000	0.159965	0.001994	3.0
190	-0.030385	0.000000	0.159965	0.001682	3.7
191	-0.030108	0.000000	0.159965	0.002272	3.4
192	-0.036264	0.000000	0.159965	0.001712	3.6
193	-0.032612	0.000000	0.159965	0.004326	3.2
194	-0.035005	0.000000	0.159965	0.002610	3.3
195	-0.031462	0.000000	0.159965	0.004584	3.2
196	-0.032902	0.000000	0.159965	0.003943	3.3
197	-0.032873	0.000000	0.159965	0.001519	3.3
198	-0.031806	0.000000	0.159965	0.002112	3.4
199	-0.028944	0.000000	0.159965	0.002381	2.9
200	-0.030485	0.000000	0.159965	0.002736	3.3
201	-0.034460	0.000000	0.159965	0.002451	3.7
202	-0.031105	0.000000	0.159965	0.002987	3.9
203	-0.036361	0.000000	0.159965	0.003291	3.5
204	-0.031503	0.000000	0.159965	0.003882	3.5
205	-0.031740	0.000000	0.159965	0.002368	4.0
206	-0.033614	0.000000	0.159965	0.002753	3.9
207	-0.033511	0.000000	0.159965	0.001719	3.7
208	-0.034416	0.000000	0.159965	0.004103	3.9
209	-0.031539	0.000000	0.159965	0.004170	3.9
210	-0.036305	0.000000	0.159965	0.003598	4.0
211	-0.033237	0.000000	0.159965	0.002448	4.0
212	-0.037724	0.000000	0.159965	0.002840	3.6
213	-0.033822	0.000000	0.159965	0.002099	3.8
214	-0.028528	0.000000	0.159965	0.003017	3.7
215	-0.035091	0.000000	0.159965	0.005101	4.8
216	-0.036955	0.000000	0.159965	0.005083	3.7
217	-0.036342	0.000000	0.159965	0.004617	4.0
218	-0.032549	0.000000	0.159965	0.002778	4.1
219	-0.030687	0.000000	0.159965	0.001450	4.6
220	-0.031028	0.000000	0.159965	0.001966	4.3
221	-0.033546	0.000000	0.159965	0.002599	4.4
222	-0.033360	0.000000	0.159965	0.002471	4.5
223	-0.034220	0.000000	0.159965	0.002452	4.1
224	-0.033691	0.000000	0.159965	0.001449	4.2
225	-0.032204	0.000000	0.159965	0.001511	3.3
226	-0.032587	0.000000	0.159965	0.003501	3.5
227	-0.035121	0.000000	0.159965	0.001821	3.2
228	-0.033200	1.000000	0.155547	0.001629	3.4
229	-0.034074	0.200000	0.159054	0.003494	3.4
230	-0.031009	0.000000	0.159965	0.003118	3.5
231	-0.031936	1.000000	0.155547	0.002301	3.8
232	-0.031179	2.000000	0.151440	0.002320	3.4
233	-0.032741	1.200000	0.154702	0.002157	4.1
234	-0.031096	0.400000	0.158158	0.003341	3.4
235	-0.035382	0.000000	0.159965	0.001393	3.5
236	-0.034857	0.000000	0.159965	0.002602	4.1
237	-0.037016	0.000000	0.159965	0.005976	4.1
238	-0.031053	0.000000	0.159965	0.002052	3.7
239	-0.029444	0.000000	0.159965	0.004004	3.6
240	-0.032072	0.000000	0.159965	0.002347	3.5
241	-0.033915	0.000000	0.159965	0.004129	3.7
242	-0.033671	0.000000	0.159965	0.002248	4.2
243	-0.034076	0.000000	0.159965	0.003803	4.1
244	-0.035883	0.000000	0.159965	0.003057	3.9
245	-0.031416	0.000000	0.159965	0.002334	3.5
246	-0.033324	0.000000	0.159965	0.002168	4.0
247	-0.032395	0.000000	0.159965	0.001223	4.3
248	-0.033794	0.000000	0.159965	0.002994	4.1
249	-0.034642	0.000000	0.159965	0.002754	4.2
250	-0.035080	1.000000	0.155547	0.002739	3.8
251	-0.028706	0.200000	0.159054	0.001968	4.0
252	-0.030909	0.000000	0.159965	0.003294	4.2
253	-0.030698	0.000000	0.159965	0.002751	3.4
254	-0.034880	0.000000	0.159965	0.003477	3.4
255	-0.029747	0.000000	0.159965	0.002033	3.8
256	-0.034697	0.000000	0.159965	0.004567	3.5
257	-0.033373	0.000000	0.159965	0.002528	3.1
258	-0.031403	0.000000	0.159965	0.003638	3.4
259	-0.030320	0.000000	0.159965	0.002357	3.2
260	-0.032973	0.000000	0.159965	0.002935	3.1
261	-0.032563	0.000000	0.159965	0.002248	3.2
262	-0.033363	0.000000	0.159965	0.002794	3.5
263	-0.032664	1.000000	0.155547	0.003941	3.1
264	-0.027662	0.200000	0.159054	0.001521	3.0
265	-0.033579	1.200000	0.154702	0.003431	3.0
266	-0.032373	2.200000	0.150652	0.002196	3.1
267	-0.031161	1.400000	0.153869	0.002001	3.5
268	-0.034587	0.600000	0.157275	0.002786	3.0
269	-0.036375	0.000000	0.159965	0.001808	2.9
270	-0.030555	0.000000	0.159965	0.002989	3.3
271	-0.031061	0.000000	0.159965	0.001487	3.0
272	-0.037104	0.000000	0.159965	0.002041	3.4
273	-0.031051	1.000000	0.155547	0.003846	3.3
274	-0.030069	2.000000	0.151440	0.002230	3.4
275	-0.031799	1.200000	0.154702	0.002622	3.1
276	-0.031373	0.400000	0.158158	0.002875	3.6
277	-0.034474	0.000000	0.159965	0.003801	3.8
278	-0.032847	0.000000	0.159965	0.002894	3.7
279	-0.035515	0.000000	0.159965	0.002076	3.6
280	-0.032186	0.000000	0.159965	0.002319	4.2
281	-0.033957	0.000000	0.159965	0.002421	3.5
282	-0.032737	0.000000	0.159965	0.003544	3.4
283	-0.031722	0.000000	0.159965	0.003576	3.4
284	-0.034395	0.000000	0.159965	0.003509	3.9
285	-0.033378	0.000000	0.159965	0.003912	3.4
286	-0.034272	0.000000	0.159965	0.002503	3.8
287	-0.038097	0.000000	0.159965	0.001760	4.3
288	-0.033008	0.000000	0.159965	0.002538	3.9
289	-0.033174	0.000000	0.159965	0.003402	3.6
290	-0.030276	0.000000	0.159965	0.003384	3.7
291	-0.032662	0.000000	0.159965	0.002974	3.3
292	-0.030046	0.000000	0.159965	0.004582	3.5
293	-0.032514	0.000000	0.159965	0.002463	3.5
294	-0.033742	0.000000	0.159965	0.004474	4.0
295	-0.032765	0.000000	0.159965	0.002927	3.7
296	-0.033363	1.000000	0.155547	0.001988	4.1
297	-0.033562	0.200000	0.159054	0.004079	3.8
298	-0.036155	0.000000	0.159965	0.002363	3.8
299	-0.031804	0.000000	0.159965	0.002018	3.9
300	-0.033560	0.000000	0.159965	0.001931	4.1
301	-0.031492	0.000000	0.159965	0.001881	4.1
302	-0.034458	1.000000	0.155547	0.002730	3.9
303	-0.033413	0.200000	0.159054	0.003776	4.0
304	-0.033113	0.000000	0.159965	0.002724	4.2
305	-0.030151	0.000000	0.159965	0.002306	4.2
306	-0.031717	0.000000	0.159965	0.003147	4.0
307	-0.032963	0.000000	0.159965	0.005079	3.9
308	-0.030408	0.000000	0.159965	0.002636	4.1
309	-0.031399	0.000000	0.159965	0.003304	4.6
310	-0.036930	0.000000	0.159965	0.003885	4.2
311	-0.027350	0.000000	0.159965	0.002460	4.5
312	-0.034701	0.000000	0.159965	0.002925	4.9
313	-0.033547	0.000000	0.159965	0.005490	4.5
314	-0.036533	0.000000	0.159965	0.003364	4.6
315	-0.027966	0.000000	0.159965	0.002352	4.6
316	-0.029158	0.000000	0.159965	0.002738	4.7
317	-0.031998	0.000000	0.159965	0.002380	4.5
318	-0.030741	1.000000	0.155547	0.002676	4.3
319	-0.031888	0.200000	0.159054	0.001824	4.2
320	-0.030418	0.000000	0.159965	0.003015	4.4
321	-0.034734	0.000000	0.159965	0.004841	4.5
322	-0.034438	0.000000	0.159965	0.002344	4.1
323	-0.029577	0.000000	0.159965	0.004311	3.8
324	-0.035721	0.000000	0.159965	0.003218	3.7
325	-0.033696	0.000000	0.159965	0.003122	3.8
326	-0.034077	0.000000	0.159965	0.005223	3.3
327	-0.030332	0.000000	0.159965	0.003111	3.3
328	-0.034582	0.000000	0.159965	0.004424	3.4
329	-0.028222	0.000000	0.159965	0.002063	3.6
330	-0.035782	0.000000	0.159965	0.002014	3.9
331	-0.031905	0.000000	0.159965	0.002642	3.4
332	-0.033807	1.000000	0.155547	0.003152	3.3
333	-0.031575	0.200000	0.159054	0.002589	4.4
334	-0.031511	0.000000	0.159965	0.005290	5.7
335	-0.030710	1.000000	0.155547	0.003093	5.7
336	-0.034615	2.000000	0.151440	0.003323	4.3
337	-0.035599	3.000000	0.147609	0.004002	3.2
338	-0.030326	2.200000	0.150652	0.002546	2.8
339	-0.031820	1.400000	0.153869	0.002780	2.4
340	-0.038187	0.600000	0.157275	0.004051	2.4
341	-0.032869	1.600000	0.153048	0.002333	2.4
342	-0.034559	0.800000	0.156404	0.002961	2.7
343	-0.030511	0.000000	0.159965	0.001453	2.6
344	-0.031777	0.000000	0.159965	0.001959	2.5
345	-0.034320	0.000000	0.159965	0.003042	2.8
346	-0.033167	0.000000	0.159965	0.004103	2.4
347	-0.032652	0.000000	0.159965	0.002072	2.0
348	-0.033937	0.000000	0.159965	0.003375	2.2
349	-0.034994	0.000000	0.159965	0.002101	2.5
350	-0.033912	1.000000	0.155547	0.003127	2.4
351	-0.032020	2.000000	0.151440	0.001667	2.2
352	-0.032297	1.200000	0.154702	0.002763	2.4
353	-0.034475	0.400000	0.158158	0.004714	2.4
354	-0.030739	0.000000	0.159965	0.003722	2.2
355	-0.032017	0.000000	0.159965	0.002242	2.5
356	-0.033743	0.000000	0.159965	0.002893	2.4
357	-0.033808	0.000000	0.159965	0.002641	2.6
358	-0.031048	0.000000	0.159965	0.002876	2.2
359	-0.033189	0.000000	0.159965	0.002412	2.1
360	-0.033004	0.000000	0.159965	0.002255	2.1
361	-0.033208	0.000000	0.159965	0.003912	2.0
362	-0.032724	0.000000	0.159965	0.003996	2.0
363	-0.031879	0.000000	0.159965	0.003041	2.3
364	-0.033794	0.000000	0.159965	0.003945	2.3
365	-0.035901	0.000000	0.159965	0.002254	2.3
366	-0.032595	0.000000	0.159965	0.003026	2.2
367	-0.032827	0.000000	0.159965	0.001558	2.6
368	-0.032226	0.000000	0.159965	0.001376	2.3
369	-0.033615	0.000000	0.159965	0.001988	2.2
370	-0.035914	0.000000	0.159965	0.001295	2.1
371	-0.032616	0.000000	0.159965	0.001884	2.1
372	-0.031359	0.000000	0.159965	0.004461	2.4
373	-0.032844	0.000000	0.159965	0.002864	2.3
374	-0.035000	1.000000	0.155547	0.002248	2.3
375	-0.032537	0.200000	0.159054	0.002037	2.1
376	-0.031697	0.000000	0.159965	0.001447	2.0
377	-0.034741	0.000000	0.159965	0.003430	2.0
378	-0.035261	0.000000	0.159965	0.004138	2.2
379	-0.033711	0.000000	0.159965	0.005886	2.2
380	-0.033778	0.000000	0.159965	0.001608	2.5
381	-0.034221	0.000000	0.159965	0.001315	2.1
382	-0.032087	0.000000	0.159965	0.002532	2.1
383	-0.031405	0.000000	0.159965	0.003508	2.4
384	-0.033316	0.000000	0.159965	0.003548	2.3
385	-0.031630	0.000000	0.159965	0.003234	2.3
386	-0.035182	0.000000	0.159965	0.002393	2.9
387	-0.032825	0.000000	0.159965	0.003293	2.4
388	-0.037216	0.000000	0.159965	0.002574	2.3
389	-0.033856	0.000000	0.159965	0.002433	2.5
390	-0.033622	0.000000	0.159965	0.001765	2.2
391	-0.031517	0.000000	0.159965	0.003192	2.3
392	-0.037195	1.000000	0.155547	0.004958	2.2
393	-0.032570	0.200000	0.159054	0.002603	2.9
394	-0.030957	0.000000	0.159965	0.002693	2.8
395	-0.033356	0.000000	0.159965	0.001716	2.7
396	-0.033384	0.000000	0.159965	0.002894	2.5
397	-0.032380	0.000000	0.159965	0.002651	2.4
398	-0.033696	0.000000	0.159965	0.001812	2.2
399	-0.033705	0.000000	0.159965	0.003815	2.5
400	-0.035972	0.000000	0.159965	0.003154	2.7
401	-0.032475	0.000000	0.159965	0.002554	2.4
402	-0.029422	0.000000	0.159965	0.002508	2.8
403	-0.032790	0.000000	0.159965	0.001600	2.5
404	-0.036506	0.000000	0.159965	0.002624	2.7
405	-0.032957	0.000000	0.159965	0.003513	2.4
406	-0.034675	0.000000	0.159965	0.004581	2.3
407	-0.033319	0.000000	0.159965	0.002915	2.3
408	-0.031232	0.000000	0.159965	0.001898	2.6
409	-0.035256	0.000000	0.159965	0.002326	2.4
410	-0.033099	0.000000	0.159965	0.001769	2.7
411	-0.033552	0.000000	0.159965	0.004802	2.7
412	-0.033034	1.000000	0.155547	0.003064	2.7
413	-0.031727	2.000000	0.151440	0.002277	3.2
414	-0.035403	1.200000	0.154702	0.001102	2.8
415	-0.033115	0.401657	0.158151	0.002072	2.6
416	-0.030368	0.000000	0.159965	0.002012	2.5
417	-0.031363	0.000000	0.159965	0.002782	2.6
418	-0.028853	0.000000	0.159965	0.002323	3.1
419	-0.036216	0.000000	0.159965	0.004128	3.1
420	-0.033414	0.000000	0.159965	0.004114	3.0
421	-0.034021	0.000000	0.159965	0.002586	2.9
422	-0.034260	0.000000	0.159965	0.002010	3.0
423	-0.033997	0.000000	0.159965	0.002461	2.3
424	-0.029867	0.000000	0.159965	0.002955	2.6
425	-0.032013	0.000000	0.159965	0.003045	2.5
426	-0.032403	0.000000	0.159965	0.000916	2.4
427	-0.034090	0.000000	0.159965	0.002988	2.5
428	-0.035039	0.000000	0.159965	0.003035	2.5
429	-0.035195	0.000000	0.159965	0.002444	2.7
430	-0.034089	0.000000	0.159965	0.002329	3.0
431	-0.032332	0.000000	0.159965	0.001999	2.9
432	-0.035005	0.000000	0.159965	0.004522	2.6
433	-0.036041	0.000000	0.159965	0.003406	2.6
434	-0.036888	0.000000	0.159965	0.002869	2.7
435	-0.031484	0.000000	0.159965	0.003755	2.8
436	-0.031452	0.000000	0.159965	0.003970	2.8
437	-0.031503	0.000000	0.159965	0.003506	3.2
438	-0.036537	0.000000	0.159965	0.001764	3.1
439	-0.035840	0.000000	0.159965	0.003705	3.2
440	-0.032648	0.000000	0.159965	0.001958	3.0
441	-0.035103	0.000000	0.159965	0.003486	3.1
442	-0.034222	0.000000	0.159965	0.002516	3.0
443	-0.030950	0.000000	0.159965	0.002866	3.1
444	-0.031602	0.000000	0.159965	0.001903	3.4
445	-0.031070	0.000000	0.159965	0.002694	3.4
446	-0.034584	0.000000	0.159965	0.003405	3.6
447	-0.032730	0.000000	0.159965	0.003192	3.0
448	-0.032932	0.000000	0.159965	0.001906	3.4
449	-0.033666	0.000000	0.159965	0.002445	3.3
450	-0.030902	0.000000	0.159965	0.002374	3.5
451	-0.033802	0.000000	0.159965	0.002050	3.8
452	-0.031410	0.000000	0.159965	0.003514	3.9
453	-0.029904	0.000000	0.159965	0.001534	3.4
454	-0.036702	0.000000	0.159965	0.003280	3.6
455	-0.034615	0.000000	0.159965	0.004339	3.6
456	-0.033808	0.000000	0.159965	0.003806	3.6
457	-0.034909	0.000000	0.159965	0.002869	3.2
458	-0.031141	0.000000	0.159965	0.002124	3.5
459	-0.030423	0.000000	0.159965	0.002557	3.4
460	-0.036041	0.000000	0.159965	0.002970	3.3
461	-0.038016	0.000000	0.159965	0.003331	4.3
462	-0.031399	0.000000	0.159965	0.002829	3.8
463	-0.035113	0.000000	0.159965	0.003189	3.7
464	-0.030308	0.000000	0.159965	0.001267	3.7
465	-0.035803	0.000000	0.159965	0.003433	3.7
466	-0.034331	0.000000	0.159965	0.002363	3.2
467	-0.033273	0.000000	0.159965	0.003135	4.2
468	-0.032374	1.000000	0.155547	0.001776	3.4
469	-0.033354	0.200000	0.159054	0.003192	3.3
470	-0.037064	0.000000	0.159965	0.001713	2.7
471	-0.035623	0.000000	0.159965	0.002118	3.0
472	-0.032236	0.000000	0.159965	0.002776	3.0
473	-0.032912	0.000000	0.159965	0.003241	2.8
474	-0.037492	0.000000	0.159965	0.003366	3.1
475	-0.033427	0.000000	0.159965	0.002395	2.9
476	-0.033479	0.000000	0.159965	0.002723	3.5
477	-0.032887	0.000000	0.159965	0.002751	2.8
478	-0.033527	0.000000	0.159965	0.002989	3.5
479	-0.035619	1.000000	0.155547	0.002863	2.9
480	-0.031659	0.200000	0.159054	0.002539	3.0
481	-0.034998	0.000000	0.159965	0.002836	2.4
482	-0.035840	0.000000	0.159965	0.004000	2.6
483	-0.032000	1.000000	0.155547	0.001495	2.9
484	-0.032073	0.200000	0.159054	0.002804	3.1
485	-0.031123	0.000000	0.159965	0.002505	3.2
486	-0.032032	0.000000	0.159965	0.002155	2.9
487	-0.035574	0.000000	0.159965	0.002877	3.3
488	-0.034595	0.000000	0.159965	0.002550	3.0
489	-0.029228	0.000000	0.159965	0.003587	2.7
490	-0.034682	0.000000	0.159965	0.004278	2.6
491	-0.031905	0.000000	0.159965	0.004448	2.6
492	-0.033242	0.000000	0.159965	0.003850	2.7
493	-0.033646	0.000000	0.159965	0.003147	2.8
494	-0.033679	1.000000	0.155547	0.003949	2.4
495	-0.035172	0.200000	0.159054	0.003125	2.3
496	-0.029832	0.000000	0.159965	0.002414	2.1
497	-0.035320	0.000000	0.159965	0.003577	2.2
498	-0.034417	0.000000	0.159965	0.002251	2.4
499	-0.033928	0.000000	0.159965	0.002439	2.4
500	-0.030405	0.000000	0.159965	0.006396	2.3
501	-0.033825	0.000000	0.159965	0.002229	2.0
502	-0.035334	0.000000	0.159965	0.003366	2.1
503	-0.032270	0.000000	0.159965	0.003618	2.2
504	-0.033152	0.000000	0.159965	0.003528	2.5
505	-0.029297	0.000000	0.159965	0.002664	2.1
506	-0.031506	0.000000	0.159965	0.003143	2.2
507	-0.028930	0.000000	0.159965	0.002317	2.1
508	-0.030968	0.000000	0.159965	0.002580	2.0
509	-0.030775	1.000000	0.155547	0.002953	2.1
510	-0.035950	0.200000	0.159054	0.002735	2.1
511	-0.034212	0.000000	0.159965	0.003937	2.9
512	-0.031177	0.000000	0.159965	0.005741	2.7
513	-0.033290	0.000000	0.159965	0.003757	2.1
514	-0.032440	0.000000	0.159965	0.002329	2.2
515	-0.036192	1.000000	0.155547	0.004433	2.3
516	-0.031115	2.000000	0.151440	0.001907	2.4
517	-0.034825	1.200000	0.154702	0.004748	2.4
518	-0.032681	0.400000	0.158158	0.002519	2.6
519	-0.034726	0.000000	0.159965	0.005105	2.5
520	-0.032261	0.000000	0.159965	0.002984	2.9
521	-0.033717	0.000000	0.159965	0.002286	2.5
522	-0.030309	0.000000	0.159965	0.003735	3.3
523	-0.031793	0.000000	0.159965	0.004162	3.2
524	-0.033283	0.000000	0.159965	0.003746	2.4
525	-0.036217	0.000000	0.159965	0.003274	2.6
526	-0.034956	0.000000	0.159965	0.003443	2.8
527	-0.032860	0.000000	0.159965	0.004701	2.6
528	-0.031565	0.000000	0.159965	0.002405	3.1
529	-0.036407	0.000000	0.159965	0.003234	2.9
530	-0.030860	0.000000	0.159965	0.003562	2.9
531	-0.031353	0.000000	0.159965	0.002903	3.4
532	-0.034026	0.000000	0.159965	0.002389	2.9
533	-0.034962	0.000000	0.159965	0.002235	2.9
534	-0.028443	0.000000	0.159965	0.002949	2.9
535	-0.031529	0.000000	0.159965	0.002008	3.0
536	-0.033150	0.000000	0.159965	0.003134	3.0
537	-0.033879	0.000000	0.159965	0.003032	3.0
538	-0.034033	0.000000	0.159965	0.003426	2.9
539	-0.037995	0.000000	0.159965	0.001991	2.9
540	-0.033589	0.000000	0.159965	0.003468	2.9
541	-0.035440	0.000000	0.159965	0.002336	2.9
542	-0.039887	0.000000	0.159965	0.003634	3.5
543	-0.036598	0.000000	0.159965	0.004128	3.5
544	-0.034632	0.000000	0.159965	0.003372	3.4
545	-0.037469	0.000000	0.159965	0.005218	3.5
546	-0.031892	0.000000	0.159965	0.003293	3.6
547	-0.035225	0.000000	0.159965	0.002588	3.5
548	-0.032565	0.000000	0.159965	0.004338	3.9
549	-0.032073	0.000000	0.159965	0.002910	4.1
550	-0.037181	0.000000	0.159965	0.004832	3.9
551	-0.032811	0.000000	0.159965	0.002650	4.1
552	-0.033081	0.000000	0.159965	0.001985	3.3
553	-0.032299	0.000000	0.159965	0.003241	4.0
554	-0.034106	0.000000	0.159965	0.002123	3.9
555	-0.032575	0.000000	0.159965	0.001711	3.8
556	-0.034042	0.000000	0.159965	0.001889	3.6
557	-0.035044	0.000000	0.159965	0.002647	4.0
558	-0.031914	0.000000	0.159965	0.003972	4.1
559	-0.032921	0.000000	0.159965	0.003575	3.8
560	-0.033407	0.000000	0.159965	0.002496	3.7
561	-0.034623	0.000000	0.159965	0.002243	3.8
562	-0.028643	0.000000	0.159965	0.002106	3.8
563	-0.032731	0.000000	0.159965	0.002526	3.3
564	-0.032201	0.000000	0.159965	0.002472	3.3
565	-0.035665	0.000000	0.159965	0.002751	3.5
566	-0.031625	0.000000	0.159965	0.003910	3.9
567	-0.032518	1.000000	0.155547	0.003016	3.9
568	-0.038068	0.200000	0.159054	0.004033	3.7
569	-0.033296	0.000000	0.159965	0.001548	3.6
570	-0.031373	0.000000	0.159965	0.002068	3.7
571	-0.033981	0.000000	0.159965	0.001742	3.6
572	-0.032006	0.000000	0.159965	0.002276	3.2
573	-0.033764	0.000000	0.159965	0.003207	3.3
574	-0.033919	0.000000	0.159965	0.002875	3.2
575	-0.031143	0.000000	0.159965	0.002141	3.3
576	-0.035136	0.000000	0.159965	0.001915	4.0
577	-0.033284	1.000000	0.155547	0.002463	4.0
578	-0.032919	2.000000	0.151440	0.003051	3.7
579	-0.033647	1.200000	0.154702	0.003074	3.2
580	-0.034344	0.400000	0.158158	0.005324	3.3
581	-0.031794	0.000000	0.159965	0.003657	4.4
582	-0.034117	0.000000	0.159965	0.003340	4.0
583	-0.035096	0.000000	0.159965	0.002844	3.3
584	-0.032707	0.000000	0.159965	0.003329	3.5
585	-0.036410	0.000000	0.159965	0.004536	4.5
586	-0.031785	0.000000	0.159965	0.002740	4.1
587	-0.032104	0.000000	0.159965	0.003616	4.0
588	-0.033112	0.000000	0.159965	0.003194	4.0
589	-0.036119	0.000000	0.159965	0.002921	3.5
590	-0.030629	0.000000	0.159965	0.001955	3.7
591	-0.035393	0.000000	0.159965	0.002282	3.8
592	-0.037003	0.000000	0.159965	0.002305	4.3
593	-0.033544	0.000000	0.159965	0.003056	4.2
594	-0.034874	0.000000	0.159965	0.003277	4.1
595	-0.036781	0.000000	0.159965	0.002258	4.1
596	-0.037375	0.000000	0.159965	0.003001	4.1
597	-0.032352	0.000000	0.159965	0.002485	3.8
598	-0.032610	0.000000	0.159965	0.005397	4.0
599	-0.033049	0.000000	0.159965	0.001510	3.4
600	-0.034157	1.000000	0.155547	0.002506	3.7
601	-0.032468	0.200000	0.159054	0.002025	3.8
602	-0.029286	0.000000	0.159965	0.001793	4.3
603	-0.034056	0.000000	0.159965	0.003254	4.1
604	-0.035648	0.000000	0.159965	0.002634	5.1
605	-0.033505	1.000000	0.155547	0.004522	3.6
606	-0.031566	0.200000	0.159054	0.002029	4.0
607	-0.031571	0.000000	0.159965	0.002765	3.7
608	-0.031534	0.000000	0.159965	0.002129	3.7
609	-0.032885	1.000000	0.155547	0.002325	4.4
610	-0.035610	0.308472	0.158567	0.002273	3.6
611	-0.034115	0.000000	0.159965	0.002340	3.9
612	-0.032123	1.000000	0.155547	0.006081	4.1
613	-0.033894	0.200000	0.159054	0.003367	3.5
614	-0.034479	0.000000	0.159965	0.003262	3.8
615	-0.033666	0.000000	0.159965	0.002906	3.8
616	-0.033903	0.000000	0.159965	0.003424	3.3
617	-0.035321	0.000000	0.159965	0.001842	3.5
618	-0.032738	0.000000	0.159965	0.002456	3.6
619	-0.033621	0.000000	0.159965	0.003915	3.9
620	-0.036732	0.000000	0.159965	0.003519	4.0
621	-0.031894	0.000000	0.159965	0.002257	4.0
622	-0.036870	0.000000	0.159965	0.002909	4.1
623	-0.034072	0.000000	0.159965	0.003478	4.1
624	-0.031484	0.000000	0.159965	0.003196	3.9
625	-0.031685	0.000000	0.159965	0.003911	3.7
626	-0.036128	0.000000	0.159965	0.002981	3.8
627	-0.033786	0.000000	0.159965	0.002846	4.3
628	-0.036798	0.000000	0.159965	0.003635	4.3
629	-0.030331	0.000000	0.159965	0.002434	4.3
630	-0.033925	0.000000	0.159965	0.001876	4.0
631	-0.030924	0.000000	0.159965	0.002248	4.0
632	-0.034540	0.000000	0.159965	0.002658	3.8
633	-0.035468	0.000000	0.159965	0.002826	3.7
634	-0.031589	0.000000	0.159965	0.003197	4.0
635	-0.033536	0.000000	0.159965	0.001699	3.8
636	-0.036351	0.000000	0.159965	0.004540	4.2
637	-0.032784	0.000000	0.159965	0.001853	3.7
638	-0.033133	0.000000	0.159965	0.004508	3.6
639	-0.034144	0.000000	0.159965	0.001644	4.1
640	-0.035149	0.000000	0.159965	0.002915	4.1
641	-0.030442	0.000000	0.159965	0.002200	3.5
642	-0.033447	0.000000	0.159965	0.003764	4.0
643	-0.033161	0.000000	0.159965	0.002703	3.9
644	-0.033764	0.000000	0.159965	0.004273	3.9
645	-0.031835	0.000000	0.159965	0.002042	3.9
646	-0.033028	0.000000	0.159965	0.003167	3.7
647	-0.035733	0.000000	0.159965	0.003414	3.6
648	-0.032637	0.000000	0.159965	0.003638	3.6
649	-0.032840	0.000000	0.159965	0.003322	3.6
650	-0.037363	0.000000	0.159965	0.004315	3.6
651	-0.031717	1.000000	0.155547	0.003024	3.6
652	-0.036748	0.200000	0.159054	0.002403	3.9
653	-0.034452	0.000000	0.159965	0.004161	3.3
654	-0.035498	0.000000	0.159965	0.002712	3.7
655	-0.030599	0.000000	0.159965	0.002007	3.4
656	-0.039286	0.000000	0.159965	0.001733	3.2
657	-0.034793	0.000000	0.159965	0.003572	3.3
658	-0.036558	0.000000	0.159965	0.003051	3.7
659	-0.032334	0.000000	0.159965	0.003407	3.8
660	-0.031480	0.000000	0.159965	0.002758	3.8
661	-0.031906	0.000000	0.159965	0.002521	5.0
662	-0.033815	0.000000	0.159965	0.003658	4.7
663	-0.033918	0.000000	0.159965	0.003044	3.5
664	-0.034119	0.000000	0.159965	0.002991	3.4
665	-0.034934	0.000000	0.159965	0.004437	3.4
666	-0.036666	0.000000	0.159965	0.003068	3.8
667	-0.030855	0.000000	0.159965	0.002276	3.4
668	-0.030207	0.000000	0.159965	0.002673	4.6
669	-0.034389	0.000000	0.159965	0.003495	3.5
670	-0.035445	0.000000	0.159965	0.003969	3.5
671	-0.036744	0.000000	0.159965	0.003139	3.3
672	-0.034386	0.000000	0.159965	0.003264	3.5
673	-0.032827	0.000000	0.159965	0.004528	3.3
674	-0.034217	0.000000	0.159965	0.002883	3.4
675	-0.034184	0.000000	0.159965	0.004300	3.1
676	-0.031029	0.000000	0.159965	0.002153	3.1
677	-0.032952	0.000000	0.159965	0.004923	3.1
678	-0.032016	0.000000	0.159965	0.002383	3.1
679	-0.031292	0.000000	0.159965	0.004981	3.0
680	-0.033067	0.000000	0.159965	0.002872	2.9
681	-0.030323	0.000000	0.159965	0.005503	3.0
682	-0.034821	0.000000	0.159965	0.004323	2.9
683	-0.035534	0.000000	0.159965	0.003031	2.9
684	-0.036995	0.000000	0.159965	0.002509	2.8
685	-0.032422	0.000000	0.159965	0.003612	2.8
686	-0.033277	0.000000	0.159965	0.002252	2.9
687	-0.032385	0.000000	0.159965	0.004713	2.9
688	-0.033201	0.000000	0.159965	0.003428	2.8
689	-0.033220	0.000000	0.159965	0.002286	3.1
690	-0.034344	0.000000	0.159965	0.002058	3.0
691	-0.032204	0.000000	0.159965	0.004266	3.1
692	-0.031212	0.000000	0.159965	0.001119	3.1
693	-0.036140	0.000000	0.159965	0.001896	3.2
694	-0.032767	0.000000	0.159965	0.002157	3.5
695	-0.030108	0.000000	0.159965	0.001981	3.1
696	-0.030506	0.000000	0.159965	0.003081	3.2
697	-0.037615	0.000000	0.159965	0.001860	3.0
698	-0.029366	0.000000	0.159965	0.001596	2.9
699	-0.034468	0.000000	0.159965	0.002631	2.8
700	-0.033546	0.000000	0.159965	0.002755	3.1
701	-0.034323	0.000000	0.159965	0.003320	3.0
702	-0.032801	0.000000	0.159965	0.002949	3.3
703	-0.035715	0.000000	0.159965	0.001811	3.2
704	-0.031107	0.000000	0.159965	0.003394	3.9
705	-0.033106	0.000000	0.159965	0.002628	3.5
706	-0.035366	0.000000	0.159965	0.003545	2.9
707	-0.032902	0.000000	0.159965	0.004308	3.1
708	-0.036420	0.000000	0.159965	0.004648	2.9
709	-0.031330	0.000000	0.159965	0.001829	2.8
710	-0.032190	0.000000	0.159965	0.002289	2.8
711	-0.032903	0.000000	0.159965	0.003407	3.0
712	-0.030018	0.000000	0.159965	0.002562	3.0
713	-0.034743	0.000000	0.159965	0.003139	2.9
714	-0.034077	0.000000	0.159965	0.006122	2.9
715	-0.032291	0.000000	0.159965	0.003155	3.1
716	-0.035803	0.000000	0.159965	0.003104	3.0
717	-0.031237	0.000000	0.159965	0.002014	3.3
718	-0.032651	0.000000	0.159965	0.002197	3.1
719	-0.031211	0.000000	0.159965	0.001848	3.1
720	-0.036359	0.000000	0.159965	0.002964	3.2
721	-0.031623	0.000000	0.159965	0.002371	3.5
722	-0.032816	0.000000	0.159965	0.002306	3.2
723	-0.031167	0.000000	0.159965	0.002364	3.6
724	-0.031305	0.000000	0.159965	0.001955	3.6
725	-0.032260	0.000000	0.159965	0.002936	3.2
726	-0.036268	1.000000	0.155547	0.004046	3.4
727	-0.031795	2.000000	0.151440	0.002571	3.6
728	-0.032420	1.200000	0.154702	0.003316	3.2
729	-0.032852	0.400000	0.158158	0.001927	3.7
730	-0.029037	0.000000	0.159965	0.002942	3.7
731	-0.033211	0.000000	0.159965	0.004112	3.8
732	-0.033015	0.000000	0.159965	0.003131	3.3
733	-0.030096	0.000000	0.159965	0.002703	4.1
734	-0.032002	1.000000	0.155547	0.002020	4.1
735	-0.033016	0.200000	0.159054	0.002748	4.2
736	-0.030749	0.000000	0.159965	0.002622	3.4
737	-0.031066	0.000000	0.159965	0.001791	3.4
738	-0.032535	0.000000	0.159965	0.001989	3.7
739	-0.030580	0.000000	0.159965	0.002248	3.7
740	-0.030741	0.000000	0.159965	0.003137	3.8
741	-0.031349	0.000000	0.159965	0.002923	4.0
742	-0.031544	0.000000	0.159965	0.002498	3.8
743	-0.026289	0.000000	0.159965	0.001963	3.7
744	-0.030289	0.000000	0.159965	0.004120	3.7
745	-0.028855	0.000000	0.159965	0.002715	4.0
746	-0.033189	0.000000	0.159965	0.003068	3.9
747	-0.035836	0.000000	0.159965	0.003063	3.8
748	-0.035130	0.000000	0.159965	0.002640	3.9
749	-0.033357	0.000000	0.159965	0.003062	3.9
750	-0.037810	0.000000	0.159965	0.003000	3.7
751	-0.033211	0.000000	0.159965	0.002044	3.6
752	-0.036327	0.000000	0.159965	0.003453	3.5
753	-0.031955	0.000000	0.159965	0.002989	3.6
754	-0.034583	0.000000	0.159965	0.003304	3.7
755	-0.035386	0.000000	0.159965	0.001624	3.7
756	-0.033122	0.000000	0.159965	0.002895	4.1
757	-0.034962	0.000000	0.159965	0.002487	3.6
758	-0.035087	0.000000	0.159965	0.003739	4.0
759	-0.033058	0.000000	0.159965	0.001713	4.1
760	-0.028228	0.000000	0.159965	0.003214	3.5
761	-0.032050	0.000000	0.159965	0.003785	3.6
762	-0.033427	0.000000	0.159965	0.003826	3.5
763	-0.036118	0.000000	0.159965	0.002862	3.4
764	-0.035910	0.000000	0.159965	0.003275	3.9
765	-0.032719	0.000000	0.159965	0.002194	3.7
766	-0.029680	0.000000	0.159965	0.002306	3.5
767	-0.032765	0.000000	0.159965	0.001265	3.9
768	-0.034509	0.000000	0.159965	0.003483	3.9
769	-0.036547	1.000000	0.155547	0.002600	4.0
770	-0.033635	0.200000	0.159054	0.003230	4.0
771	-0.036008	0.000000	0.159965	0.004444	3.2
772	-0.030753	0.000000	0.159965	0.002979	3.6
773	-0.034644	0.000000	0.159965	0.004433	3.9
774	-0.036600	0.000000	0.159965	0.002336	3.9
775	-0.031659	0.000000	0.159965	0.003782	3.9
776	-0.038060	0.000000	0.159965	0.003843	4.0
777	-0.036882	0.000000	0.159965	0.003252	3.6
778	-0.033265	0.000000	0.159965	0.003045	3.9
779	-0.035018	0.000000	0.159965	0.003785	3.7
780	-0.033007	0.000000	0.159965	0.002664	3.4
781	-0.032925	0.000000	0.159965	0.002924	3.6
782	-0.030272	0.000000	0.159965	0.003988	3.9
783	-0.034367	0.000000	0.159965	0.002423	3.9
784	-0.031818	0.000000	0.159965	0.002541	3.6
785	-0.036559	0.000000	0.159965	0.005101	4.2
786	-0.032931	0.000000	0.159965	0.002344	3.7
787	-0.031793	0.000000	0.159965	0.003248	3.6
788	-0.034933	0.000000	0.159965	0.002760	3.4
789	-0.036574	0.000000	0.159965	0.002193	3.8
790	-0.034722	0.000000	0.159965	0.002105	4.1
791	-0.036504	0.000000	0.159965	0.004740	4.2
792	-0.035422	0.000000	0.159965	0.003001	4.2
793	-0.031721	0.000000	0.159965	0.004268	4.1
794	-0.031718	0.000000	0.159965	0.002387	4.2
795	-0.036368	0.000000	0.159965	0.002923	4.1
796	-0.034275	0.000000	0.159965	0.003150	3.4
797	-0.033623	1.000000	0.155547	0.002015	4.1
798	-0.036002	0.200000	0.159054	0.002167	3.5
799	-0.034714	0.000000	0.159965	0.003064	3.6
800	-0.036422	0.000000	0.159965	0.001879	3.9
801	-0.032381	0.000000	0.159965	0.003458	3.5
802	-0.033034	0.000000	0.159965	0.004924	3.8
803	-0.033100	0.000000	0.159965	0.003197	4.0
804	-0.031287	0.000000	0.159965	0.002599	3.9
805	-0.031411	0.000000	0.159965	0.004718	3.9
806	-0.034151	0.000000	0.159965	0.003696	4.0
807	-0.035231	0.000000	0.159965	0.002809	3.9
808	-0.032799	0.000000	0.159965	0.002203	4.2
809	-0.032278	0.000000	0.159965	0.002163	3.8
810	-0.036369	0.000000	0.159965	0.003769	3.8
811	-0.031372	1.000000	0.155547	0.002781	3.9
812	-0.033347	0.200000	0.159054	0.002093	4.2
813	-0.031126	0.000000	0.159965	0.003708	3.8
814	-0.033509	0.000000	0.159965	0.001891	3.7
815	-0.036128	1.000000	0.155547	0.001610	4.1
816	-0.035276	0.200000	0.159054	0.001307	4.3
817	-0.032373	0.000000	0.159965	0.003564	3.6
818	-0.032482	0.000000	0.159965	0.004269	3.7
819	-0.033784	0.000000	0.159965	0.002544	3.8
820	-0.034923	0.000000	0.159965	0.002957	4.0
821	-0.033032	0.000000	0.159965	0.003162	4.0
822	-0.036370	1.000000	0.155547	0.003787	4.6
823	-0.029422	2.000000	0.151440	0.002065	4.0
824	-0.030256	1.200000	0.154702	0.001926	4.1
825	-0.030143	2.200000	0.150652	0.003143	3.9
826	-0.034746	1.400000	0.153869	0.003521	4.0
827	-0.033461	0.600000	0.157275	0.003618	3.7
828	-0.032219	0.000000	0.159965	0.003371	4.1
829	-0.032460	0.000000	0.159965	0.003049	3.8
830	-0.032654	0.000000	0.159965	0.001850	3.8
831	-0.031688	1.000000	0.155547	0.002420	3.4
832	-0.034806	0.200000	0.159054	0.004042	3.6
833	-0.030976	0.000000	0.159965	0.002562	3.6
834	-0.034390	0.000000	0.159965	0.002515	3.9
835	-0.036681	0.000000	0.159965	0.001831	3.2
836	-0.031391	0.000000	0.159965	0.002113	3.5
837	-0.032585	0.000000	0.159965	0.002753	3.9
838	-0.033575	0.000000	0.159965	0.002766	3.8
839	-0.037178	0.000000	0.159965	0.002896	3.2
840	-0.032902	0.000000	0.159965	0.006170	3.8
841	-0.032641	1.000000	0.155547	0.005632	3.8
842	-0.035498	0.200000	0.159054	0.001947	4.0
843	-0.034025	0.000000	0.159965	0.003348	3.3
844	-0.034639	0.000000	0.159965	0.004271	3.1
845	-0.030538	1.000000	0.155547	0.002750	3.4
846	-0.030167	2.000000	0.151440	0.003275	3.3
847	-0.035351	1.200000	0.154702	0.001651	3.5
848	-0.031191	0.400000	0.158158	0.002481	3.7
849	-0.034816	0.000000	0.159965	0.003373	3.6
850	-0.035194	0.000000	0.159965	0.003278	3.7
851	-0.030985	0.000000	0.159965	0.001694	3.9
852	-0.031931	0.000000	0.159965	0.003049	3.7
853	-0.037554	0.000000	0.159965	0.004584	3.4
854	-0.032055	0.000000	0.159965	0.003417	3.3
855	-0.038886	0.000000	0.159965	0.005040	3.2
856	-0.033566	0.000000	0.159965	0.002970	3.5
857	-0.030402	0.000000	0.159965	0.004187	3.7
858	-0.033844	0.000000	0.159965	0.003688	3.3
859	-0.032853	0.000000	0.159965	0.002659	3.4
860	-0.032607	1.000000	0.155547	0.003830	3.3
861	-0.034574	2.000000	0.151440	0.001877	3.3
862	-0.034744	1.200000	0.154702	0.003295	3.0
863	-0.030788	0.400000	0.158158	0.005649	3.0
864	-0.034270	0.000000	0.159965	0.003561	3.1
865	-0.034891	0.000000	0.159965	0.002833	3.1
866	-0.032243	0.000000	0.159965	0.003857	3.6
867	-0.033491	0.000000	0.159965	0.004281	3.3
868	-0.035893	0.000000	0.159965	0.004227	3.5
869	-0.036510	0.000000	0.159965	0.003836	3.5
870	-0.035045	0.000000	0.159965	0.002607	3.5
871	-0.031633	0.000000	0.159965	0.003542	3.6
872	-0.034960	0.000000	0.159965	0.003047	3.6
873	-0.034235	0.000000	0.159965	0.003173	3.5
874	-0.036592	0.000000	0.159965	0.003490	3.3
875	-0.035702	0.000000	0.159965	0.002155	3.4
876	-0.032772	0.000000	0.159965	0.001357	3.3
877	-0.031635	0.999464	0.155549	0.004059	3.4
878	-0.033865	0.199464	0.159057	0.002013	3.5
879	-0.034938	0.000000	0.159965	0.002132	4.1
880	-0.034025	0.000000	0.159965	0.004487	4.1
881	-0.036023	0.000000	0.159965	0.002140	3.7
882	-0.034202	0.000000	0.159965	0.002644	3.9
883	-0.036402	1.000000	0.155547	0.003032	3.2
884	-0.037492	0.200000	0.159054	0.002350	3.5
885	-0.030756	0.000000	0.159965	0.002568	3.8
886	-0.034840	0.000000	0.159965	0.003705	4.0
887	-0.033822	0.000000	0.159965	0.002391	3.7
888	-0.032612	0.000000	0.159965	0.002206	3.7
889	-0.036129	0.000000	0.159965	0.003455	3.9
890	-0.034709	0.000000	0.159965	0.003977	3.9
891	-0.032146	0.000000	0.159965	0.003561	3.4
892	-0.032475	0.000000	0.159965	0.002094	3.4
893	-0.029514	0.000000	0.159965	0.002805	4.0
894	-0.035418	0.000000	0.159965	0.003573	3.2
895	-0.034509	0.000000	0.159965	0.002244	3.3
896	-0.032248	0.000000	0.159965	0.003891	3.4
897	-0.031492	0.000000	0.159965	0.002227	4.1
898	-0.031808	0.000000	0.159965	0.003090	4.0
899	-0.035724	0.000000	0.159965	0.003201	4.2
900	-0.033909	0.000000	0.159965	0.001849	3.6
901	-0.031778	0.000000	0.159965	0.002293	3.5
902	-0.032400	0.000000	0.159965	0.003148	3.9
903	-0.030755	0.000000	0.159965	0.002523	4.2
904	-0.034114	0.000000	0.159965	0.001513	4.1
905	-0.034970	0.000000	0.159965	0.003006	4.0
906	-0.034115	0.000000	0.159965	0.002384	3.8
907	-0.033875	0.000000	0.159965	0.004304	4.1
908	-0.036950	0.000000	0.159965	0.003405	3.5
909	-0.033658	0.000000	0.159965	0.002503	3.7
910	-0.034929	0.000000	0.159965	0.002742	3.9
911	-0.036418	0.000000	0.159965	0.002643	4.2
912	-0.034824	0.000000	0.159965	0.003773	4.2
913	-0.033028	0.000000	0.159965	0.002514	4.1
914	-0.034177	0.000000	0.159965	0.004014	4.0
915	-0.033034	0.000000	0.159965	0.003346	4.4
916	-0.031455	0.000000	0.159965	0.003130	4.2
917	-0.033464	0.000000	0.159965	0.002442	4.2
918	-0.033223	0.000000	0.159965	0.003556	4.0
919	-0.034673	0.000000	0.159965	0.003136	3.6
920	-0.034637	0.000000	0.159965	0.002939	3.7
921	-0.030418	0.000000	0.159965	0.004924	3.8
922	-0.033641	0.000000	0.159965	0.002653	3.6
923	-0.033156	0.000000	0.159965	0.002156	4.3
924	-0.031243	0.000000	0.159965	0.003674	4.0
925	-0.036221	0.000000	0.159965	0.002630	3.5
926	-0.033701	0.000000	0.159965	0.003105	3.7
927	-0.037507	0.000000	0.159965	0.002078	3.5
928	-0.033861	0.000000	0.159965	0.001344	3.7
929	-0.032693	0.000000	0.159965	0.004025	3.9
930	-0.032920	0.000000	0.159965	0.001749	3.6
931	-0.032775	0.000000	0.159965	0.002006	3.6
932	-0.031233	0.000000	0.159965	0.002087	3.6
933	-0.035555	0.000000	0.159965	0.002874	3.4
934	-0.032816	0.000000	0.159965	0.003129	3.9
935	-0.031906	0.000000	0.159965	0.002219	4.1
936	-0.032290	0.000000	0.159965	0.006079	4.4
937	-0.035493	0.000000	0.159965	0.002431	3.6
938	-0.033083	0.000000	0.159965	0.001784	3.6
939	-0.030923	0.000000	0.159965	0.003092	3.6
940	-0.030719	0.000000	0.159965	0.003165	3.7
941	-0.031044	0.000000	0.159965	0.001992	3.4
942	-0.030475	1.000000	0.155547	0.005163	3.4
943	-0.036175	2.000000	0.151440	0.003038	3.6
944	-0.033389	1.200000	0.154702	0.001611	3.3
945	-0.033442	0.400000	0.158158	0.002609	3.6
946	-0.032709	0.000000	0.159965	0.004156	4.1
947	-0.036563	0.000000	0.159965	0.003369	3.5
948	-0.033629	1.000000	0.155547	0.002413	3.4
949	-0.034944	0.200000	0.159054	0.002590	3.7
950	-0.030975	0.000000	0.159965	0.004063	3.9
951	-0.035863	0.000000	0.159965	0.002807	4.1
952	-0.037239	0.000000	0.159965	0.003435	3.8
953	-0.037733	0.000000	0.159965	0.004706	3.9
954	-0.032907	0.000000	0.159965	0.002458	3.9
955	-0.031468	0.000000	0.159965	0.002418	4.1
956	-0.037351	0.000000	0.159965	0.003829	3.8
957	-0.033296	0.000000	0.159965	0.002523	4.2
958	-0.035257	1.000000	0.155547	0.003425	4.4
959	-0.037626	0.200000	0.159054	0.002765	4.3
960	-0.030630	0.000000	0.159965	0.002861	4.1
961	-0.038253	0.000000	0.159965	0.003526	3.5
962	-0.032459	0.000000	0.159965	0.003184	4.0
963	-0.034803	0.000000	0.159965	0.004240	3.9
964	-0.032862	0.000000	0.159965	0.001351	3.9
965	-0.035807	0.000000	0.159965	0.002749	4.1
966	-0.037349	0.000000	0.159965	0.002122	3.3
967	-0.034455	0.000000	0.159965	0.004967	3.6
968	-0.030036	0.000000	0.159965	0.001575	3.3
969	-0.031831	0.000000	0.159965	0.003753	3.4
970	-0.036584	0.000000	0.159965	0.004196	4.1
971	-0.034341	0.000000	0.159965	0.002644	3.4
972	-0.030945	0.000000	0.159965	0.002396	3.4
973	-0.034093	0.000000	0.159965	0.003114	4.1
974	-0.032224	0.000000	0.159965	0.004704	4.2
975	-0.035865	0.000000	0.159965	0.004675	4.0
976	-0.033874	0.000000	0.159965	0.002451	4.1
977	-0.032902	0.000000	0.159965	0.002331	3.8
978	-0.034657	0.000000	0.159965	0.002613	4.3
979	-0.034894	0.000000	0.159965	0.003764	3.5
980	-0.033158	0.000000	0.159965	0.003385	3.5
981	-0.034212	0.000000	0.159965	0.003403	3.3
982	-0.035231	1.000000	0.155547	0.003291	3.3
983	-0.033588	0.200000	0.159054	0.002777	3.1
984	-0.036662	0.000000	0.159965	0.003109	3.5
985	-0.037214	0.000000	0.159965	0.002523	3.7
986	-0.031242	0.000000	0.159965	0.002957	3.3
987	-0.033340	0.000000	0.159965	0.002242	3.4
988	-0.036561	0.000000	0.159965	0.002581	3.9
989	-0.033012	0.000000	0.159965	0.002886	4.1
990	-0.031742	0.000000	0.159965	0.002541	3.9
991	-0.032614	0.000000	0.159965	0.001029	3.4
992	-0.033359	0.000000	0.159965	0.004172	3.6
993	-0.035833	0.000000	0.159965	0.002807	4.0
994	-0.033974	0.000000	0.159965	0.003261	3.9
995	-0.031937	0.000000	0.159965	0.001960	3.5
996	-0.032177	0.000000	0.159965	0.003110	4.2
997	-0.034203	0.000000	0.159965	0.001616	4.1
998	-0.037819	0.000000	0.159965	0.003806	3.4
999	-0.034988	0.000000	0.159965	0.002446	4.1
