1:ItNr	2:Metric	3a:Time	3b:StepSize	4:||Gradient||	Time[ms]
0	-0.021679	0.000000	0.159965	0.004362	17.2
1	-0.024941	0.000000	0.159965	0.003603	5.0
2	-0.022415	0.000000	0.159965	0.001866	4.9
3	-0.021419	0.000000	0.159965	0.001036	4.8
4	-0.025277	0.000000	0.159965	0.002291	4.9
5	-0.022637	1.000000	0.155547	0.005166	5.1
6	-0.021303	0.200000	0.159054	0.001930	5.5
7	-0.024303	1.200000	0.154702	0.004890	5.6
8	-0.022125	2.200000	0.150652	0.003219	5.2
9	-0.026018	1.400000	0.153869	0.004266	5.7
10	-0.024969	0.600000	0.157275	0.003010	5.6
11	-0.024261	0.000000	0.159965	0.001820	5.3
12	-0.021912	0.000000	0.159965	0.001638	5.2
13	-0.021456	0.000000	0.159965	0.003389	4.3
14	-0.023228	0.000000	0.159965	0.002972	5.3
15	-0.021913	0.000000	0.159965	0.001619	4.8
16	-0.024781	0.000000	0.159965	0.002182	3.9
17	-0.023528	0.000000	0.159965	0.001497	4.5
18	-0.026952	1.000000	0.155547	0.003227	4.4
19	-0.022947	0.200000	0.159054	0.002351	4.6
20	-0.022935	0.000000	0.159965	0.002808	4.6
21	-0.022302	0.000000	0.159965	0.002671	4.5
22	-0.022978	0.000000	0.159965	0.002130	4.7
23	-0.025140	0.000000	0.159965	0.002553	4.3
24	-0.024974	0.656285	0.157028	0.003446	4.4
25	-0.020788	0.000000	0.159965	0.002735	4.5
26	-0.024865	0.000000	0.159965	0.002702	3.9
27	-0.026375	0.000000	0.159965	0.003118	5.6
28	-0.022184	0.000000	0.159965	0.002408	4.5
29	-0.025153	0.000000	0.159965	0.001238	4.5
30	-0.023672	0.000000	0.159965	0.001998	4.5
31	-0.024277	0.000000	0.159965	0.003568	4.5
32	-0.022081	0.000000	0.159965	0.001455	5.4
33	-0.021815	0.000000	0.159965	0.003589	4.2
34	-0.022746	0.000000	0.159965	0.002796	4.3
35	-0.023496	0.000000	0.159965	0.002880	4.4
36	-0.022126	0.000000	0.159965	0.001963	4.7
37	-0.023134	0.000000	0.159965	0.002911	4.2
38	-0.022251	0.000000	0.159965	0.002812	4.2
39	-0.022705	0.000000	0.159965	0.003677	4.3
40	-0.024819	1.000000	0.155547	0.002694	3.8
41	-0.021253	0.200000	0.159054	0.003503	3.8
42	-0.022778	0.000000	0.159965	0.002880	3.8
43	-0.024185	0.000000	0.159965	0.002752	3.7
44	-0.021697	0.000000	0.159965	0.001337	4.4
45	-0.022532	0.000000	0.159965	0.001375	3.1
46	-0.023530	1.000000	0.155547	0.002945	3.0
47	-0.023289	0.200000	0.159054	0.004600	3.1
48	-0.022333	0.000000	0.159965	0.003363	4.1
49	-0.021873	0.000000	0.159965	0.003302	4.0
50	-0.024215	0.000000	0.159965	0.002891	4.0
51	-0.021398	0.000000	0.159965	0.003204	3.8
52	-0.023449	1.000000	0.155547	0.000994	4.0
53	-0.024925	2.000000	0.151440	0.001361	4.2
54	-0.027475	1.200001	0.154702	0.002739	4.2
55	-0.021986	0.400001	0.158158	0.002144	4.4
56	-0.021305	0.000000	0.159965	0.003118	4.2
57	-0.023935	1.000000	0.155547	0.002681	4.2
58	-0.025501	0.200000	0.159054	0.002148	3.9
59	-0.024622	0.000000	0.159965	0.004109	4.9
60	-0.023081	0.000000	0.159965	0.003572	5.2
61	-0.022216	0.000000	0.159965	0.002891	4.0
62	-0.023376	0.000000	0.159965	0.003162	4.4
63	-0.021112	1.000000	0.155547	0.001655	4.2
64	-0.024921	2.000000	0.151440	0.001299	3.5
65	-0.021327	1.200000	0.154702	0.004845	4.3
66	-0.022434	2.198477	0.150658	0.002220	5.0
67	-0.026715	3.198477	0.146879	0.003272	4.0
68	-0.019797	2.398477	0.149882	0.001427	4.2
69	-0.023135	1.598477	0.153054	0.002199	4.1
70	-0.023213	0.798477	0.156411	0.002249	4.0
71	-0.021153	0.000000	0.159965	0.004165	4.4
72	-0.021821	0.000000	0.159965	0.001918	4.4
73	-0.025241	0.000000	0.159965	0.001422	3.7
74	-0.021429	0.999994	0.155547	0.004138	4.2
75	-0.023093	0.199994	0.159054	0.003205	4.1
76	-0.020384	0.000000	0.159965	0.002287	4.3
77	-0.021377	1.000000	0.155547	0.001832	5.6
78	-0.022582	2.000000	0.151440	0.003688	4.9
79	-0.025893	1.200000	0.154702	0.003448	4.8
80	-0.026455	2.200000	0.150652	0.006403	4.9
81	-0.020336	1.400000	0.153869	0.001293	4.7
82	-0.022164	0.600000	0.157275	0.002302	4.5
83	-0.022925	0.000000	0.159965	0.001483	4.4
84	-0.023699	0.000000	0.159965	0.001515	4.3
85	-0.022295	0.000000	0.159965	0.001846	4.1
86	-0.022210	0.000000	0.159965	0.002359	4.1
87	-0.020912	0.000000	0.159965	0.002057	4.1
88	-0.022384	1.000000	0.155547	0.002333	3.9
89	-0.024402	0.200000	0.159054	0.002930	4.0
90	-0.023807	0.000000	0.159965	0.003185	4.7
91	-0.021368	0.000000	0.159965	0.001840	4.8
92	-0.021717	0.000000	0.159965	0.001684	5.0
93	-0.022583	0.000000	0.159965	0.002298	5.1
94	-0.020319	1.000000	0.155547	0.004374	5.1
95	-0.023292	2.000000	0.151440	0.002421	5.3
96	-0.024671	3.000000	0.147609	0.003419	5.1
97	-0.021185	2.200000	0.150652	0.004358	5.1
98	-0.021795	1.400000	0.153869	0.002757	5.3
99	-0.024122	0.600000	0.157275	0.002651	5.0
100	-0.021846	0.000000	0.159965	0.002080	5.4
101	-0.021608	0.000000	0.159965	0.002157	5.5
102	-0.024404	0.000000	0.159965	0.003967	5.5
103	-0.021524	1.000000	0.155547	0.004246	5.7
104	-0.022712	0.200000	0.159054	0.003373	5.7
105	-0.024468	1.200000	0.154702	0.003293	5.7
106	-0.023846	0.400000	0.158158	0.002408	6.0
107	-0.023125	0.000000	0.159965	0.001086	5.2
108	-0.020622	1.000000	0.155547	0.003018	5.6
109	-0.022510	0.200000	0.159054	0.003324	5.5
110	-0.022688	0.000000	0.159965	0.001286	5.6
111	-0.021324	0.000000	0.159965	0.001720	5.3
112	-0.024957	0.000000	0.159965	0.004666	5.3
113	-0.024497	0.000000	0.159965	0.002135	5.5
114	-0.020498	0.000000	0.159965	0.002165	5.0
115	-0.022314	0.000000	0.159965	0.004647	5.0
116	-0.022348	0.000000	0.159965	0.002064	4.9
117	-0.021741	0.000000	0.159965	0.003857	5.3
118	-0.024140	0.000000	0.159965	0.002188	4.4
119	-0.021583	0.000000	0.159965	0.002098	4.3
120	-0.022940	0.000000	0.159965	0.003226	4.9
121	-0.022895	0.000000	0.159965	0.002181	4.7
122	-0.022306	0.000000	0.159965	0.001138	4.3
123	-0.022826	0.815397	0.156338	0.003963	4.7
124	-0.021524	0.015397	0.159894	0.000797	4.2
125	-0.025397	0.000000	0.159965	0.003849	4.1
126	-0.021379	0.000000	0.159965	0.003387	4.8
127	-0.023886	0.000000	0.159965	0.002791	4.3
128	-0.022898	0.000000	0.159965	0.002833	4.6
129	-0.023561	0.000000	0.159965	0.002313	4.9
130	-0.021612	1.000000	0.155547	0.001758	4.5
131	-0.020171	0.200000	0.159054	0.002420	4.3
132	-0.024286	0.000000	0.159965	0.001885	4.4
133	-0.025108	1.000000	0.155547	0.002052	4.8
134	-0.023808	0.200000	0.159054	0.001251	4.4
135	-0.024569	0.000000	0.159965	0.002148	4.5
136	-0.023544	0.000000	0.159965	0.003725	4.8
137	-0.021658	1.000000	0.155547	0.001799	4.7
138	-0.023159	0.200000	0.159054	0.001910	4.7
139	-0.024263	0.000000	0.159965	0.003281	4.2
140	-0.026461	0.000000	0.159965	0.004492	4.4
141	-0.022462	0.000000	0.159965	0.002915	4.3
142	-0.023218	0.000000	0.159965	0.003415	4.9
143	-0.025199	0.000000	0.159965	0.004242	4.3
144	-0.022621	0.000000	0.159965	0.005200	5.0
145	-0.021671	1.000000	0.155547	0.003985	4.7
146	-0.022621	2.000000	0.151440	0.001008	4.9
147	-0.022827	3.000000	0.147609	0.003420	5.0
148	-0.021734	2.200000	0.150652	0.001740	4.2
149	-0.020379	1.400000	0.153869	0.003792	4.7
150	-0.023629	0.600000	0.157275	0.002857	4.7
151	-0.019579	0.000000	0.159965	0.001407	4.5
152	-0.023048	0.000000	0.159965	0.003995	4.2
153	-0.024527	1.000000	0.155547	0.001035	4.2
154	-0.022202	0.200000	0.159054	0.002152	4.8
155	-0.022206	0.315778	0.158534	0.001868	4.7
156	-0.020015	1.315778	0.154218	0.001439	5.0
157	-0.022386	2.315778	0.150202	0.002723	4.4
158	-0.025999	1.515778	0.153392	0.002139	4.7
159	-0.022542	0.715778	0.156769	0.003151	5.1
160	-0.022716	1.198911	0.154706	0.003663	4.4
161	-0.022703	0.398911	0.158163	0.003974	4.5
162	-0.023453	0.000000	0.159965	0.002150	5.0
163	-0.027646	0.000000	0.159965	0.003063	4.9
164	-0.023446	1.000000	0.155547	0.004332	4.5
165	-0.023394	2.000000	0.151440	0.003795	4.6
166	-0.021592	1.200000	0.154702	0.003314	4.5
167	-0.021985	2.200000	0.150652	0.004079	4.1
168	-0.023701	3.200000	0.146873	0.002840	4.2
169	-0.023943	4.200000	0.143337	0.001230	4.8
170	-0.024407	3.400000	0.146147	0.002727	4.9
171	-0.021069	2.600000	0.149110	0.002017	5.0
172	-0.021434	3.600000	0.145431	0.003148	5.0
173	-0.021700	2.800000	0.148354	0.001696	4.9
174	-0.021396	2.000000	0.151440	0.003501	4.9
175	-0.024153	1.200000	0.154702	0.003176	4.9
176	-0.021185	0.400000	0.158158	0.003562	5.3
177	-0.023806	0.000000	0.159965	0.002470	5.8
178	-0.024045	1.000000	0.155547	0.002182	5.5
179	-0.023148	0.200000	0.159054	0.001984	5.4
180	-0.021946	0.000000	0.159965	0.002210	5.4
181	-0.025218	0.000000	0.159965	0.003117	5.3
182	-0.023826	0.999987	0.155547	0.003640	5.5
183	-0.023538	0.199987	0.159055	0.004781	5.6
184	-0.026608	0.000000	0.159965	0.002729	5.4
185	-0.020388	0.000000	0.159965	0.003465	5.3
186	-0.022837	0.000000	0.159965	0.001779	5.2
187	-0.021802	0.000000	0.159965	0.002271	5.4
188	-0.020871	0.000000	0.159965	0.001336	5.5
189	-0.021236	1.000000	0.155547	0.002171	5.1
190	-0.022245	0.200000	0.159054	0.003146	5.1
191	-0.025345	0.000000	0.159965	0.002897	5.2
192	-0.022141	0.000000	0.159965	0.002502	5.0
193	-0.022783	0.000000	0.159965	0.002384	5.4
194	-0.021789	0.000000	0.159965	0.001863	5.1
195	-0.024238	0.000000	0.159965	0.002491	5.1
196	-0.023264	1.000000	0.155547	0.001320	5.1
197	-0.022642	0.200000	0.159054	0.002214	5.2
198	-0.023391	1.200000	0.154702	0.004768	5.4
199	-0.022766	0.400000	0.158158	0.002182	5.4
200	-0.022321	0.000000	0.159965	0.003267	5.1
201	-0.022283	1.000000	0.155547	0.002490	4.8
202	-0.021082	0.200000	0.159054	0.001699	4.9
203	-0.023689	1.200000	0.154702	0.002677	5.2
204	-0.021104	2.200000	0.150652	0.002742	5.0
205	-0.021716	1.400000	0.153869	0.002560	5.1
206	-0.024583	0.600000	0.157275	0.002026	5.1
207	-0.024737	0.000000	0.159965	0.002859	5.4
208	-0.024158	0.000000	0.159965	0.001821	5.5
209	-0.023378	0.000000	0.159965	0.002400	5.3
210	-0.022602	1.000000	0.155547	0.001951	5.5
211	-0.024087	2.000000	0.151440	0.002525	5.1
212	-0.021734	1.200000	0.154702	0.003111	5.0
213	-0.019430	0.400000	0.158158	0.003702	5.6
214	-0.020490	0.000000	0.159965	0.003820	5.4
215	-0.024784	1.000000	0.155547	0.002097	5.4
216	-0.024657	0.200000	0.159054	0.002772	5.5
217	-0.022633	1.200000	0.154702	0.004150	5.1
218	-0.026493	0.400137	0.158157	0.002597	5.1
219	-0.021559	0.000000	0.159965	0.002009	5.3
220	-0.022802	0.000000	0.159965	0.002200	5.1
221	-0.022997	0.000000	0.159965	0.002422	5.4
222	-0.024941	0.000000	0.159965	0.004073	5.1
223	-0.023365	0.000000	0.159965	0.001739	5.1
224	-0.023383	0.000000	0.159965	0.002115	4.9
225	-0.022215	0.000000	0.159965	0.002097	5.4
226	-0.023587	0.000000	0.159965	0.003560	5.4
227	-0.022277	0.000000	0.159965	0.002060	4.7
228	-0.024234	1.000000	0.155547	0.002884	4.9
229	-0.024694	0.200000	0.159054	0.002912	4.8
230	-0.026265	1.200000	0.154702	0.001875	4.3
231	-0.023695	0.400000	0.158158	0.003013	4.3
232	-0.021503	0.000000	0.159965	0.004936	4.3
233	-0.022633	0.000000	0.159965	0.002488	4.1
234	-0.022298	0.000000	0.159965	0.002463	4.2
235	-0.021911	0.000000	0.159965	0.002112	3.9
236	-0.023669	0.000000	0.159965	0.001235	3.9
237	-0.020992	0.000000	0.159965	0.002637	4.0
238	-0.022952	0.000000	0.159965	0.001772	4.6
239	-0.025775	1.000000	0.155547	0.000962	4.3
240	-0.020611	0.200001	0.159054	0.001344	4.4
241	-0.024460	0.000000	0.159965	0.002421	4.7
242	-0.020881	0.000000	0.159965	0.003119	4.9
243	-0.024360	0.000000	0.159965	0.004526	4.9
244	-0.024743	1.000000	0.155547	0.001015	5.0
245	-0.020970	0.200000	0.159054	0.002749	5.2
246	-0.024710	1.200000	0.154702	0.004280	5.4
247	-0.022577	2.200000	0.150652	0.003864	5.3
248	-0.022680	1.400000	0.153869	0.001273	5.4
249	-0.023680	2.400000	0.149876	0.002230	5.6
250	-0.021526	1.600000	0.153048	0.002143	5.6
251	-0.025019	0.800000	0.156404	0.002616	5.3
252	-0.021662	0.000000	0.159965	0.001482	5.4
253	-0.025322	1.000000	0.155547	0.002059	5.7
254	-0.021963	0.200000	0.159054	0.005188	5.1
255	-0.022630	0.000000	0.159965	0.002833	5.2
256	-0.024647	1.000000	0.155547	0.002332	5.7
257	-0.021970	0.200000	0.159054	0.002845	5.9
258	-0.022962	0.000000	0.159965	0.002213	5.6
259	-0.023951	0.000000	0.159965	0.002240	5.4
260	-0.022182	0.000000	0.159965	0.003980	5.8
261	-0.022315	1.000000	0.155547	0.001719	5.4
262	-0.023796	0.200000	0.159054	0.003796	5.5
263	-0.021704	0.000000	0.159965	0.001653	5.6
264	-0.024035	0.000000	0.159965	0.001454	5.5
265	-0.020868	0.000000	0.159965	0.003412	5.5
266	-0.023395	1.000000	0.155547	0.002256	5.5
267	-0.021666	2.000000	0.151440	0.003037	5.4
268	-0.025855	3.000000	0.147609	0.001970	5.7
269	-0.023627	2.200000	0.150652	0.001708	5.7
270	-0.025137	3.200000	0.146873	0.003005	5.4
271	-0.022424	2.400000	0.149876	0.001329	5.8
272	-0.022790	1.600000	0.153048	0.001079	4.8
273	-0.024915	0.800000	0.156404	0.003218	4.7
274	-0.023830	0.000000	0.159965	0.001235	4.9
275	-0.023981	0.000000	0.159965	0.003515	5.7
276	-0.024352	0.000000	0.159965	0.001635	4.8
277	-0.021938	0.000000	0.159965	0.003622	4.7
278	-0.021611	0.000000	0.159965	0.002419	4.6
279	-0.025321	0.000000	0.159965	0.001523	4.5
280	-0.022692	1.000000	0.155547	0.003177	4.2
281	-0.025865	2.000000	0.151440	0.002295	4.7
282	-0.023177	3.000000	0.147609	0.004674	4.9
283	-0.023018	4.000000	0.144026	0.001806	5.0
284	-0.022379	3.200000	0.146873	0.002300	4.9
285	-0.022794	2.400000	0.149876	0.003329	5.2
286	-0.022741	1.600000	0.153048	0.001274	5.1
287	-0.021551	2.600000	0.149110	0.002089	5.0
288	-0.025006	1.800000	0.152238	0.002305	5.2
289	-0.023458	1.000000	0.155547	0.001104	5.3
290	-0.024435	0.200000	0.159054	0.004665	5.4
291	-0.024336	1.200000	0.154702	0.002626	5.4
292	-0.022171	0.400000	0.158158	0.004544	5.3
293	-0.020129	0.000000	0.159965	0.002471	5.4
294	-0.023052	1.000000	0.155547	0.001302	5.6
295	-0.023031	2.000000	0.151440	0.002189	5.6
296	-0.023728	3.000000	0.147609	0.001613	5.5
297	-0.022066	2.200000	0.150652	0.003113	5.6
298	-0.022685	3.200000	0.146873	0.003332	5.4
299	-0.022060	2.400000	0.149876	0.003776	4.9
300	-0.022877	3.400000	0.146147	0.002412	5.5
301	-0.023822	2.600000	0.149110	0.003963	4.7
302	-0.021915	1.800000	0.152238	0.001896	4.8
303	-0.024454	1.000000	0.155547	0.003424	4.3
304	-0.024353	0.200000	0.159054	0.001890	4.4
305	-0.023329	0.000000	0.159965	0.003866	5.7
306	-0.023628	1.000000	0.155547	0.003688	5.3
307	-0.025449	2.000000	0.151440	0.002853	5.1
308	-0.024095	1.200000	0.154702	0.002370	4.3
309	-0.020825	2.200000	0.150652	0.001379	4.6
310	-0.023210	1.400000	0.153869	0.002247	5.6
311	-0.024086	0.600000	0.157275	0.000789	4.8
312	-0.024969	0.000000	0.159965	0.004175	5.1
313	-0.024345	0.000000	0.159965	0.002014	5.1
314	-0.023817	0.000000	0.159965	0.004243	5.2
315	-0.019176	1.000000	0.155547	0.001992	5.3
316	-0.021172	2.000000	0.151440	0.002671	5.4
317	-0.025916	1.200000	0.154702	0.005516	5.5
318	-0.020484	2.200000	0.150652	0.002764	5.4
319	-0.021481	1.400000	0.153869	0.001665	5.9
320	-0.020002	2.399970	0.149876	0.002068	5.9
321	-0.023414	3.399970	0.146148	0.002097	5.5
322	-0.021353	2.599970	0.149110	0.002397	5.4
323	-0.021535	1.799970	0.152238	0.005020	5.7
324	-0.025359	0.999970	0.155547	0.001733	5.6
325	-0.021433	1.999970	0.151440	0.002075	5.6
326	-0.023582	2.999970	0.147609	0.001691	5.5
327	-0.023242	2.199970	0.150653	0.002651	5.6
328	-0.020968	1.399970	0.153869	0.002073	4.8
329	-0.024782	0.599970	0.157275	0.001553	5.1
330	-0.024915	0.000000	0.159965	0.003297	5.4
331	-0.024682	0.000000	0.159965	0.002653	4.7
332	-0.023472	0.000000	0.159965	0.003121	5.0
333	-0.025032	0.000000	0.159965	0.003252	5.8
334	-0.024972	0.000000	0.159965	0.003349	5.5
335	-0.021594	0.000000	0.159965	0.001600	5.0
336	-0.025196	1.000000	0.155547	0.002159	4.9
337	-0.020645	2.000000	0.151440	0.001920	5.0
338	-0.023558	3.000000	0.147609	0.002527	5.2
339	-0.022529	4.000000	0.144026	0.001953	5.4
340	-0.024744	3.200000	0.146873	0.002607	5.0
341	-0.022793	2.400000	0.149876	0.001127	5.4
342	-0.021346	1.600000	0.153048	0.003620	5.5
343	-0.022395	2.599999	0.149110	0.003634	5.5
344	-0.022561	3.599999	0.145431	0.001650	5.6
345	-0.026157	2.799999	0.148354	0.004478	5.9
346	-0.023633	1.999999	0.151440	0.001425	5.0
347	-0.022679	1.199999	0.154702	0.003082	5.1
348	-0.025082	2.199999	0.150652	0.002776	5.3
349	-0.023007	1.399999	0.153869	0.002055	5.0
350	-0.021183	2.399996	0.149876	0.002095	5.1
351	-0.024940	1.599996	0.153048	0.002876	5.5
352	-0.018797	0.799996	0.156404	0.002359	5.0
353	-0.027036	0.000000	0.159965	0.006746	5.1
354	-0.024437	0.000000	0.159965	0.002359	4.7
355	-0.023183	0.000000	0.159965	0.002404	4.6
356	-0.021739	1.000000	0.155547	0.003757	5.1
357	-0.022861	2.000000	0.151440	0.006901	5.2
358	-0.021942	1.200000	0.154702	0.005778	4.9
359	-0.023806	2.200000	0.150652	0.001815	6.9
360	-0.018977	1.400000	0.153869	0.004344	5.3
361	-0.020977	0.600000	0.157275	0.003859	5.2
362	-0.022737	1.600000	0.153048	0.003422	5.4
363	-0.023237	2.600000	0.149110	0.002379	5.3
364	-0.022401	1.800000	0.152238	0.002448	5.2
365	-0.025086	2.800000	0.148354	0.002584	5.1
366	-0.022007	3.800000	0.144724	0.002170	5.2
367	-0.022169	3.000000	0.147609	0.003402	5.3
368	-0.023370	2.200000	0.150652	0.004002	5.1
369	-0.022479	3.200000	0.146873	0.001622	5.5
370	-0.023552	2.400000	0.149876	0.002438	5.3
371	-0.022065	1.600000	0.153048	0.001453	5.6
372	-0.023236	0.800000	0.156404	0.002869	5.7
373	-0.021153	0.000000	0.159965	0.002552	6.1
374	-0.025165	1.000000	0.155547	0.003191	5.5
375	-0.022533	2.000000	0.151440	0.003887	5.5
376	-0.021891	1.200000	0.154702	0.003698	5.7
377	-0.021746	2.062571	0.151192	0.002271	5.6
378	-0.021462	3.062571	0.147378	0.006832	5.5
379	-0.022891	2.262571	0.150408	0.003183	5.5
380	-0.021418	3.262571	0.146645	0.002679	5.6
381	-0.022326	2.462571	0.149635	0.001472	5.4
382	-0.024482	1.662571	0.152793	0.001914	5.6
383	-0.022023	2.662571	0.148873	0.002198	5.4
384	-0.024698	3.662394	0.145209	0.002508	5.7
385	-0.022323	2.862394	0.148121	0.004720	5.8
386	-0.023556	2.062394	0.151193	0.002200	5.4
387	-0.022424	1.262394	0.154441	0.001271	5.4
388	-0.021207	2.262394	0.150409	0.003226	5.2
389	-0.025009	3.262394	0.146646	0.002837	5.2
390	-0.021444	2.462394	0.149636	0.001189	5.4
391	-0.020769	1.662394	0.152794	0.002211	5.2
392	-0.022236	0.862394	0.156136	0.004131	4.7
393	-0.023003	0.062394	0.159679	0.002964	4.5
394	-0.023157	1.062394	0.155282	0.003117	4.8
395	-0.023079	0.262394	0.158773	0.002723	5.1
396	-0.022177	0.000000	0.159965	0.003230	4.7
397	-0.025798	0.000000	0.159965	0.001273	4.8
398	-0.025645	0.000000	0.159965	0.003478	5.2
399	-0.024533	1.000000	0.155547	0.003342	4.9
400	-0.023109	0.200000	0.159054	0.003073	4.9
401	-0.025928	0.000000	0.159965	0.001929	5.3
402	-0.023252	0.000000	0.159965	0.002870	5.3
403	-0.021185	0.000000	0.159965	0.003344	5.5
404	-0.023313	0.000000	0.159965	0.001259	5.8
405	-0.023016	0.000000	0.159965	0.002994	5.3
406	-0.021875	0.000000	0.159965	0.000983	4.9
407	-0.023112	1.000000	0.155547	0.004058	4.9
408	-0.024927	2.000000	0.151440	0.004565	5.3
409	-0.022982	1.200000	0.154702	0.002054	4.9
410	-0.023780	0.400000	0.158158	0.003172	4.8
411	-0.022126	0.000000	0.159965	0.001664	5.1
412	-0.020913	0.000000	0.159965	0.003116	4.9
413	-0.021965	1.000000	0.155547	0.004255	4.4
414	-0.021669	0.200000	0.159054	0.003217	4.3
415	-0.023167	0.000000	0.159965	0.002988	4.6
416	-0.023333	0.000000	0.159965	0.004883	4.5
417	-0.025357	0.000000	0.159965	0.002378	4.7
418	-0.023021	0.000000	0.159965	0.001151	4.7
419	-0.024977	0.000000	0.159965	0.002739	4.9
420	-0.025504	1.000000	0.155547	0.001973	4.7
421	-0.022221	2.000000	0.151440	0.005191	4.7
422	-0.020760	3.000000	0.147609	0.002762	5.0
423	-0.021850	4.000000	0.144026	0.003494	4.9
424	-0.022179	5.000000	0.140665	0.003287	4.9
425	-0.022357	4.200000	0.143337	0.001238	5.1
426	-0.023449	3.400000	0.146147	0.005587	5.1
427	-0.022374	4.400000	0.142656	0.002450	5.4
428	-0.023214	5.400000	0.139378	0.002430	5.3
429	-0.024745	4.600000	0.141984	0.004478	5.5
430	-0.021696	3.800000	0.144724	0.002352	4.8
431	-0.022479	4.800000	0.141320	0.003002	5.1
432	-0.025601	5.799974	0.138122	0.002925	4.9
433	-0.023998	4.999974	0.140665	0.003345	4.5
434	-0.022633	4.199974	0.143337	0.004221	5.0
435	-0.024305	5.199974	0.140018	0.002004	5.1
436	-0.021984	6.199974	0.136896	0.002670	5.7
437	-0.021821	5.399974	0.139378	0.002295	5.5
438	-0.023996	6.399974	0.136293	0.003231	5.1
439	-0.022834	7.399974	0.133384	0.003036	5.2
440	-0.023385	6.599974	0.135698	0.002206	5.3
441	-0.024686	5.799974	0.138122	0.002891	5.1
442	-0.020730	4.999974	0.140665	0.001522	5.0
443	-0.025154	4.199974	0.143337	0.002358	4.9
444	-0.023758	3.399974	0.146148	0.002323	5.2
445	-0.024032	2.599974	0.149110	0.001429	4.9
446	-0.022555	1.799974	0.152238	0.001546	5.5
447	-0.022407	0.999974	0.155547	0.001243	5.1
448	-0.021945	0.199974	0.159055	0.002091	5.0
449	-0.020048	1.199973	0.154702	0.001514	5.0
450	-0.023279	0.399973	0.158158	0.001113	4.9
451	-0.024946	0.000000	0.159965	0.000997	5.0
452	-0.023896	0.000000	0.159965	0.003262	5.0
453	-0.023460	0.000000	0.159965	0.003391	5.0
454	-0.024046	1.000000	0.155547	0.002318	5.2
455	-0.024822	0.200000	0.159054	0.002071	5.4
456	-0.025044	0.000000	0.159965	0.000991	4.9
457	-0.021888	0.000000	0.159965	0.001454	5.2
458	-0.023112	0.000000	0.159965	0.002136	4.7
459	-0.024099	1.000000	0.155547	0.003374	4.9
460	-0.024815	0.200000	0.159054	0.001613	4.3
461	-0.025260	0.000000	0.159965	0.002562	4.9
462	-0.024238	0.000000	0.159965	0.002213	4.3
463	-0.023099	0.000000	0.159965	0.002171	5.0
464	-0.025036	0.000000	0.159965	0.002527	5.2
465	-0.024282	0.000000	0.159965	0.002171	4.5
466	-0.023782	0.000000	0.159965	0.003863	4.3
467	-0.024134	0.000000	0.159965	0.003092	3.8
468	-0.022846	1.000000	0.155547	0.002071	3.7
469	-0.023421	0.200000	0.159054	0.002544	3.7
470	-0.024248	0.000000	0.159965	0.002041	4.0
471	-0.021143	1.000000	0.155547	0.003469	4.8
472	-0.027812	0.200000	0.159054	0.002189	3.8
473	-0.024078	0.000000	0.159965	0.004347	3.9
474	-0.026262	0.000000	0.159965	0.002475	4.6
475	-0.025474	1.000000	0.155547	0.003938	3.7
476	-0.026981	0.200000	0.159054	0.001458	3.6
477	-0.022216	0.000000	0.159965	0.001248	3.6
478	-0.025968	0.000000	0.159965	0.004995	3.5
479	-0.022676	1.000000	0.155547	0.002981	3.4
480	-0.025652	0.200000	0.159054	0.002439	4.4
481	-0.020344	0.000000	0.159965	0.004229	4.5
482	-0.024530	0.000000	0.159965	0.003132	3.7
483	-0.022201	0.000000	0.159965	0.001803	3.8
484	-0.025247	0.000000	0.159965	0.001060	3.8
485	-0.019617	1.000000	0.155547	0.000677	3.4
486	-0.022578	0.200000	0.159054	0.004155	3.4
487	-0.020461	0.000000	0.159965	0.004921	3.6
488	-0.022730	1.000000	0.155547	0.004108	4.3
489	-0.021410	0.200000	0.159054	0.001383	4.4
490	-0.024292	0.000000	0.159965	0.001140	4.5
491	-0.022595	1.000000	0.155547	0.001375	5.0
492	-0.023199	2.000000	0.151440	0.003702	4.0
493	-0.022495	3.000000	0.147609	0.002166	4.4
494	-0.024512	2.200000	0.150652	0.003074	4.2
495	-0.024108	1.400000	0.153869	0.002115	4.7
496	-0.020015	2.400000	0.149876	0.004322	4.6
497	-0.019723	1.600000	0.153048	0.001953	4.1
498	-0.021960	0.800000	0.156404	0.000903	4.1
499	-0.020454	1.800000	0.152238	0.002125	4.0
500	-0.022795	1.000000	0.155547	0.003655	4.7
501	-0.023382	0.200000	0.159054	0.005353	4.7
502	-0.024760	0.000000	0.159965	0.001897	4.2
503	-0.024861	0.000000	0.159965	0.004192	4.2
504	-0.023151	0.000000	0.159965	0.002404	4.5
505	-0.020281	0.000000	0.159965	0.002251	4.9
506	-0.021260	0.000000	0.159965	0.001400	4.8
507	-0.022829	0.000000	0.159965	0.003029	4.9
508	-0.021817	0.000000	0.159965	0.001978	4.9
509	-0.021180	0.000000	0.159965	0.001851	4.9
510	-0.022850	0.000000	0.159965	0.003018	5.0
511	-0.025173	1.000000	0.155547	0.002699	5.1
512	-0.022662	0.200000	0.159054	0.002209	5.0
513	-0.023975	0.000000	0.159965	0.002512	5.4
514	-0.021983	0.000000	0.159965	0.003670	5.2
515	-0.026410	0.000000	0.159965	0.002728	4.4
516	-0.025132	0.000000	0.159965	0.002744	4.2
517	-0.022141	0.000000	0.159965	0.001346	4.2
518	-0.024820	0.000000	0.159965	0.001536	4.3
519	-0.021347	0.999829	0.155548	0.002633	4.1
520	-0.024171	0.199829	0.159055	0.004754	4.1
521	-0.021872	0.000000	0.159965	0.001817	4.1
522	-0.025969	0.000000	0.159965	0.002158	5.0
523	-0.024606	0.000000	0.159965	0.002511	4.9
524	-0.023671	0.000000	0.159965	0.003246	4.8
525	-0.024093	0.000000	0.159965	0.002936	4.9
526	-0.021829	0.000000	0.159965	0.001309	5.2
527	-0.022597	0.999999	0.155547	0.002917	5.3
528	-0.022475	1.999999	0.151440	0.002300	5.8
529	-0.021320	1.199999	0.154702	0.002765	5.4
530	-0.026472	0.399999	0.158158	0.005601	5.1
531	-0.025606	1.399999	0.153869	0.002169	5.3
532	-0.021410	0.599999	0.157275	0.004202	5.2
533	-0.022202	0.000000	0.159965	0.004501	5.1
534	-0.022409	1.000000	0.155547	0.001577	4.6
535	-0.025430	0.200000	0.159054	0.004794	4.8
536	-0.023394	1.200000	0.154702	0.002732	5.1
537	-0.023731	0.400000	0.158158	0.003118	4.2
538	-0.022638	0.000000	0.159965	0.002851	4.5
539	-0.020345	0.000000	0.159965	0.001818	4.9
540	-0.023836	0.000000	0.159965	0.001042	4.6
541	-0.021927	1.000000	0.155547	0.001489	4.1
542	-0.019385	0.200000	0.159054	0.002786	4.9
543	-0.026737	1.200000	0.154702	0.003289	4.8
544	-0.025032	0.400000	0.158158	0.001747	4.3
545	-0.021520	0.000000	0.159965	0.005069	4.6
546	-0.022714	0.999999	0.155547	0.002726	4.7
547	-0.021674	0.199999	0.159054	0.002078	5.0
548	-0.024458	1.199999	0.154702	0.002884	5.1
549	-0.025700	0.399999	0.158158	0.002755	4.6
550	-0.021271	0.000000	0.159965	0.002906	4.9
551	-0.023522	0.000000	0.159965	0.002515	5.3
552	-0.021760	0.000000	0.159965	0.002270	5.2
553	-0.023359	1.000000	0.155547	0.003804	5.0
554	-0.024247	0.200000	0.159054	0.003274	5.3
555	-0.022585	1.200000	0.154702	0.002169	5.4
556	-0.023531	2.200000	0.150652	0.002936	5.4
557	-0.022757	3.200000	0.146873	0.003079	5.6
558	-0.022145	2.400000	0.149876	0.001405	6.2
559	-0.021562	3.400000	0.146147	0.002431	6.1
560	-0.022527	2.600000	0.149110	0.002742	5.6
561	-0.019993	3.600000	0.145431	0.001205	6.1
562	-0.026277	2.800000	0.148354	0.003691	6.0
563	-0.021486	2.000000	0.151440	0.003163	5.7
564	-0.021762	1.200000	0.154702	0.003301	5.0
565	-0.023836	0.400000	0.158158	0.002883	4.8
566	-0.020437	1.400000	0.153869	0.001544	4.5
567	-0.024061	2.400000	0.149876	0.002079	5.1
568	-0.024561	1.819873	0.152158	0.002324	5.1
569	-0.022369	1.019873	0.155462	0.003364	4.8
570	-0.023512	0.219873	0.158965	0.001554	4.7
571	-0.024075	0.000000	0.159965	0.003552	5.2
572	-0.023561	0.000000	0.159965	0.002908	5.0
573	-0.021695	0.000000	0.159965	0.001661	4.4
574	-0.024351	0.000000	0.159965	0.002159	4.4
575	-0.023884	0.000000	0.159965	0.003649	4.4
576	-0.023855	1.000000	0.155547	0.002751	4.2
577	-0.022541	0.200000	0.159054	0.001347	4.2
578	-0.024733	0.000000	0.159965	0.002070	4.1
579	-0.024017	0.000000	0.159965	0.003843	4.1
580	-0.023851	0.000000	0.159965	0.002133	4.5
581	-0.024009	0.000000	0.159965	0.004988	4.7
582	-0.020037	0.808440	0.156368	0.001928	4.3
583	-0.023987	0.008440	0.159926	0.001457	4.0
584	-0.022699	0.000000	0.159965	0.001695	4.1
585	-0.022877	0.000000	0.159965	0.002395	4.1
586	-0.023073	0.000000	0.159965	0.002447	4.7
587	-0.023209	0.000000	0.159965	0.004226	4.7
588	-0.021527	0.000000	0.159965	0.001843	4.3
589	-0.021115	1.000000	0.155547	0.003373	4.9
590	-0.024404	0.200000	0.159054	0.002161	4.9
591	-0.024978	0.000000	0.159965	0.002229	4.9
592	-0.022903	1.000000	0.155547	0.003960	4.8
593	-0.022093	0.200000	0.159054	0.001478	5.2
594	-0.023164	1.200000	0.154702	0.003221	5.3
595	-0.025042	2.200000	0.150652	0.001842	5.2
596	-0.026705	3.200000	0.146873	0.005734	5.4
597	-0.024903	4.200000	0.143337	0.001824	5.8
598	-0.020893	3.400000	0.146147	0.005386	5.6
599	-0.025461	2.600000	0.149110	0.001937	5.7
600	-0.026331	3.600000	0.145431	0.002939	5.2
601	-0.024387	2.800000	0.148354	0.002057	5.1
602	-0.025694	2.000000	0.151440	0.002185	4.5
603	-0.021296	1.200000	0.154702	0.001556	4.5
604	-0.022266	0.400000	0.158158	0.002178	4.5
605	-0.024468	0.000000	0.159965	0.004441	4.4
606	-0.022379	1.000000	0.155547	0.001486	3.9
607	-0.023621	0.200000	0.159054	0.004797	4.0
608	-0.023488	0.000000	0.159965	0.003220	3.9
609	-0.023483	0.000000	0.159965	0.005198	4.0
610	-0.024264	0.000000	0.159965	0.001275	3.9
611	-0.022619	0.000000	0.159965	0.001004	4.0
612	-0.019464	1.000000	0.155547	0.002824	4.7
613	-0.022023	2.000000	0.151440	0.000844	3.9
614	-0.023599	3.000000	0.147609	0.002438	3.9
615	-0.020158	2.200000	0.150652	0.001813	4.5
616	-0.022475	1.400000	0.153869	0.006058	4.6
617	-0.024532	2.400000	0.149876	0.002780	4.0
618	-0.024824	3.400000	0.146147	0.003145	4.6
619	-0.026345	2.600000	0.149110	0.001350	4.5
620	-0.023828	3.588860	0.145471	0.004349	4.9
621	-0.018884	4.588860	0.142021	0.002074	5.1
622	-0.022784	3.788860	0.144763	0.002703	5.1
623	-0.022758	4.788860	0.141357	0.003187	4.9
624	-0.022749	3.988860	0.144064	0.002639	5.0
625	-0.024137	4.988860	0.140701	0.006644	5.0
626	-0.020209	5.988860	0.137539	0.003902	5.2
627	-0.023371	5.188860	0.140053	0.002663	5.6
628	-0.022818	6.188860	0.136929	0.001666	5.3
629	-0.024788	6.105999	0.137181	0.003817	5.7
630	-0.022532	7.105999	0.134222	0.007563	5.3
631	-0.024067	6.305999	0.136575	0.002792	5.7
632	-0.021121	5.505999	0.139042	0.001765	5.3
633	-0.020943	4.705999	0.141631	0.003110	5.2
634	-0.024809	3.905999	0.144353	0.004350	5.3
635	-0.026652	3.105999	0.147218	0.003059	5.3
636	-0.024461	4.105999	0.143659	0.004082	5.4
637	-0.023209	5.105999	0.140321	0.002951	5.1
638	-0.020004	4.305999	0.142975	0.001995	5.5
639	-0.024088	3.505999	0.145767	0.001378	5.7
640	-0.024152	2.705999	0.148708	0.002255	5.7
641	-0.023222	1.905999	0.151814	0.004680	5.2
642	-0.025623	2.905999	0.147958	0.002082	5.3
643	-0.024150	2.105999	0.151021	0.002269	5.6
644	-0.023984	1.305999	0.154259	0.002362	5.6
645	-0.021832	2.305999	0.150240	0.003925	5.8
646	-0.022287	3.305999	0.146487	0.001236	5.6
647	-0.023569	2.505999	0.149469	0.003703	5.3
648	-0.021121	1.705999	0.152617	0.001279	5.5
649	-0.021367	0.905999	0.155948	0.002208	5.4
650	-0.024276	0.105999	0.159481	0.004388	5.4
651	-0.023906	1.105999	0.155098	0.001834	5.4
652	-0.022589	0.305999	0.158578	0.003511	5.6
653	-0.023392	0.000000	0.159965	0.003924	5.5
654	-0.024005	0.000000	0.159965	0.002533	5.3
655	-0.022985	0.000000	0.159965	0.003094	6.3
656	-0.022265	1.000000	0.155547	0.003054	6.0
657	-0.021629	0.200000	0.159054	0.001748	5.3
658	-0.024012	0.000000	0.159965	0.002234	5.1
659	-0.024930	0.000000	0.159965	0.004235	5.2
660	-0.023045	0.000000	0.159965	0.002143	4.8
661	-0.023692	0.000000	0.159965	0.002427	5.0
662	-0.024088	0.000000	0.159965	0.003443	5.2
663	-0.019796	0.000000	0.159965	0.002899	4.7
664	-0.025034	1.000000	0.155547	0.003192	5.3
665	-0.022040	2.000000	0.151440	0.002346	5.8
666	-0.023344	1.200000	0.154702	0.002689	5.2
667	-0.027989	0.400000	0.158158	0.003177	5.2
668	-0.023986	0.000000	0.159965	0.005302	5.6
669	-0.026893	1.000000	0.155547	0.003039	5.5
670	-0.023319	0.200000	0.159054	0.003703	5.1
671	-0.023288	0.000000	0.159965	0.001716	5.4
672	-0.023174	0.000000	0.159965	0.001301	5.4
673	-0.023460	1.000000	0.155547	0.001654	5.6
674	-0.022395	2.000000	0.151440	0.002363	5.3
675	-0.022296	1.200000	0.154702	0.002233	5.6
676	-0.025288	0.400000	0.158158	0.005124	5.5
677	-0.024820	1.400000	0.153869	0.004227	5.5
678	-0.025541	0.600000	0.157275	0.007429	5.6
679	-0.025822	0.000000	0.159965	0.002623	5.3
680	-0.022232	1.000000	0.155547	0.003007	5.4
681	-0.022870	0.200000	0.159054	0.003738	5.0
682	-0.026945	1.200000	0.154702	0.003100	4.7
683	-0.024213	0.400000	0.158158	0.002830	5.6
684	-0.022245	0.000000	0.159965	0.002507	4.9
685	-0.023459	1.000000	0.155547	0.004313	5.2
686	-0.021173	0.200000	0.159054	0.002528	5.3
687	-0.027304	0.000000	0.159965	0.002315	5.0
688	-0.020783	0.000000	0.159965	0.005649	5.3
689	-0.021538	0.000000	0.159965	0.002100	5.3
690	-0.025622	1.000000	0.155547	0.002524	5.4
691	-0.022689	0.200000	0.159054	0.002606	5.3
692	-0.021212	0.000000	0.159965	0.005385	5.0
693	-0.022824	0.000000	0.159965	0.004192	4.9
694	-0.026138	1.000000	0.155547	0.004908	4.8
695	-0.025938	2.000000	0.151440	0.001889	4.4
696	-0.025862	3.000000	0.147609	0.004676	5.2
697	-0.023125	4.000000	0.144026	0.003064	4.6
698	-0.021124	3.200000	0.146873	0.002982	5.2
699	-0.024513	2.400000	0.149876	0.002428	4.6
700	-0.027269	1.600000	0.153048	0.002284	4.9
701	-0.022334	0.800000	0.156404	0.003717	4.6
702	-0.021469	0.000000	0.159965	0.002154	4.5
703	-0.023815	1.000000	0.155547	0.003112	4.1
704	-0.024043	0.200000	0.159054	0.002191	4.0
705	-0.022662	1.200000	0.154702	0.001853	5.1
706	-0.025053	2.200000	0.150652	0.003260	5.1
707	-0.025191	1.400000	0.153869	0.005539	4.8
708	-0.021418	0.600000	0.157275	0.002541	5.0
709	-0.023373	0.000000	0.159965	0.001260	5.0
710	-0.024114	0.000000	0.159965	0.005349	5.2
711	-0.024531	0.000000	0.159965	0.003019	5.1
712	-0.025092	0.000000	0.159965	0.001865	5.6
713	-0.026632	0.000000	0.159965	0.003762	5.3
714	-0.024530	0.000000	0.159965	0.003879	5.3
715	-0.023568	0.000000	0.159965	0.003537	5.4
716	-0.022733	1.000000	0.155547	0.002369	5.6
717	-0.020957	0.200000	0.159054	0.003816	5.2
718	-0.024436	0.000000	0.159965	0.002789	5.2
719	-0.022366	1.000000	0.155547	0.001914	5.3
720	-0.021015	2.000000	0.151440	0.004506	5.7
721	-0.024856	1.200000	0.154702	0.004383	5.7
722	-0.023067	0.400000	0.158158	0.001657	5.5
723	-0.023166	0.000000	0.159965	0.003796	5.4
724	-0.021240	0.000000	0.159965	0.003034	5.2
725	-0.023190	0.000000	0.159965	0.001927	5.1
726	-0.025951	0.000000	0.159965	0.002013	5.1
727	-0.020864	1.000000	0.155547	0.003471	5.0
728	-0.021796	2.000000	0.151440	0.003006	5.2
729	-0.021521	1.200000	0.154702	0.002796	5.7
730	-0.028932	2.200000	0.150652	0.005545	5.4
731	-0.023583	1.400000	0.153869	0.001178	5.5
732	-0.023223	2.400000	0.149876	0.003603	5.6
733	-0.022466	3.400000	0.146147	0.002411	5.3
734	-0.022785	2.600000	0.149110	0.002606	5.4
735	-0.021368	1.800000	0.152238	0.000548	4.8
736	-0.024743	1.000000	0.155547	0.002046	4.8
737	-0.021678	2.000000	0.151440	0.001253	4.6
738	-0.027402	1.200000	0.154702	0.000707	5.0
739	-0.021687	0.400000	0.158158	0.003048	5.4
740	-0.020331	0.000000	0.159965	0.001701	5.3
741	-0.023557	0.000000	0.159965	0.003343	5.1
742	-0.023700	0.000000	0.159965	0.003470	5.5
743	-0.021670	0.000000	0.159965	0.002721	5.3
744	-0.022876	0.000000	0.159965	0.001634	5.4
745	-0.023036	0.000000	0.159965	0.003549	5.5
746	-0.022425	1.000000	0.155547	0.001401	5.6
747	-0.024685	2.000000	0.151440	0.002592	5.7
748	-0.023398	3.000000	0.147609	0.001387	5.5
749	-0.020999	2.200000	0.150652	0.002134	5.9
750	-0.022541	3.200000	0.146873	0.003074	5.7
751	-0.023191	2.400000	0.149876	0.004151	5.7
752	-0.021500	1.600000	0.153048	0.001651	5.4
753	-0.019854	2.600000	0.149110	0.001401	5.4
754	-0.025230	1.800000	0.152238	0.003037	5.9
755	-0.023056	2.800000	0.148354	0.003719	5.5
756	-0.022118	2.000000	0.151440	0.003365	5.4
757	-0.023071	3.000000	0.147609	0.003614	5.1
758	-0.022901	2.200000	0.150652	0.002739	5.6
759	-0.025823	2.762173	0.148497	0.002733	4.9
760	-0.021164	1.962173	0.151590	0.005713	5.2
761	-0.023209	2.962173	0.147749	0.004619	5.5
762	-0.023452	3.962173	0.144157	0.004381	5.2
763	-0.023100	4.962173	0.140788	0.000856	5.2
764	-0.020315	4.359912	0.142792	0.002191	5.4
765	-0.021499	3.559912	0.145574	0.001955	5.7
766	-0.026720	2.759912	0.148505	0.004235	5.5
767	-0.021823	1.959912	0.151599	0.001365	5.6
768	-0.021723	2.959912	0.147758	0.002981	5.4
769	-0.021242	3.959912	0.144165	0.004425	5.7
770	-0.021012	3.159912	0.147020	0.003112	5.7
771	-0.021318	4.159912	0.143474	0.002448	6.0
772	-0.024088	3.359912	0.146292	0.001625	5.8
773	-0.023599	2.559912	0.149263	0.004011	5.2
774	-0.022876	1.759912	0.152399	0.002510	4.7
775	-0.024232	0.959912	0.155718	0.005153	5.5
776	-0.022213	0.159912	0.159236	0.001759	5.7
777	-0.021176	1.159912	0.154870	0.002023	5.2
778	-0.025947	0.359912	0.158337	0.003815	5.4
779	-0.021067	1.359577	0.154036	0.001593	5.2
780	-0.025344	0.559577	0.157452	0.004246	5.2
781	-0.025151	0.000000	0.159965	0.003729	5.4
782	-0.024800	1.000000	0.155547	0.003877	4.8
783	-0.022299	0.200000	0.159054	0.002915	5.0
784	-0.021833	0.000000	0.159965	0.002987	5.3
785	-0.019561	0.000000	0.159965	0.002402	5.5
786	-0.025565	0.000000	0.159965	0.004839	5.0
787	-0.023886	0.000000	0.159965	0.002869	4.9
788	-0.024412	0.000000	0.159965	0.001486	5.0
789	-0.021476	0.000000	0.159965	0.002582	4.7
790	-0.022807	0.000000	0.159965	0.003750	5.2
791	-0.020859	0.000000	0.159965	0.003137	5.0
792	-0.021725	0.000000	0.159965	0.002258	4.9
793	-0.022976	1.000000	0.155547	0.002813	4.7
794	-0.019994	2.000000	0.151440	0.003692	4.8
795	-0.022274	1.200000	0.154702	0.002827	4.7
796	-0.024968	2.200000	0.150652	0.002749	4.7
797	-0.022199	1.400000	0.153869	0.003255	4.7
798	-0.025909	2.400000	0.149876	0.004797	5.0
799	-0.024556	3.400000	0.146147	0.003413	5.0
800	-0.026520	2.600000	0.149110	0.003144	5.4
801	-0.023064	3.600000	0.145431	0.003063	4.9
802	-0.022869	2.800000	0.148354	0.001649	5.1
803	-0.021179	3.800000	0.144724	0.001390	5.3
804	-0.023971	4.800000	0.141320	0.001614	4.9
805	-0.022440	5.800000	0.138122	0.001204	4.5
806	-0.024620	5.000000	0.140665	0.003989	5.3
807	-0.023117	6.000000	0.137505	0.002647	5.3
808	-0.023007	5.200000	0.140018	0.003154	4.7
809	-0.022622	6.200000	0.136896	0.001968	5.1
810	-0.021365	5.400000	0.139378	0.003232	5.3
811	-0.023752	4.600000	0.141984	0.003489	5.6
812	-0.023247	3.800000	0.144724	0.003905	5.3
813	-0.024164	3.000000	0.147609	0.003167	5.6
814	-0.023388	2.200000	0.150652	0.001453	5.5
815	-0.023734	3.200000	0.146873	0.003979	5.7
816	-0.024613	4.200000	0.143337	0.002748	5.6
817	-0.025083	3.400000	0.146147	0.003168	5.3
818	-0.022109	2.600000	0.149110	0.004022	5.6
819	-0.021402	1.800000	0.152238	0.004050	5.5
820	-0.021268	1.000000	0.155547	0.001894	5.6
821	-0.026126	0.200000	0.159054	0.002936	5.3
822	-0.022331	0.000000	0.159965	0.003365	4.9
823	-0.023083	0.000000	0.159965	0.002957	5.3
824	-0.021190	0.000000	0.159965	0.002043	4.9
825	-0.022719	0.000000	0.159965	0.003097	5.0
826	-0.021544	0.000000	0.159965	0.002938	5.2
827	-0.021529	0.000000	0.159965	0.003290	5.3
828	-0.025859	1.000000	0.155547	0.002076	5.0
829	-0.023511	0.200000	0.159054	0.001929	5.3
830	-0.023896	0.000000	0.159965	0.002133	5.4
831	-0.024457	0.000000	0.159965	0.002273	5.7
832	-0.023919	0.000000	0.159965	0.001705	5.4
833	-0.023287	1.000000	0.155547	0.001774	5.3
834	-0.022020	2.000000	0.151440	0.001541	5.4
835	-0.022773	1.200000	0.154702	0.002385	5.5
836	-0.021285	0.400000	0.158158	0.002221	5.4
837	-0.023508	0.000000	0.159965	0.002463	5.4
838	-0.022794	0.000000	0.159965	0.003735	5.6
839	-0.022319	0.000000	0.159965	0.002289	5.3
840	-0.024183	0.000000	0.159965	0.003430	5.6
841	-0.020226	0.000000	0.159965	0.002115	5.0
842	-0.022168	0.000000	0.159965	0.001375	5.5
843	-0.022027	0.000000	0.159965	0.002532	5.4
844	-0.021718	0.000000	0.159965	0.002890	5.6
845	-0.023255	0.000000	0.159965	0.002564	5.5
846	-0.023129	0.000000	0.159965	0.003304	5.5
847	-0.023066	0.000000	0.159965	0.002643	5.7
848	-0.023283	0.000000	0.159965	0.004796	5.6
849	-0.021690	0.000000	0.159965	0.003669	5.5
850	-0.022667	1.000000	0.155547	0.003438	5.6
851	-0.022382	0.200000	0.159054	0.002650	5.4
852	-0.023378	0.000000	0.159965	0.001675	5.4
853	-0.019356	1.000000	0.155547	0.002955	5.0
854	-0.026583	2.000000	0.151440	0.002285	5.1
855	-0.021538	1.200000	0.154702	0.001969	4.6
856	-0.024028	0.400000	0.158158	0.006318	4.2
857	-0.023146	0.000000	0.159965	0.003738	4.3
858	-0.022198	1.000000	0.155547	0.003097	5.1
859	-0.024066	0.200000	0.159054	0.003970	5.0
860	-0.023285	0.000000	0.159965	0.003016	4.8
861	-0.025532	0.000000	0.159965	0.004298	5.0
862	-0.023761	0.000000	0.159965	0.001519	5.5
863	-0.020447	1.000000	0.155547	0.002099	5.0
864	-0.024879	0.200000	0.159054	0.003145	5.1
865	-0.023160	0.000000	0.159965	0.001640	5.4
866	-0.022094	0.000000	0.159965	0.004750	5.6
867	-0.024787	1.000000	0.155547	0.003665	5.4
868	-0.024732	2.000000	0.151440	0.003030	5.5
869	-0.020839	1.200000	0.154702	0.001486	5.4
870	-0.025224	0.400000	0.158158	0.003755	5.4
871	-0.020188	0.000000	0.159965	0.002982	4.9
872	-0.024926	0.000000	0.159965	0.001341	5.4
873	-0.024582	0.000000	0.159965	0.003799	5.6
874	-0.022947	0.000000	0.159965	0.001351	5.6
875	-0.021588	1.000000	0.155547	0.001740	5.4
876	-0.022157	0.200000	0.159054	0.002228	5.7
877	-0.022832	0.000000	0.159965	0.002846	5.8
878	-0.022358	0.000000	0.159965	0.002102	5.1
879	-0.021084	0.000000	0.159965	0.002060	5.1
880	-0.022253	0.000000	0.159965	0.002875	4.6
881	-0.022960	0.000000	0.159965	0.002012	5.3
882	-0.025086	0.000000	0.159965	0.002401	5.3
883	-0.020662	0.000000	0.159965	0.002887	5.3
884	-0.024508	0.000000	0.159965	0.004167	5.4
885	-0.023746	0.000000	0.159965	0.004228	5.9
886	-0.023475	0.000000	0.159965	0.005016	4.8
887	-0.024595	1.000000	0.155547	0.002800	4.8
888	-0.022556	2.000000	0.151440	0.004795	4.8
889	-0.026701	1.200000	0.154702	0.002896	4.9
890	-0.022840	2.198468	0.150658	0.004464	5.0
891	-0.021200	3.198468	0.146879	0.001877	4.9
892	-0.025457	2.398468	0.149882	0.003749	4.6
893	-0.020637	1.598468	0.153054	0.001289	4.8
894	-0.026561	2.598468	0.149116	0.002152	4.9
895	-0.024810	1.798468	0.152244	0.003210	4.9
896	-0.021857	2.798468	0.148360	0.004136	5.3
897	-0.023718	1.998468	0.151446	0.003508	5.1
898	-0.023954	1.198468	0.154708	0.001889	4.9
899	-0.023883	0.398468	0.158165	0.001942	5.3
900	-0.022007	0.000000	0.159965	0.003658	5.4
901	-0.023332	0.000000	0.159965	0.002808	5.2
902	-0.023351	0.000000	0.159965	0.002866	5.1
903	-0.023552	0.000000	0.159965	0.005266	5.6
904	-0.025588	1.000000	0.155547	0.006339	5.2
905	-0.021519	2.000000	0.151440	0.002767	5.7
906	-0.021468	1.200000	0.154702	0.002555	5.5
907	-0.026041	0.400000	0.158158	0.003688	5.3
908	-0.024130	0.000000	0.159965	0.000809	5.0
909	-0.022010	0.000000	0.159965	0.002417	5.0
910	-0.022855	1.000000	0.155547	0.002845	5.3
911	-0.018252	0.200000	0.159054	0.002076	5.2
912	-0.024834	1.200000	0.154702	0.002632	5.1
913	-0.023011	2.200000	0.150652	0.003906	5.3
914	-0.024300	1.400000	0.153869	0.001716	5.2
915	-0.022636	0.600000	0.157275	0.001400	5.4
916	-0.022839	1.600000	0.153048	0.001469	5.3
917	-0.026509	0.800000	0.156404	0.001438	4.9
918	-0.024076	1.800000	0.152238	0.005331	4.8
919	-0.025590	2.800000	0.148354	0.002145	5.1
920	-0.023815	2.000000	0.151440	0.001601	5.4
921	-0.023221	3.000000	0.147609	0.002452	5.2
922	-0.026250	2.200000	0.150652	0.003778	4.6
923	-0.021188	1.400000	0.153869	0.002176	4.7
924	-0.025193	0.600000	0.157275	0.003638	5.4
925	-0.030728	0.000000	0.159965	0.004028	5.6
926	-0.021479	1.000000	0.155547	0.003566	4.9
927	-0.021112	2.000000	0.151440	0.003159	5.3
928	-0.025525	1.200000	0.154702	0.002951	5.5
929	-0.025351	2.200000	0.150652	0.003290	5.4
930	-0.022314	1.400000	0.153869	0.002912	5.5
931	-0.022128	0.600000	0.157275	0.001808	5.5
932	-0.024265	0.000000	0.159965	0.002210	5.0
933	-0.023354	0.000000	0.159965	0.002509	5.5
934	-0.025172	0.000000	0.159965	0.003559	5.3
935	-0.023560	0.000000	0.159965	0.004477	5.0
936	-0.020392	0.000000	0.159965	0.002862	5.0
937	-0.022425	1.000000	0.155547	0.001554	5.9
938	-0.023390	2.000000	0.151440	0.003078	5.4
939	-0.020952	3.000000	0.147609	0.002193	5.4
940	-0.028224	4.000000	0.144026	0.003149	5.8
941	-0.024166	3.200000	0.146873	0.002441	5.3
942	-0.025032	2.400000	0.149876	0.002346	5.5
943	-0.021879	1.600000	0.153048	0.001538	5.5
944	-0.023381	2.600000	0.149110	0.002081	5.4
945	-0.022270	3.600000	0.145431	0.002757	5.0
946	-0.023563	2.800000	0.148354	0.002799	5.2
947	-0.022624	3.800000	0.144724	0.002813	5.3
948	-0.025632	3.000000	0.147609	0.002742	5.0
949	-0.021856	2.200000	0.150652	0.001619	4.9
950	-0.021052	1.400000	0.153869	0.002643	4.8
951	-0.024383	0.600000	0.157275	0.002386	4.8
952	-0.023854	0.000000	0.159965	0.002504	5.1
953	-0.021283	0.000000	0.159965	0.002279	4.6
954	-0.022552	0.000000	0.159965	0.003456	5.0
955	-0.023462	0.000000	0.159965	0.002899	5.0
956	-0.025598	0.000000	0.159965	0.003967	4.9
957	-0.024250	0.000000	0.159965	0.000781	4.7
958	-0.021640	0.000000	0.159965	0.002270	4.7
959	-0.025052	1.000000	0.155547	0.001853	5.2
960	-0.023217	0.200000	0.159054	0.004194	5.0
961	-0.023738	0.000000	0.159965	0.004036	5.1
962	-0.024067	0.000000	0.159965	0.004223	5.1
963	-0.021651	0.000000	0.159965	0.001929	5.3
964	-0.021217	0.000000	0.159965	0.004695	5.0
965	-0.020875	0.000000	0.159965	0.003057	5.4
966	-0.019920	0.000000	0.159965	0.001907	5.4
967	-0.024754	0.000000	0.159965	0.001612	5.2
968	-0.023800	0.000000	0.159965	0.003983	5.5
969	-0.022082	0.000000	0.159965	0.003226	5.7
970	-0.023315	1.000000	0.155547	0.004261	5.3
971	-0.021935	0.200000	0.159054	0.002624	5.2
972	-0.023371	1.200000	0.154702	0.002445	5.5
973	-0.022806	0.400000	0.158158	0.001725	5.2
974	-0.025836	0.000000	0.159965	0.004713	5.8
975	-0.022202	0.000000	0.159965	0.002406	5.8
976	-0.025617	0.000000	0.159965	0.003143	5.5
977	-0.025696	0.000000	0.159965	0.003114	5.5
978	-0.025795	1.000000	0.155547	0.002821	5.6
979	-0.026062	0.200000	0.159054	0.002739	5.4
980	-0.022487	0.000000	0.159965	0.004639	5.2
981	-0.022407	0.000000	0.159965	0.002062	5.0
982	-0.023050	0.000000	0.159965	0.003537	5.1
983	-0.020981	0.000000	0.159965	0.003344	4.7
984	-0.021267	0.000000	0.159965	0.000968	5.1
985	-0.024121	0.000000	0.159965	0.001868	5.2
986	-0.023530	0.000000	0.159965	0.001974	5.2
987	-0.022708	0.000000	0.159965	0.003792	5.0
988	-0.021081	1.000000	0.155547	0.001266	5.5
989	-0.021418	2.000000	0.151440	0.002822	5.4
990	-0.021683	3.000000	0.147609	0.001503	5.6
991	-0.022315	2.200000	0.150652	0.002636	5.6
992	-0.025842	1.400000	0.153869	0.002831	5.7
993	-0.023377	0.600000	0.157275	0.004821	5.4
994	-0.021375	0.000000	0.159965	0.003506	5.2
995	-0.021222	1.000000	0.155547	0.002187	5.4
996	-0.021264	2.000000	0.151440	0.002810	5.4
997	-0.024274	3.000000	0.147609	0.004090	5.6
998	-0.020995	2.200000	0.150652	0.002937	5.5
999	-0.025924	1.400000	0.153869	0.003119	5.6
