1:ItNr	2:Metric	3a:Time	3b:StepSize	4:||Gradient||	Time[ms]
0	-1.024087	0.000000	0.159965	0.002067	22.4
1	-1.023563	0.000000	0.159965	0.001724	34.9
2	-1.024936	0.000000	0.159965	0.001957	28.4
3	-1.024255	0.000000	0.159965	0.001853	16.3
4	-1.024644	0.000000	0.159965	0.001977	16.1
5	-1.024166	0.000000	0.159965	0.001961	17.9
6	-1.023245	0.000000	0.159965	0.002068	33.4
7	-1.023604	0.000000	0.159965	0.001816	15.9
8	-1.024625	0.000000	0.159965	0.002297	15.9
9	-1.023983	0.000000	0.159965	0.002026	15.8
10	-1.023956	0.000000	0.159965	0.002216	15.5
11	-1.023810	0.000000	0.159965	0.002186	15.5
12	-1.024582	0.000000	0.159965	0.002148	15.5
13	-1.023722	0.000000	0.159965	0.002216	15.5
14	-1.024283	0.000000	0.159965	0.002055	15.6
15	-1.023567	0.000000	0.159965	0.002207	15.5
16	-1.024653	0.000000	0.159965	0.002049	15.5
17	-1.024011	0.000000	0.159965	0.001832	15.6
18	-1.023593	0.000000	0.159965	0.001916	15.4
19	-1.023805	0.000000	0.159965	0.002006	15.2
20	-1.023870	0.000000	0.159965	0.002012	14.9
21	-1.023580	0.000000	0.159965	0.002032	15.1
22	-1.022766	0.000000	0.159965	0.001934	15.0
23	-1.025384	0.000000	0.159965	0.002129	15.1
24	-1.024379	0.000000	0.159965	0.001959	15.0
25	-1.022909	0.000000	0.159965	0.001960	15.7
26	-1.024237	0.000000	0.159965	0.001956	15.7
27	-1.023844	0.000000	0.159965	0.002066	15.4
28	-1.024582	0.000000	0.159965	0.002209	15.5
29	-1.024217	0.000000	0.159965	0.001892	15.5
30	-1.024130	0.000000	0.159965	0.001983	15.1
31	-1.023569	0.000000	0.159965	0.002085	15.0
32	-1.023223	0.000000	0.159965	0.001746	15.1
33	-1.024018	0.000000	0.159965	0.001873	15.2
34	-1.023259	0.000000	0.159965	0.002055	28.8
35	-1.023440	0.000000	0.159965	0.002124	16.6
36	-1.023633	0.000000	0.159965	0.002316	15.4
37	-1.023949	0.000000	0.159965	0.001779	15.1
38	-1.024307	0.000000	0.159965	0.001852	15.1
39	-1.025290	0.000000	0.159965	0.002087	15.0
40	-1.023829	0.000000	0.159965	0.001881	15.0
41	-1.023684	0.000000	0.159965	0.002240	14.9
42	-1.023758	0.000000	0.159965	0.002284	15.2
43	-1.022792	0.000000	0.159965	0.001849	15.1
44	-1.023991	0.000000	0.159965	0.001786	15.5
45	-1.024880	0.000000	0.159965	0.002064	15.6
46	-1.024676	0.000000	0.159965	0.001846	15.6
47	-1.023704	0.000000	0.159965	0.001982	16.7
48	-1.024832	0.000000	0.159965	0.002064	15.1
49	-1.023922	0.000000	0.159965	0.002214	15.0
50	-1.022052	0.000000	0.159965	0.001984	15.1
51	-1.023507	0.000000	0.159965	0.002128	15.1
52	-1.023083	0.000000	0.159965	0.001897	15.5
53	-1.024569	0.000000	0.159965	0.002220	15.4
54	-1.023864	0.000000	0.159965	0.001723	15.5
55	-1.023859	0.000000	0.159965	0.002081	15.4
56	-1.024205	0.000000	0.159965	0.001885	15.4
57	-1.023116	0.000000	0.159965	0.001955	15.5
58	-1.023917	0.000000	0.159965	0.002090	15.7
59	-1.023910	0.000000	0.159965	0.002105	15.7
60	-1.023252	0.000000	0.159965	0.001866	15.6
61	-1.022988	0.000000	0.159965	0.002250	15.4
62	-1.024720	0.000000	0.159965	0.001900	15.5
63	-1.024721	0.000000	0.159965	0.001955	15.5
64	-1.023039	0.000000	0.159965	0.001842	15.5
65	-1.023261	0.000000	0.159965	0.001709	15.5
66	-1.023487	0.000000	0.159965	0.002022	15.5
67	-1.023956	0.000000	0.159965	0.002157	15.4
68	-1.024044	0.000000	0.159965	0.002335	15.4
69	-1.024642	0.000000	0.159965	0.002149	15.5
70	-1.023678	0.000000	0.159965	0.002184	15.4
71	-1.024086	0.000000	0.159965	0.001665	15.4
72	-1.023846	0.000000	0.159965	0.001987	15.4
73	-1.023594	0.000000	0.159965	0.002135	15.4
74	-1.024112	0.000000	0.159965	0.002074	15.5
75	-1.023209	0.000000	0.159965	0.002091	15.6
76	-1.024713	0.000000	0.159965	0.002133	15.5
77	-1.023541	0.000000	0.159965	0.002051	15.5
78	-1.023623	0.000000	0.159965	0.002080	15.5
79	-1.024713	0.000000	0.159965	0.001970	15.4
80	-1.022857	0.000000	0.159965	0.002058	15.4
81	-1.024189	0.000000	0.159965	0.002092	15.5
82	-1.023965	0.000000	0.159965	0.002188	15.6
83	-1.024166	0.000000	0.159965	0.002042	15.4
84	-1.023705	0.000000	0.159965	0.002127	15.4
85	-1.023761	0.000000	0.159965	0.002035	15.5
86	-1.023757	0.000000	0.159965	0.001975	15.7
87	-1.024562	0.000000	0.159965	0.001921	15.6
88	-1.023175	0.000000	0.159965	0.002195	15.5
89	-1.024022	0.000000	0.159965	0.002151	15.5
90	-1.023726	0.000000	0.159965	0.002106	15.5
91	-1.024270	0.000000	0.159965	0.001889	15.6
92	-1.024898	0.000000	0.159965	0.002094	15.5
93	-1.024340	0.000000	0.159965	0.002118	15.8
94	-1.023447	0.000000	0.159965	0.002254	15.5
95	-1.024488	0.000000	0.159965	0.001954	15.6
96	-1.023004	0.000000	0.159965	0.001854	15.1
97	-1.023714	0.000000	0.159965	0.001894	15.2
98	-1.023435	0.000000	0.159965	0.001898	15.6
99	-1.023389	0.000000	0.159965	0.002062	15.6
100	-1.024631	0.000000	0.159965	0.001999	15.4
101	-1.023322	0.000000	0.159965	0.001845	15.1
102	-1.024315	0.000000	0.159965	0.002072	15.2
103	-1.023168	0.000000	0.159965	0.001801	15.1
104	-1.023831	0.000000	0.159965	0.001786	15.1
105	-1.024436	0.000000	0.159965	0.001912	15.0
106	-1.024465	0.000000	0.159965	0.002166	15.0
107	-1.024007	0.000000	0.159965	0.002020	15.5
108	-1.024666	0.000000	0.159965	0.002111	15.4
109	-1.024652	0.000000	0.159965	0.002076	15.4
110	-1.023738	0.000000	0.159965	0.002098	15.4
111	-1.024080	0.000000	0.159965	0.002162	15.4
112	-1.023853	0.000000	0.159965	0.001944	15.4
113	-1.024048	0.000000	0.159965	0.001766	15.3
114	-1.023884	0.000000	0.159965	0.001871	15.4
115	-1.024770	0.000000	0.159965	0.002117	15.6
116	-1.023483	0.000000	0.159965	0.002061	15.1
117	-1.024874	0.000000	0.159965	0.002302	15.0
118	-1.024081	0.000000	0.159965	0.002234	15.1
119	-1.023682	0.000000	0.159965	0.002140	15.1
120	-1.023680	0.000000	0.159965	0.002178	15.1
121	-1.023892	0.000000	0.159965	0.001903	15.3
122	-1.023776	0.000000	0.159965	0.002131	15.4
123	-1.023135	0.000000	0.159965	0.001859	15.6
124	-1.023167	0.000000	0.159965	0.002168	15.7
125	-1.023795	0.000000	0.159965	0.002059	15.7
126	-1.023124	0.000000	0.159965	0.002123	15.5
127	-1.023880	0.000000	0.159965	0.002009	15.6
128	-1.023757	0.000000	0.159965	0.002074	15.4
129	-1.023912	0.000000	0.159965	0.001999	15.7
130	-1.023292	0.000000	0.159965	0.001905	15.4
131	-1.023371	0.000000	0.159965	0.002244	15.4
132	-1.024014	0.000000	0.159965	0.002106	15.4
133	-1.024837	0.000000	0.159965	0.002122	15.5
134	-1.023818	0.000000	0.159965	0.002073	15.4
135	-1.024155	0.000000	0.159965	0.001917	15.4
136	-1.024358	0.000000	0.159965	0.002032	15.6
137	-1.022743	0.000000	0.159965	0.001767	15.5
138	-1.023913	0.000000	0.159965	0.002321	15.4
139	-1.024197	0.000000	0.159965	0.001838	15.3
140	-1.023318	0.000000	0.159965	0.002018	15.6
141	-1.024407	0.000000	0.159965	0.002124	15.5
142	-1.023489	0.000000	0.159965	0.001984	15.4
143	-1.024027	0.000000	0.159965	0.002216	15.5
144	-1.024916	0.000000	0.159965	0.001942	15.4
145	-1.023818	0.000000	0.159965	0.001834	15.4
146	-1.023424	0.000000	0.159965	0.001916	15.5
147	-1.024115	0.000000	0.159965	0.002217	15.5
148	-1.024042	0.000000	0.159965	0.002024	15.5
149	-1.024511	0.000000	0.159965	0.002015	15.5
150	-1.024326	0.000000	0.159965	0.002052	15.3
151	-1.024011	0.000000	0.159965	0.002278	15.4
152	-1.024063	0.000000	0.159965	0.002153	15.3
153	-1.023237	0.000000	0.159965	0.002036	26.7
154	-1.023515	0.000000	0.159965	0.002041	18.4
155	-1.022847	0.000000	0.159965	0.002085	15.4
156	-1.025274	0.000000	0.159965	0.002285	15.6
157	-1.023572	0.000000	0.159965	0.002080	15.6
158	-1.023549	0.000000	0.159965	0.002014	15.3
159	-1.024148	0.000000	0.159965	0.001879	15.4
160	-1.024769	0.000000	0.159965	0.002130	15.6
161	-1.024562	0.000000	0.159965	0.001829	15.2
162	-1.023970	0.000000	0.159965	0.002116	15.4
163	-1.024171	0.000000	0.159965	0.001941	15.0
164	-1.024616	0.000000	0.159965	0.001934	14.9
165	-1.024253	0.000000	0.159965	0.001956	15.2
166	-1.023162	0.000000	0.159965	0.001631	15.2
167	-1.024265	0.000000	0.159965	0.001893	15.5
168	-1.024250	0.000000	0.159965	0.002033	15.6
169	-1.024578	0.000000	0.159965	0.001998	15.3
170	-1.023495	0.000000	0.159965	0.001826	15.4
171	-1.023413	0.000000	0.159965	0.002138	15.4
172	-1.022849	0.000000	0.159965	0.001783	15.4
173	-1.024132	0.000000	0.159965	0.002101	15.4
174	-1.023694	0.000000	0.159965	0.001864	15.4
175	-1.022997	0.000000	0.159965	0.001831	15.4
176	-1.023980	0.000000	0.159965	0.002030	15.5
177	-1.024279	0.000000	0.159965	0.001788	15.7
178	-1.024136	0.000000	0.159965	0.002157	15.5
179	-1.024802	0.000000	0.159965	0.002229	15.5
180	-1.024215	0.000000	0.159965	0.002076	15.4
181	-1.023076	0.000000	0.159965	0.001930	15.4
182	-1.023373	0.000000	0.159965	0.002043	15.4
183	-1.023195	0.000000	0.159965	0.002139	15.4
184	-1.023682	0.000000	0.159965	0.002062	15.4
185	-1.023101	0.000000	0.159965	0.002071	15.5
186	-1.024201	0.000000	0.159965	0.001788	15.4
187	-1.023997	0.000000	0.159965	0.001870	15.6
188	-1.023780	0.000000	0.159965	0.002123	15.5
189	-1.023616	0.000000	0.159965	0.002198	15.6
190	-1.023989	0.000000	0.159965	0.001893	15.3
191	-1.023796	0.000000	0.159965	0.002039	15.5
192	-1.024751	0.000000	0.159965	0.002020	15.4
193	-1.023128	0.000000	0.159965	0.001946	15.6
194	-1.024556	0.000000	0.159965	0.002153	15.6
195	-1.023062	0.000000	0.159965	0.002065	15.5
196	-1.023942	0.000000	0.159965	0.002264	15.4
197	-1.023978	0.000000	0.159965	0.002001	15.4
198	-1.024125	0.000000	0.159965	0.001934	15.4
199	-1.023324	0.000000	0.159965	0.002089	15.4
200	-1.023052	0.000000	0.159965	0.001825	15.5
201	-1.023852	0.000000	0.159965	0.002127	15.7
202	-1.024822	0.000000	0.159965	0.002102	15.5
203	-1.024626	0.000000	0.159965	0.001851	15.3
204	-1.023617	0.000000	0.159965	0.002157	15.5
205	-1.024395	0.000000	0.159965	0.001976	15.5
206	-1.023871	0.000000	0.159965	0.002030	15.5
207	-1.023115	0.000000	0.159965	0.001910	15.3
208	-1.024137	0.000000	0.159965	0.002226	15.4
209	-1.024247	0.000000	0.159965	0.001945	15.4
210	-1.023986	0.000000	0.159965	0.001993	15.4
211	-1.023729	0.000000	0.159965	0.002105	15.4
212	-1.023603	0.000000	0.159965	0.002019	15.5
213	-1.023920	0.000000	0.159965	0.002125	15.5
214	-1.024329	0.000000	0.159965	0.002124	15.6
215	-1.024344	0.000000	0.159965	0.002068	15.6
216	-1.023561	0.000000	0.159965	0.001740	15.5
217	-1.024151	0.000000	0.159965	0.002104	15.5
218	-1.024048	0.000000	0.159965	0.002030	15.4
219	-1.024450	0.000000	0.159965	0.002148	15.5
220	-1.023676	0.000000	0.159965	0.001951	15.5
221	-1.023817	0.000000	0.159965	0.002043	15.6
222	-1.024054	0.000000	0.159965	0.001975	15.7
223	-1.024473	0.000000	0.159965	0.002251	15.4
224	-1.022665	0.000000	0.159965	0.002101	15.3
225	-1.024416	0.000000	0.159965	0.002285	15.5
226	-1.024228	0.000000	0.159965	0.001984	15.6
227	-1.024906	0.000000	0.159965	0.001945	15.4
228	-1.023920	0.000000	0.159965	0.001912	15.5
229	-1.022980	0.000000	0.159965	0.002061	15.4
230	-1.023405	0.000000	0.159965	0.002094	15.5
231	-1.023955	0.000000	0.159965	0.002074	15.4
232	-1.024494	0.000000	0.159965	0.002157	15.4
233	-1.023553	0.000000	0.159965	0.002101	15.4
234	-1.024752	0.000000	0.159965	0.001971	15.5
235	-1.024103	0.000000	0.159965	0.001843	15.5
236	-1.023882	0.000000	0.159965	0.002160	15.4
237	-1.023569	0.000000	0.159965	0.002293	15.4
238	-1.023012	0.000000	0.159965	0.002087	15.3
239	-1.024490	0.000000	0.159965	0.002014	15.5
240	-1.024189	0.000000	0.159965	0.002021	15.7
241	-1.024207	0.000000	0.159965	0.001914	15.3
242	-1.024118	0.000000	0.159965	0.002082	15.4
243	-1.023026	0.000000	0.159965	0.001925	15.4
244	-1.024807	0.000000	0.159965	0.002175	15.4
245	-1.023372	0.000000	0.159965	0.001995	15.4
246	-1.024109	0.000000	0.159965	0.002027	15.5
247	-1.024474	0.000000	0.159965	0.001912	15.4
248	-1.023088	0.000000	0.159965	0.002123	15.4
249	-1.024142	0.000000	0.159965	0.002336	15.4
250	-1.024082	0.000000	0.159965	0.001936	15.4
251	-1.024552	0.000000	0.159965	0.002146	15.5
252	-1.024567	0.000000	0.159965	0.002004	15.4
253	-1.024319	0.000000	0.159965	0.002186	15.4
254	-1.024521	0.000000	0.159965	0.002026	15.5
255	-1.023410	0.000000	0.159965	0.001888	15.5
256	-1.025379	0.000000	0.159965	0.001837	15.3
257	-1.023755	0.000000	0.159965	0.001999	15.4
258	-1.023584	0.000000	0.159965	0.002012	15.4
259	-1.024564	0.000000	0.159965	0.002085	15.4
260	-1.024547	0.000000	0.159965	0.001981	15.4
261	-1.024352	0.000000	0.159965	0.002038	15.5
262	-1.023955	0.000000	0.159965	0.002048	15.4
263	-1.024207	0.000000	0.159965	0.002083	15.3
264	-1.024803	0.000000	0.159965	0.002154	15.4
265	-1.023716	0.000000	0.159965	0.002098	15.5
266	-1.023922	0.000000	0.159965	0.001946	15.4
267	-1.025499	0.000000	0.159965	0.001831	15.4
268	-1.023062	0.000000	0.159965	0.001999	15.4
269	-1.023342	0.000000	0.159965	0.002099	15.4
270	-1.023346	0.000000	0.159965	0.002022	15.5
271	-1.023864	0.000000	0.159965	0.001977	15.4
272	-1.023963	0.000000	0.159965	0.001893	15.6
273	-1.023531	0.000000	0.159965	0.002121	15.4
274	-1.023049	0.000000	0.159965	0.001867	15.3
275	-1.024879	0.000000	0.159965	0.002179	15.3
276	-1.023985	0.000000	0.159965	0.002099	15.5
277	-1.024545	0.000000	0.159965	0.002110	15.5
278	-1.024177	0.000000	0.159965	0.002083	15.8
279	-1.023450	0.000000	0.159965	0.001983	15.6
280	-1.024811	0.000000	0.159965	0.002257	28.5
281	-1.024501	0.000000	0.159965	0.002208	16.6
282	-1.023443	0.000000	0.159965	0.002093	15.1
283	-1.024796	0.000000	0.159965	0.001949	15.1
284	-1.023729	0.000000	0.159965	0.002142	15.0
285	-1.023629	0.000000	0.159965	0.002050	15.2
286	-1.024592	0.000000	0.159965	0.002088	15.2
287	-1.023084	0.000000	0.159965	0.002016	15.4
288	-1.023385	0.000000	0.159965	0.001704	15.5
289	-1.023952	0.000000	0.159965	0.002000	15.4
290	-1.024047	0.000000	0.159965	0.002028	15.5
291	-1.024050	0.000000	0.159965	0.002506	15.4
292	-1.023680	0.000000	0.159965	0.001933	15.0
293	-1.024884	0.000000	0.159965	0.001849	15.0
294	-1.023926	0.000000	0.159965	0.002046	15.0
295	-1.023097	0.000000	0.159965	0.001795	15.0
296	-1.023424	0.000000	0.159965	0.001984	15.1
297	-1.024913	0.000000	0.159965	0.002233	15.1
298	-1.024149	0.000000	0.159965	0.002155	15.0
299	-1.024965	0.000000	0.159965	0.001997	15.0
300	-1.023809	0.000000	0.159965	0.002009	15.4
301	-1.024466	0.000000	0.159965	0.002253	15.4
302	-1.023022	0.000000	0.159965	0.002211	15.4
303	-1.024411	0.000000	0.159965	0.001747	15.5
304	-1.023253	0.000000	0.159965	0.002034	15.5
305	-1.023754	0.000000	0.159965	0.002056	15.5
306	-1.022955	0.000000	0.159965	0.001898	15.4
307	-1.024394	0.000000	0.159965	0.002061	15.4
308	-1.022889	0.000000	0.159965	0.001844	15.5
309	-1.023678	0.000000	0.159965	0.001972	15.5
310	-1.024137	0.000000	0.159965	0.002067	15.5
311	-1.024146	0.000000	0.159965	0.002031	15.4
312	-1.024466	0.000000	0.159965	0.002263	15.4
313	-1.023230	0.000000	0.159965	0.002022	15.4
314	-1.024216	0.000000	0.159965	0.002095	15.3
315	-1.024245	0.000000	0.159965	0.001957	15.6
316	-1.023230	0.000000	0.159965	0.002164	15.7
317	-1.023083	0.000000	0.159965	0.002242	15.8
318	-1.023661	0.000000	0.159965	0.002193	15.4
319	-1.024495	0.000000	0.159965	0.001823	15.4
320	-1.024049	0.000000	0.159965	0.002143	15.5
321	-1.024195	0.000000	0.159965	0.002189	15.5
322	-1.024157	0.000000	0.159965	0.001903	15.4
323	-1.024296	0.000000	0.159965	0.002053	15.5
324	-1.023521	0.000000	0.159965	0.002165	15.5
325	-1.023997	0.000000	0.159965	0.002070	15.5
326	-1.023950	0.000000	0.159965	0.001952	15.5
327	-1.022974	0.000000	0.159965	0.001939	15.4
328	-1.023980	0.000000	0.159965	0.001983	15.5
329	-1.023198	0.000000	0.159965	0.002126	15.6
330	-1.023816	0.000000	0.159965	0.001977	15.5
331	-1.024512	0.000000	0.159965	0.002146	15.4
332	-1.025319	0.000000	0.159965	0.002126	15.5
333	-1.024779	0.000000	0.159965	0.001826	15.4
334	-1.023771	0.000000	0.159965	0.001860	15.0
335	-1.024579	0.000000	0.159965	0.001895	15.0
336	-1.024203	0.000000	0.159965	0.001965	15.0
337	-1.025413	0.000000	0.159965	0.002343	15.2
338	-1.024562	0.000000	0.159965	0.001901	15.0
339	-1.025076	0.000000	0.159965	0.002312	14.9
340	-1.025245	0.000000	0.159965	0.001853	14.8
341	-1.024263	0.000000	0.159965	0.001967	15.0
342	-1.023350	0.000000	0.159965	0.001769	15.4
343	-1.024131	0.000000	0.159965	0.001774	15.4
344	-1.024157	0.000000	0.159965	0.001931	15.5
345	-1.024498	0.000000	0.159965	0.002097	15.3
346	-1.024125	0.000000	0.159965	0.002296	15.5
347	-1.024212	0.000000	0.159965	0.002108	15.5
348	-1.023310	0.000000	0.159965	0.002078	15.5
349	-1.023862	0.000000	0.159965	0.001970	15.4
350	-1.024268	0.000000	0.159965	0.002179	15.7
351	-1.023402	0.000000	0.159965	0.002113	15.6
352	-1.022942	0.000000	0.159965	0.001772	15.4
353	-1.024372	0.000000	0.159965	0.002102	15.5
354	-1.024728	0.000000	0.159965	0.002118	15.5
355	-1.023613	0.000000	0.159965	0.002005	15.8
356	-1.023583	0.000000	0.159965	0.001916	15.8
357	-1.022963	0.000000	0.159965	0.001988	15.7
358	-1.023807	0.000000	0.159965	0.002177	15.3
359	-1.023386	0.000000	0.159965	0.001987	15.0
360	-1.023342	0.000000	0.159965	0.001882	15.0
361	-1.024637	0.000000	0.159965	0.001845	15.1
362	-1.022941	0.000000	0.159965	0.001980	15.1
363	-1.024011	0.000000	0.159965	0.002167	14.9
364	-1.024351	0.000000	0.159965	0.002004	15.4
365	-1.024180	0.000000	0.159965	0.001925	15.4
366	-1.024945	0.000000	0.159965	0.001918	15.4
367	-1.024720	0.000000	0.159965	0.002047	15.4
368	-1.025071	0.000000	0.159965	0.001980	15.4
369	-1.024299	0.000000	0.159965	0.001998	15.7
370	-1.023587	0.000000	0.159965	0.002092	15.5
371	-1.023872	0.000000	0.159965	0.002112	15.5
372	-1.023879	0.000000	0.159965	0.002166	15.4
373	-1.024839	0.000000	0.159965	0.001980	15.3
374	-1.023958	0.000000	0.159965	0.001953	15.4
375	-1.024532	0.000000	0.159965	0.002133	15.5
376	-1.023269	0.000000	0.159965	0.001885	15.5
377	-1.024505	0.000000	0.159965	0.001806	15.5
378	-1.023332	0.000000	0.159965	0.002055	15.4
379	-1.024177	0.000000	0.159965	0.001987	15.4
380	-1.024782	0.000000	0.159965	0.002077	15.4
381	-1.023862	0.000000	0.159965	0.001874	15.0
382	-1.023980	0.000000	0.159965	0.002099	15.1
383	-1.023277	0.000000	0.159965	0.002106	15.0
384	-1.023593	0.000000	0.159965	0.002287	15.0
385	-1.024386	0.000000	0.159965	0.002239	15.0
386	-1.025951	0.000000	0.159965	0.002082	15.2
387	-1.023424	0.000000	0.159965	0.001699	15.2
388	-1.024213	0.000000	0.159965	0.001998	15.0
389	-1.023949	0.000000	0.159965	0.001790	14.9
390	-1.023405	0.000000	0.159965	0.002253	15.0
391	-1.024103	0.000000	0.159965	0.002067	15.1
392	-1.023795	0.000000	0.159965	0.002019	15.4
393	-1.022690	0.000000	0.159965	0.002045	15.4
394	-1.024108	0.000000	0.159965	0.001804	15.6
395	-1.024724	0.000000	0.159965	0.002133	15.6
396	-1.023378	0.000000	0.159965	0.001658	15.3
397	-1.024260	0.000000	0.159965	0.002069	15.4
398	-1.022931	0.000000	0.159965	0.002053	15.5
399	-1.023720	0.000000	0.159965	0.001997	15.5
400	-1.022848	0.000000	0.159965	0.001848	15.4
401	-1.023357	0.000000	0.159965	0.001985	15.4
402	-1.024338	0.000000	0.159965	0.002127	15.3
403	-1.024198	0.000000	0.159965	0.002210	15.4
404	-1.023944	0.000000	0.159965	0.001955	15.5
405	-1.023437	0.000000	0.159965	0.002060	15.4
406	-1.025067	0.000000	0.159965	0.002051	15.4
407	-1.023397	0.000000	0.159965	0.001858	15.4
408	-1.024762	0.000000	0.159965	0.002052	15.5
409	-1.024559	0.000000	0.159965	0.001893	15.3
410	-1.023567	0.000000	0.159965	0.002063	15.4
411	-1.024452	0.000000	0.159965	0.001887	15.5
412	-1.024445	0.000000	0.159965	0.002130	15.4
413	-1.025608	0.000000	0.159965	0.001912	15.5
414	-1.023269	0.000000	0.159965	0.001991	15.4
415	-1.023207	0.000000	0.159965	0.002102	15.9
416	-1.023616	0.000000	0.159965	0.002026	15.7
417	-1.024158	0.000000	0.159965	0.002139	15.5
418	-1.023915	0.000000	0.159965	0.001927	15.3
419	-1.024388	0.000000	0.159965	0.002120	15.5
420	-1.024615	0.000000	0.159965	0.002214	15.5
421	-1.025412	0.000000	0.159965	0.002033	15.4
422	-1.023787	0.000000	0.159965	0.002046	15.4
423	-1.024132	0.000000	0.159965	0.002155	15.4
424	-1.024028	0.000000	0.159965	0.002166	15.3
425	-1.023927	0.000000	0.159965	0.001778	15.5
426	-1.023484	0.000000	0.159965	0.002190	15.5
427	-1.023744	0.000000	0.159965	0.002082	15.4
428	-1.023686	0.000000	0.159965	0.001995	15.4
429	-1.023959	0.000000	0.159965	0.002179	15.5
430	-1.024516	0.000000	0.159965	0.002034	15.5
431	-1.023630	0.000000	0.159965	0.001939	15.4
432	-1.025406	0.000000	0.159965	0.001894	15.5
433	-1.024255	0.000000	0.159965	0.002053	15.7
434	-1.023091	0.000000	0.159965	0.002223	15.5
435	-1.024023	0.000000	0.159965	0.002053	15.4
436	-1.022935	0.000000	0.159965	0.002202	15.6
437	-1.023805	0.000000	0.159965	0.002104	15.5
438	-1.023675	0.000000	0.159965	0.001960	15.3
439	-1.024680	0.000000	0.159965	0.002170	15.5
440	-1.024667	0.000000	0.159965	0.002279	15.4
441	-1.023457	0.000000	0.159965	0.002054	15.6
442	-1.024643	0.000000	0.159965	0.001844	15.4
443	-1.024542	0.000000	0.159965	0.002188	15.6
444	-1.024577	0.000000	0.159965	0.001936	15.5
445	-1.023709	0.000000	0.159965	0.002021	15.5
446	-1.024549	0.000000	0.159965	0.001984	15.4
447	-1.024219	0.000000	0.159965	0.002014	15.3
448	-1.024353	0.000000	0.159965	0.001906	15.3
449	-1.023948	0.000000	0.159965	0.002152	15.6
450	-1.025187	0.000000	0.159965	0.001994	15.4
451	-1.024904	0.000000	0.159965	0.001909	15.5
452	-1.023194	0.000000	0.159965	0.002133	15.4
453	-1.022910	0.000000	0.159965	0.001970	15.4
454	-1.023598	0.000000	0.159965	0.002237	15.5
455	-1.023427	0.000000	0.159965	0.001993	15.4
456	-1.024575	0.000000	0.159965	0.002046	15.4
457	-1.023918	0.000000	0.159965	0.001976	15.0
458	-1.024548	0.000000	0.159965	0.002126	15.0
459	-1.024503	0.000000	0.159965	0.001994	15.4
460	-1.024521	0.000000	0.159965	0.002103	15.4
461	-1.024211	0.000000	0.159965	0.001773	15.4
462	-1.023949	0.000000	0.159965	0.001930	15.6
463	-1.024207	0.000000	0.159965	0.002210	15.5
464	-1.024789	0.000000	0.159965	0.002095	15.4
465	-1.024729	0.000000	0.159965	0.001862	15.4
466	-1.023969	0.000000	0.159965	0.002165	15.3
467	-1.024315	0.000000	0.159965	0.001950	15.4
468	-1.024533	0.000000	0.159965	0.002074	15.5
469	-1.023817	0.000000	0.159965	0.002010	15.5
470	-1.023481	0.000000	0.159965	0.001789	15.4
471	-1.023312	0.000000	0.159965	0.001974	15.5
472	-1.024120	0.000000	0.159965	0.002049	15.9
473	-1.023595	0.000000	0.159965	0.002078	15.5
474	-1.024477	0.000000	0.159965	0.002008	15.6
475	-1.025523	0.000000	0.159965	0.002188	15.6
476	-1.024003	0.000000	0.159965	0.001938	15.5
477	-1.024214	0.000000	0.159965	0.002320	15.4
478	-1.023985	0.000000	0.159965	0.002193	15.4
479	-1.023276	0.000000	0.159965	0.002045	15.7
480	-1.023693	0.000000	0.159965	0.001868	15.6
481	-1.024224	0.000000	0.159965	0.002064	15.5
482	-1.023844	0.000000	0.159965	0.002073	15.5
483	-1.024287	0.000000	0.159965	0.002036	15.4
484	-1.023990	0.000000	0.159965	0.001845	15.7
485	-1.023276	0.000000	0.159965	0.001996	15.5
486	-1.023532	0.000000	0.159965	0.002049	15.5
487	-1.024843	0.000000	0.159965	0.002481	15.4
488	-1.024126	0.000000	0.159965	0.002227	15.6
489	-1.023650	0.000000	0.159965	0.002248	15.4
490	-1.024717	0.000000	0.159965	0.002103	15.5
491	-1.024690	0.000000	0.159965	0.001924	15.4
492	-1.024980	0.000000	0.159965	0.002056	15.5
493	-1.024186	0.000000	0.159965	0.001835	15.6
494	-1.024026	0.000000	0.159965	0.002119	15.8
495	-1.023822	0.000000	0.159965	0.002134	15.8
496	-1.024269	0.000000	0.159965	0.002271	15.7
497	-1.023697	0.000000	0.159965	0.001918	15.7
498	-1.024362	0.000000	0.159965	0.001676	15.7
499	-1.023626	0.000000	0.159965	0.001853	15.7
500	-1.023511	0.000000	0.159965	0.002013	15.8
501	-1.024240	0.000000	0.159965	0.002196	15.8
502	-1.024337	0.000000	0.159965	0.002076	15.7
503	-1.024735	0.000000	0.159965	0.002150	15.8
504	-1.023117	0.000000	0.159965	0.002024	15.9
505	-1.024767	0.000000	0.159965	0.001989	15.7
506	-1.023050	0.000000	0.159965	0.001902	15.7
507	-1.025015	0.000000	0.159965	0.002066	15.8
508	-1.024474	0.000000	0.159965	0.001934	16.1
509	-1.023761	0.000000	0.159965	0.001944	15.8
510	-1.024158	0.000000	0.159965	0.002086	15.9
511	-1.023527	0.000000	0.159965	0.002140	15.8
512	-1.025232	0.000000	0.159965	0.002048	15.9
513	-1.024171	0.000000	0.159965	0.002088	15.9
514	-1.023389	0.000000	0.159965	0.002144	15.9
515	-1.025228	0.000000	0.159965	0.002094	15.8
516	-1.024134	0.000000	0.159965	0.001760	16.0
517	-1.024945	0.000000	0.159965	0.002072	15.8
518	-1.022885	0.000000	0.159965	0.002027	15.8
519	-1.023152	0.000000	0.159965	0.002090	15.9
520	-1.024889	0.000000	0.159965	0.002108	16.0
521	-1.024074	0.000000	0.159965	0.001746	15.8
522	-1.024188	0.000000	0.159965	0.002161	15.9
523	-1.024011	0.000000	0.159965	0.001989	15.8
524	-1.024227	0.000000	0.159965	0.001675	15.9
525	-1.024483	0.000000	0.159965	0.001844	15.9
526	-1.024261	0.000000	0.159965	0.001867	16.1
527	-1.023497	0.000000	0.159965	0.002244	15.9
528	-1.024525	0.000000	0.159965	0.002231	15.9
529	-1.024452	0.000000	0.159965	0.002087	15.9
530	-1.023552	0.000000	0.159965	0.002079	15.8
531	-1.023636	0.000000	0.159965	0.002034	15.9
532	-1.024356	0.000000	0.159965	0.002123	15.8
533	-1.024798	0.000000	0.159965	0.001903	15.9
534	-1.023765	0.000000	0.159965	0.002197	15.8
535	-1.024607	0.000000	0.159965	0.002083	15.9
536	-1.024218	0.000000	0.159965	0.001998	15.8
537	-1.024014	0.000000	0.159965	0.001809	15.9
538	-1.024704	0.000000	0.159965	0.002012	15.9
539	-1.024555	0.000000	0.159965	0.002053	15.8
540	-1.023631	0.000000	0.159965	0.001946	16.0
541	-1.024840	0.000000	0.159965	0.002139	15.9
542	-1.024317	0.000000	0.159965	0.002035	15.8
543	-1.024434	0.000000	0.159965	0.002013	15.8
544	-1.023580	0.000000	0.159965	0.001938	15.8
545	-1.024301	0.000000	0.159965	0.001970	15.9
546	-1.025056	0.000000	0.159965	0.001960	15.9
547	-1.024358	0.000000	0.159965	0.001961	15.8
548	-1.023934	0.000000	0.159965	0.002137	15.9
549	-1.024486	0.000000	0.159965	0.002067	15.7
550	-1.024290	0.000000	0.159965	0.001976	15.7
551	-1.025608	0.000000	0.159965	0.002031	15.8
552	-1.024089	0.000000	0.159965	0.002144	15.7
553	-1.023421	0.000000	0.159965	0.001968	15.8
554	-1.023545	0.000000	0.159965	0.002127	15.7
555	-1.024786	0.000000	0.159965	0.002064	15.7
556	-1.023261	0.000000	0.159965	0.001874	15.6
557	-1.024704	0.000000	0.159965	0.002217	15.8
558	-1.024484	0.000000	0.159965	0.002211	15.7
559	-1.024672	0.000000	0.159965	0.002187	15.7
560	-1.023481	0.000000	0.159965	0.001983	15.7
561	-1.025321	0.000000	0.159965	0.002075	15.8
562	-1.022890	0.000000	0.159965	0.001867	15.8
563	-1.023554	0.000000	0.159965	0.001932	15.8
564	-1.023500	0.000000	0.159965	0.001862	15.6
565	-1.024572	0.000000	0.159965	0.002072	15.8
566	-1.024554	0.000000	0.159965	0.001958	15.7
567	-1.024072	0.000000	0.159965	0.002205	15.7
568	-1.024880	0.000000	0.159965	0.001931	15.6
569	-1.024135	0.000000	0.159965	0.002200	15.7
570	-1.024244	0.000000	0.159965	0.002039	15.7
571	-1.022973	0.000000	0.159965	0.002023	15.8
572	-1.023830	0.000000	0.159965	0.001877	15.9
573	-1.023757	0.000000	0.159965	0.001847	15.7
574	-1.025026	0.000000	0.159965	0.002088	15.7
575	-1.023692	0.000000	0.159965	0.002036	15.7
576	-1.023317	0.000000	0.159965	0.001914	15.8
577	-1.023428	0.000000	0.159965	0.002154	15.7
578	-1.023576	0.000000	0.159965	0.002026	15.7
579	-1.023513	0.000000	0.159965	0.001906	15.7
580	-1.024357	0.000000	0.159965	0.002065	15.8
581	-1.024042	0.000000	0.159965	0.002037	15.7
582	-1.024097	0.000000	0.159965	0.001850	15.7
583	-1.023870	0.000000	0.159965	0.002025	15.6
584	-1.024234	0.000000	0.159965	0.002153	15.9
585	-1.024558	0.000000	0.159965	0.001883	15.7
586	-1.023553	0.000000	0.159965	0.001927	15.7
587	-1.024624	0.000000	0.159965	0.002201	15.7
588	-1.024608	0.000000	0.159965	0.002141	15.7
589	-1.023785	0.000000	0.159965	0.002103	15.8
590	-1.024195	0.000000	0.159965	0.001972	15.9
591	-1.024163	0.000000	0.159965	0.002040	15.7
592	-1.023710	0.000000	0.159965	0.001748	15.5
593	-1.023661	0.000000	0.159965	0.002155	15.4
594	-1.024166	0.000000	0.159965	0.001733	15.4
595	-1.024981	0.000000	0.159965	0.002047	15.6
596	-1.023544	0.000000	0.159965	0.002020	15.5
597	-1.023610	0.000000	0.159965	0.001974	15.5
598	-1.023495	0.000000	0.159965	0.002028	15.4
599	-1.024303	0.000000	0.159965	0.002135	15.3
600	-1.023537	0.000000	0.159965	0.001809	15.8
601	-1.023703	0.000000	0.159965	0.001701	15.4
602	-1.024362	0.000000	0.159965	0.002106	14.9
603	-1.023886	0.000000	0.159965	0.002245	15.5
604	-1.024317	0.000000	0.159965	0.002041	15.5
605	-1.023626	0.000000	0.159965	0.002130	15.4
606	-1.025083	0.000000	0.159965	0.002150	15.6
607	-1.025498	0.000000	0.159965	0.001909	15.4
608	-1.024092	0.000000	0.159965	0.002209	15.7
609	-1.023806	0.000000	0.159965	0.002078	15.7
610	-1.022980	0.000000	0.159965	0.002025	15.7
611	-1.023951	0.000000	0.159965	0.002148	15.7
612	-1.023756	0.000000	0.159965	0.002088	15.7
613	-1.024012	0.000000	0.159965	0.002038	15.7
614	-1.023419	0.000000	0.159965	0.002145	15.6
615	-1.024366	0.000000	0.159965	0.001711	15.6
616	-1.023774	0.000000	0.159965	0.002100	15.5
617	-1.024343	0.000000	0.159965	0.002005	15.5
618	-1.023515	0.000000	0.159965	0.001783	15.4
619	-1.024222	0.000000	0.159965	0.001975	15.3
620	-1.023539	0.000000	0.159965	0.002056	15.5
621	-1.023772	0.000000	0.159965	0.002104	15.4
622	-1.023374	0.000000	0.159965	0.002207	15.5
623	-1.024356	0.000000	0.159965	0.001796	15.4
624	-1.023606	0.000000	0.159965	0.001973	15.6
625	-1.023560	0.000000	0.159965	0.002060	15.7
626	-1.024308	0.000000	0.159965	0.002245	15.5
627	-1.023192	0.000000	0.159965	0.002188	15.4
628	-1.024184	0.000000	0.159965	0.001954	15.5
629	-1.024979	0.000000	0.159965	0.002182	15.5
630	-1.023306	0.000000	0.159965	0.002060	15.6
631	-1.024615	0.000000	0.159965	0.001958	15.8
632	-1.023525	0.000000	0.159965	0.002047	15.8
633	-1.024667	0.000000	0.159965	0.002250	15.7
634	-1.024109	0.000000	0.159965	0.001823	15.8
635	-1.024224	0.000000	0.159965	0.002208	15.8
636	-1.023882	0.000000	0.159965	0.001922	15.3
637	-1.023554	0.000000	0.159965	0.001891	15.3
638	-1.023887	0.000000	0.159965	0.002219	15.2
639	-1.024398	0.000000	0.159965	0.001830	15.2
640	-1.023543	0.000000	0.159965	0.002221	15.3
641	-1.023855	0.000000	0.159965	0.001892	15.3
642	-1.024179	0.000000	0.159965	0.002045	15.4
643	-1.023850	0.000000	0.159965	0.001960	15.0
644	-1.023253	0.000000	0.159965	0.001761	15.2
645	-1.024389	0.000000	0.159965	0.001986	15.2
646	-1.025006	0.000000	0.159965	0.002079	14.9
647	-1.023124	0.000000	0.159965	0.002087	15.3
648	-1.023968	0.000000	0.159965	0.002298	15.4
649	-1.023814	0.000000	0.159965	0.001921	15.4
650	-1.024710	0.000000	0.159965	0.001892	15.4
651	-1.023245	0.000000	0.159965	0.002062	15.4
652	-1.024462	0.000000	0.159965	0.002022	15.5
653	-1.022727	0.000000	0.159965	0.001790	15.5
654	-1.026110	0.000000	0.159965	0.001994	15.4
655	-1.024096	0.000000	0.159965	0.002086	15.7
656	-1.025139	0.000000	0.159965	0.002069	15.4
657	-1.024835	0.000000	0.159965	0.002000	15.5
658	-1.024426	0.000000	0.159965	0.002007	15.3
659	-1.024742	0.000000	0.159965	0.002272	15.5
660	-1.024343	0.000000	0.159965	0.002158	15.9
661	-1.024641	0.000000	0.159965	0.001894	15.7
662	-1.023372	0.000000	0.159965	0.001940	15.8
663	-1.023390	0.000000	0.159965	0.001922	15.8
664	-1.023656	0.000000	0.159965	0.002217	15.7
665	-1.024290	0.000000	0.159965	0.002143	15.7
666	-1.024356	0.000000	0.159965	0.002117	15.6
667	-1.024800	0.000000	0.159965	0.001999	15.4
668	-1.024481	0.000000	0.159965	0.002170	15.4
669	-1.023307	0.000000	0.159965	0.001973	15.3
670	-1.024408	0.000000	0.159965	0.002136	15.3
671	-1.023885	0.000000	0.159965	0.001997	15.2
672	-1.024647	0.000000	0.159965	0.001985	15.1
673	-1.024342	0.000000	0.159965	0.002115	15.0
674	-1.023993	0.000000	0.159965	0.001942	15.2
675	-1.023430	0.000000	0.159965	0.002071	15.1
676	-1.023728	0.000000	0.159965	0.002107	15.3
677	-1.023974	0.000000	0.159965	0.002148	15.3
678	-1.024220	0.000000	0.159965	0.002131	15.4
679	-1.024345	0.000000	0.159965	0.001758	15.2
680	-1.023719	0.000000	0.159965	0.002014	15.7
681	-1.024154	0.000000	0.159965	0.002198	15.5
682	-1.023821	0.000000	0.159965	0.001929	15.5
683	-1.024416	0.000000	0.159965	0.002202	15.5
684	-1.024289	0.000000	0.159965	0.001946	15.3
685	-1.024703	0.000000	0.159965	0.002352	15.4
686	-1.024491	0.000000	0.159965	0.001887	15.5
687	-1.024022	0.000000	0.159965	0.001993	15.7
688	-1.024514	0.000000	0.159965	0.002161	15.9
689	-1.023379	0.000000	0.159965	0.002292	15.6
690	-1.024079	0.000000	0.159965	0.002134	15.5
691	-1.023984	0.000000	0.159965	0.001836	15.4
692	-1.023720	0.000000	0.159965	0.002085	15.4
693	-1.023383	0.000000	0.159965	0.001871	15.6
694	-1.024968	0.000000	0.159965	0.002091	15.5
695	-1.024029	0.000000	0.159965	0.002106	15.4
696	-1.024556	0.000000	0.159965	0.001965	15.4
697	-1.024554	0.000000	0.159965	0.002012	15.6
698	-1.023271	0.000000	0.159965	0.001686	15.3
699	-1.023389	0.000000	0.159965	0.002128	15.5
700	-1.024111	0.000000	0.159965	0.002111	15.3
701	-1.024007	0.000000	0.159965	0.001892	15.4
702	-1.023284	0.000000	0.159965	0.002170	15.2
703	-1.024642	0.000000	0.159965	0.002038	15.1
704	-1.023803	0.000000	0.159965	0.001852	15.0
705	-1.023426	0.000000	0.159965	0.002119	15.0
706	-1.023361	0.000000	0.159965	0.001880	15.4
707	-1.024875	0.000000	0.159965	0.002242	15.4
708	-1.023571	0.000000	0.159965	0.002030	15.4
709	-1.025576	0.000000	0.159965	0.002177	15.4
710	-1.023688	0.000000	0.159965	0.001976	15.3
711	-1.023788	0.000000	0.159965	0.002019	15.3
712	-1.025354	0.000000	0.159965	0.002114	15.4
713	-1.023839	0.000000	0.159965	0.002141	15.4
714	-1.024479	0.000000	0.159965	0.001813	15.0
715	-1.024789	0.000000	0.159965	0.001980	14.9
716	-1.023747	0.000000	0.159965	0.002174	14.9
717	-1.023307	0.000000	0.159965	0.001769	15.0
718	-1.022742	0.000000	0.159965	0.002107	15.4
719	-1.025093	0.000000	0.159965	0.002050	15.5
720	-1.024795	0.000000	0.159965	0.002031	15.5
721	-1.023888	0.000000	0.159965	0.002071	15.4
722	-1.023702	0.000000	0.159965	0.001854	15.5
723	-1.024922	0.000000	0.159965	0.002189	15.4
724	-1.025280	0.000000	0.159965	0.002126	15.3
725	-1.023330	0.000000	0.159965	0.001716	15.4
726	-1.024316	0.000000	0.159965	0.001965	15.4
727	-1.025028	0.000000	0.159965	0.002147	15.5
728	-1.024031	0.000000	0.159965	0.001860	15.5
729	-1.023878	0.000000	0.159965	0.002227	15.6
730	-1.024436	0.000000	0.159965	0.002123	15.6
731	-1.024612	0.000000	0.159965	0.002083	15.4
732	-1.023117	0.000000	0.159965	0.002132	15.5
733	-1.023682	0.000000	0.159965	0.001898	15.3
734	-1.024478	0.000000	0.159965	0.002134	15.2
735	-1.024073	0.000000	0.159965	0.002087	15.6
736	-1.023744	0.000000	0.159965	0.001829	15.6
737	-1.023914	0.000000	0.159965	0.002297	15.4
738	-1.024496	0.000000	0.159965	0.002201	15.4
739	-1.023786	0.000000	0.159965	0.002173	15.5
740	-1.024317	0.000000	0.159965	0.002197	15.5
741	-1.024643	0.000000	0.159965	0.002072	15.7
742	-1.023702	0.000000	0.159965	0.002322	15.5
743	-1.024388	0.000000	0.159965	0.002144	15.5
744	-1.024153	0.000000	0.159965	0.001834	15.6
745	-1.025069	0.000000	0.159965	0.002183	15.5
746	-1.024659	0.000000	0.159965	0.002128	15.5
747	-1.024553	0.000000	0.159965	0.002167	15.3
748	-1.024386	0.000000	0.159965	0.001885	15.6
749	-1.023630	0.000000	0.159965	0.001985	15.5
750	-1.024522	0.000000	0.159965	0.001758	15.4
751	-1.024147	0.000000	0.159965	0.001943	15.4
752	-1.023934	0.000000	0.159965	0.002072	15.5
753	-1.024226	0.000000	0.159965	0.002011	15.5
754	-1.023472	0.000000	0.159965	0.001943	15.6
755	-1.023963	0.000000	0.159965	0.001923	15.4
756	-1.023135	0.000000	0.159965	0.002087	15.5
757	-1.024537	0.000000	0.159965	0.002064	15.6
758	-1.024159	0.000000	0.159965	0.002266	15.4
759	-1.024007	0.000000	0.159965	0.002000	15.4
760	-1.024040	0.000000	0.159965	0.001887	15.5
761	-1.024327	0.000000	0.159965	0.001790	15.5
762	-1.024788	0.000000	0.159965	0.002110	15.4
763	-1.024142	0.000000	0.159965	0.002130	15.6
764	-1.024547	0.000000	0.159965	0.002051	15.4
765	-1.024604	0.000000	0.159965	0.002157	15.3
766	-1.024351	0.000000	0.159965	0.002054	15.5
767	-1.024075	0.000000	0.159965	0.001998	15.4
768	-1.024714	0.000000	0.159965	0.002090	15.6
769	-1.023969	0.000000	0.159965	0.001879	15.8
770	-1.024156	0.000000	0.159965	0.001963	15.8
771	-1.024572	0.000000	0.159965	0.001949	15.7
772	-1.024149	0.000000	0.159965	0.002273	15.8
773	-1.023845	0.000000	0.159965	0.002064	15.8
774	-1.024614	0.000000	0.159965	0.002229	15.9
775	-1.024306	0.000000	0.159965	0.001927	15.9
776	-1.024842	0.000000	0.159965	0.002284	15.9
777	-1.024051	0.000000	0.159965	0.002076	15.9
778	-1.024828	0.000000	0.159965	0.002027	15.8
779	-1.023757	0.000000	0.159965	0.002085	15.8
780	-1.023896	0.000000	0.159965	0.002048	15.8
781	-1.023210	0.000000	0.159965	0.001984	15.9
782	-1.024525	0.000000	0.159965	0.002087	15.9
783	-1.024513	0.000000	0.159965	0.001938	15.5
784	-1.024579	0.000000	0.159965	0.002118	15.4
785	-1.025678	0.000000	0.159965	0.001999	15.6
786	-1.023663	0.000000	0.159965	0.002138	15.8
787	-1.024453	0.000000	0.159965	0.001950	15.8
788	-1.023579	0.000000	0.159965	0.002014	15.9
789	-1.023128	0.000000	0.159965	0.002057	15.9
790	-1.024096	0.000000	0.159965	0.002005	15.8
791	-1.024586	0.000000	0.159965	0.002310	15.8
792	-1.024557	0.000000	0.159965	0.002191	15.8
793	-1.025414	0.000000	0.159965	0.002089	15.8
794	-1.024590	0.000000	0.159965	0.002003	15.8
795	-1.024346	0.000000	0.159965	0.001932	15.8
796	-1.024767	0.000000	0.159965	0.002278	15.8
797	-1.024351	0.000000	0.159965	0.001937	15.8
798	-1.023424	0.000000	0.159965	0.001820	15.8
799	-1.023706	0.000000	0.159965	0.001967	15.7
800	-1.024336	0.000000	0.159965	0.002267	15.8
801	-1.024046	0.000000	0.159965	0.002195	15.8
802	-1.024699	0.000000	0.159965	0.001901	15.7
803	-1.023569	0.000000	0.159965	0.002158	15.8
804	-1.024674	0.000000	0.159965	0.002266	15.8
805	-1.024009	0.000000	0.159965	0.001773	15.8
806	-1.026039	0.000000	0.159965	0.002079	15.7
807	-1.023582	0.000000	0.159965	0.001874	15.8
808	-1.024142	0.000000	0.159965	0.002164	15.8
809	-1.024022	0.000000	0.159965	0.002129	15.9
810	-1.023954	0.000000	0.159965	0.002024	15.8
811	-1.024566	0.000000	0.159965	0.002315	15.9
812	-1.024365	0.000000	0.159965	0.002212	15.8
813	-1.024997	0.000000	0.159965	0.002055	15.8
814	-1.024007	0.000000	0.159965	0.002200	15.8
815	-1.025056	0.000000	0.159965	0.002230	15.6
816	-1.023937	0.000000	0.159965	0.002188	15.4
817	-1.024522	0.000000	0.159965	0.002185	15.4
818	-1.024388	0.000000	0.159965	0.001706	15.3
819	-1.024424	0.000000	0.159965	0.002216	15.5
820	-1.024640	0.000000	0.159965	0.002074	15.9
821	-1.023478	0.000000	0.159965	0.002321	15.8
822	-1.024053	0.000000	0.159965	0.002204	15.8
823	-1.024274	0.000000	0.159965	0.001932	15.9
824	-1.024220	0.000000	0.159965	0.002078	15.9
825	-1.023810	0.000000	0.159965	0.002215	15.9
826	-1.024940	0.000000	0.159965	0.002172	15.7
827	-1.024181	0.000000	0.159965	0.002049	15.9
828	-1.023056	0.000000	0.159965	0.001904	15.8
829	-1.024490	0.000000	0.159965	0.001922	15.8
830	-1.024122	0.000000	0.159965	0.002180	15.7
831	-1.023607	0.000000	0.159965	0.002093	15.7
832	-1.024475	0.000000	0.159965	0.002125	15.7
833	-1.024160	0.000000	0.159965	0.002046	15.7
834	-1.024488	0.000000	0.159965	0.001992	15.7
835	-1.023114	0.000000	0.159965	0.002043	15.7
836	-1.023874	0.000000	0.159965	0.002062	15.8
837	-1.023519	0.000000	0.159965	0.001673	15.7
838	-1.024089	0.000000	0.159965	0.001873	15.6
839	-1.024216	0.000000	0.159965	0.001937	15.7
840	-1.024340	0.000000	0.159965	0.001950	15.6
841	-1.023362	0.000000	0.159965	0.002101	15.8
842	-1.023888	0.000000	0.159965	0.001864	15.7
843	-1.024525	0.000000	0.159965	0.002299	15.6
844	-1.023917	0.000000	0.159965	0.001899	15.6
845	-1.024532	0.000000	0.159965	0.001923	15.7
846	-1.024949	0.000000	0.159965	0.001794	15.4
847	-1.024173	0.000000	0.159965	0.002176	15.3
848	-1.023816	0.000000	0.159965	0.002071	15.3
849	-1.023405	0.000000	0.159965	0.001959	15.3
850	-1.024267	0.000000	0.159965	0.002081	15.2
851	-1.022579	0.000000	0.159965	0.001969	15.0
852	-1.023224	0.000000	0.159965	0.001838	15.0
853	-1.022688	0.000000	0.159965	0.002120	15.0
854	-1.023854	0.000000	0.159965	0.002006	15.1
855	-1.024904	0.000000	0.159965	0.001915	15.2
856	-1.023914	0.000000	0.159965	0.002063	15.3
857	-1.024000	0.000000	0.159965	0.002279	15.4
858	-1.023401	0.000000	0.159965	0.001865	15.4
859	-1.025382	0.000000	0.159965	0.002444	15.5
860	-1.024134	0.000000	0.159965	0.002017	15.5
861	-1.024492	0.000000	0.159965	0.002145	15.4
862	-1.024727	0.000000	0.159965	0.002011	15.4
863	-1.024868	0.000000	0.159965	0.002360	15.6
864	-1.024757	0.000000	0.159965	0.001955	15.5
865	-1.024775	0.000000	0.159965	0.002068	15.5
866	-1.024383	0.000000	0.159965	0.002209	15.4
867	-1.024673	0.000000	0.159965	0.001988	15.5
868	-1.024645	0.000000	0.159965	0.001919	15.5
869	-1.023408	0.000000	0.159965	0.002296	15.6
870	-1.023502	0.000000	0.159965	0.002123	15.4
871	-1.023920	0.000000	0.159965	0.002005	15.6
872	-1.023553	0.000000	0.159965	0.001927	15.4
873	-1.024207	0.000000	0.159965	0.002040	15.4
874	-1.024754	0.000000	0.159965	0.001837	15.4
875	-1.025216	0.000000	0.159965	0.002044	15.5
876	-1.023218	0.000000	0.159965	0.002005	15.4
877	-1.024699	0.000000	0.159965	0.002155	15.5
878	-1.024090	0.000000	0.159965	0.001971	15.4
879	-1.024441	0.000000	0.159965	0.002152	15.5
880	-1.023990	0.000000	0.159965	0.001888	15.4
881	-1.024038	0.000000	0.159965	0.002067	15.5
882	-1.023401	0.000000	0.159965	0.002091	15.5
883	-1.023343	0.000000	0.159965	0.002150	15.5
884	-1.023644	0.000000	0.159965	0.002038	15.4
885	-1.024036	0.000000	0.159965	0.002065	15.5
886	-1.023899	0.000000	0.159965	0.001825	15.3
887	-1.025186	0.000000	0.159965	0.002242	15.5
888	-1.024983	0.000000	0.159965	0.002190	15.5
889	-1.024617	0.000000	0.159965	0.002107	15.4
890	-1.024599	0.000000	0.159965	0.002044	15.4
891	-1.023234	0.000000	0.159965	0.002171	15.5
892	-1.024997	0.000000	0.159965	0.002182	15.4
893	-1.024241	0.000000	0.159965	0.001974	15.7
894	-1.023871	0.000000	0.159965	0.001700	15.7
895	-1.025335	0.000000	0.159965	0.002070	15.5
896	-1.023441	0.000000	0.159965	0.002147	15.4
897	-1.024782	0.000000	0.159965	0.002143	15.4
898	-1.023225	0.000000	0.159965	0.001884	15.4
899	-1.023466	0.000000	0.159965	0.002135	15.6
900	-1.023770	0.000000	0.159965	0.001875	15.4
901	-1.024113	0.000000	0.159965	0.002112	15.5
902	-1.023233	0.000000	0.159965	0.001800	15.5
903	-1.022815	0.000000	0.159965	0.002035	15.7
904	-1.023742	0.000000	0.159965	0.001966	15.4
905	-1.023900	0.000000	0.159965	0.002106	15.6
906	-1.024066	0.000000	0.159965	0.001933	15.7
907	-1.024293	0.000000	0.159965	0.002113	15.6
908	-1.024809	0.000000	0.159965	0.002275	15.5
909	-1.024150	0.000000	0.159965	0.001867	15.4
910	-1.023674	0.000000	0.159965	0.002154	15.5
911	-1.023868	0.000000	0.159965	0.001892	15.4
912	-1.024640	0.000000	0.159965	0.001825	15.5
913	-1.024805	0.000000	0.159965	0.001781	15.4
914	-1.024941	0.000000	0.159965	0.002234	15.3
915	-1.024200	0.000000	0.159965	0.001831	15.3
916	-1.024262	0.000000	0.159965	0.002209	15.3
917	-1.024741	0.000000	0.159965	0.001864	15.5
918	-1.024382	0.000000	0.159965	0.002410	15.2
919	-1.023670	0.000000	0.159965	0.002189	15.3
920	-1.023313	0.000000	0.159965	0.001821	15.6
921	-1.024545	0.000000	0.159965	0.002178	15.4
922	-1.024360	0.000000	0.159965	0.002183	15.3
923	-1.024436	0.000000	0.159965	0.002218	15.4
924	-1.023899	0.000000	0.159965	0.002341	15.6
925	-1.024299	0.000000	0.159965	0.002138	15.5
926	-1.025081	0.000000	0.159965	0.001870	15.4
927	-1.024453	0.000000	0.159965	0.001762	15.6
928	-1.023641	0.000000	0.159965	0.002234	15.6
929	-1.024363	0.000000	0.159965	0.002073	15.3
930	-1.023850	0.000000	0.159965	0.001944	15.4
931	-1.024222	0.000000	0.159965	0.002299	15.4
932	-1.024380	0.000000	0.159965	0.001926	15.4
933	-1.024563	0.000000	0.159965	0.002364	15.8
934	-1.025064	0.000000	0.159965	0.001854	15.4
935	-1.024229	0.000000	0.159965	0.001901	15.3
936	-1.024180	0.000000	0.159965	0.001958	15.4
937	-1.024010	0.000000	0.159965	0.001888	15.5
938	-1.023022	0.000000	0.159965	0.002060	15.4
939	-1.025316	0.000000	0.159965	0.002327	15.4
940	-1.025399	0.000000	0.159965	0.002183	15.4
941	-1.024088	0.000000	0.159965	0.002310	15.5
942	-1.024657	0.000000	0.159965	0.002235	15.5
943	-1.023408	0.000000	0.159965	0.001888	15.4
944	-1.023917	0.000000	0.159965	0.002171	15.3
945	-1.024268	0.000000	0.159965	0.001981	15.4
946	-1.024717	0.000000	0.159965	0.002088	15.3
947	-1.024600	0.000000	0.159965	0.002014	15.4
948	-1.024102	0.000000	0.159965	0.002022	15.3
949	-1.024639	0.000000	0.159965	0.002122	15.3
950	-1.025478	0.000000	0.159965	0.002217	15.4
951	-1.024566	0.000000	0.159965	0.002166	15.7
952	-1.024390	0.000000	0.159965	0.002198	15.8
953	-1.024131	0.000000	0.159965	0.002040	15.9
954	-1.024767	0.000000	0.159965	0.002138	15.8
955	-1.024454	0.000000	0.159965	0.002057	15.9
956	-1.023224	0.000000	0.159965	0.001966	15.9
957	-1.024140	0.000000	0.159965	0.001880	15.9
958	-1.024468	0.000000	0.159965	0.002193	15.9
959	-1.025128	0.000000	0.159965	0.002152	16.0
960	-1.023993	0.000000	0.159965	0.001888	15.9
961	-1.023446	0.000000	0.159965	0.001974	15.5
962	-1.024556	0.000000	0.159965	0.001997	15.4
963	-1.023592	0.000000	0.159965	0.002073	15.5
964	-1.024432	0.000000	0.159965	0.002130	15.3
965	-1.024836	0.000000	0.159965	0.002207	15.3
966	-1.024351	0.000000	0.159965	0.002058	15.3
967	-1.025046	0.000000	0.159965	0.002131	15.2
968	-1.023979	0.000000	0.159965	0.001884	15.3
969	-1.023952	0.000000	0.159965	0.001737	15.2
970	-1.023800	0.000000	0.159965	0.002110	15.4
971	-1.023022	0.000000	0.159965	0.002174	15.3
972	-1.024481	0.000000	0.159965	0.002045	15.5
973	-1.026157	0.000000	0.159965	0.001979	15.5
974	-1.024196	0.000000	0.159965	0.001872	15.4
975	-1.024832	0.000000	0.159965	0.002261	15.5
976	-1.024272	0.000000	0.159965	0.002096	15.7
977	-1.024515	0.000000	0.159965	0.002170	15.9
978	-1.024414	0.000000	0.159965	0.001747	15.9
979	-1.024388	0.000000	0.159965	0.002308	15.9
980	-1.024191	0.000000	0.159965	0.002188	15.9
981	-1.023380	0.000000	0.159965	0.002056	15.9
982	-1.023654	0.000000	0.159965	0.002128	16.0
983	-1.025037	0.000000	0.159965	0.001862	15.9
984	-1.023748	0.000000	0.159965	0.001910	15.9
985	-1.023865	0.000000	0.159965	0.002191	15.9
986	-1.024131	0.000000	0.159965	0.002277	15.9
987	-1.024630	0.000000	0.159965	0.002050	16.0
988	-1.023984	0.000000	0.159965	0.002115	15.9
989	-1.024101	0.000000	0.159965	0.002262	15.9
990	-1.023454	0.000000	0.159965	0.001620	15.9
991	-1.024285	0.000000	0.159965	0.002105	15.9
992	-1.024626	0.000000	0.159965	0.002066	15.9
993	-1.024262	0.000000	0.159965	0.002047	15.9
994	-1.024560	0.000000	0.159965	0.002116	15.9
995	-1.024517	0.000000	0.159965	0.001913	15.8
996	-1.024436	0.000000	0.159965	0.002034	15.9
997	-1.023633	0.000000	0.159965	0.002144	15.9
998	-1.023920	0.000000	0.159965	0.001949	15.8
999	-1.023974	0.000000	0.159965	0.002161	15.8
