1:ItNr	2:Metric	3a:Time	3b:StepSize	4:||Gradient||	Time[ms]
0	-1.022858	0.000000	0.159965	0.001594	54.5
1	-1.022993	0.000000	0.159965	0.001924	21.0
2	-1.021656	0.000000	0.159965	0.001924	18.9
3	-1.021703	0.000000	0.159965	0.002003	18.4
4	-1.022344	0.000000	0.159965	0.002154	17.4
5	-1.021723	0.000000	0.159965	0.001984	17.0
6	-1.021458	0.000000	0.159965	0.001768	17.6
7	-1.023633	0.000000	0.159965	0.001750	18.3
8	-1.021556	0.000000	0.159965	0.001835	18.6
9	-1.022101	0.000000	0.159965	0.001946	17.8
10	-1.022112	0.000000	0.159965	0.001486	17.7
11	-1.021789	0.000000	0.159965	0.002227	18.0
12	-1.023230	0.000000	0.159965	0.002033	17.8
13	-1.022650	0.000000	0.159965	0.001859	18.1
14	-1.022836	0.000000	0.159965	0.001917	18.0
15	-1.021769	0.000000	0.159965	0.002033	17.4
16	-1.021778	0.000000	0.159965	0.002045	17.3
17	-1.023056	0.000000	0.159965	0.002007	18.0
18	-1.021579	0.000000	0.159965	0.001678	19.6
19	-1.021512	0.000000	0.159965	0.002019	17.8
20	-1.021905	0.000000	0.159965	0.002297	16.8
21	-1.022302	0.000000	0.159965	0.002154	16.6
22	-1.023380	0.000000	0.159965	0.002152	16.5
23	-1.021800	0.000000	0.159965	0.002223	16.7
24	-1.021702	0.000000	0.159965	0.001908	16.9
25	-1.022585	0.000000	0.159965	0.001994	16.8
26	-1.022889	0.000000	0.159965	0.001836	17.0
27	-1.023003	0.000000	0.159965	0.001809	16.8
28	-1.021732	0.000000	0.159965	0.002087	16.5
29	-1.022686	0.000000	0.159965	0.002030	16.5
30	-1.022542	0.000000	0.159965	0.002237	16.6
31	-1.022099	0.000000	0.159965	0.002098	16.4
32	-1.022608	0.000000	0.159965	0.002354	16.5
33	-1.022996	0.000000	0.159965	0.002166	16.3
34	-1.022272	0.000000	0.159965	0.002050	16.1
35	-1.022329	0.000000	0.159965	0.001871	16.0
36	-1.022467	0.000000	0.159965	0.001842	16.3
37	-1.021911	0.000000	0.159965	0.002141	16.5
38	-1.021436	0.000000	0.159965	0.001933	16.7
39	-1.022513	0.000000	0.159965	0.002087	16.4
40	-1.021052	0.000000	0.159965	0.001739	16.6
41	-1.022925	0.000000	0.159965	0.002235	16.8
42	-1.023109	0.000000	0.159965	0.001817	16.9
43	-1.022486	0.000000	0.159965	0.002310	17.1
44	-1.021871	0.000000	0.159965	0.001840	18.5
45	-1.022262	0.000000	0.159965	0.001790	19.0
46	-1.022471	0.000000	0.159965	0.002004	19.3
47	-1.022854	0.000000	0.159965	0.002148	19.6
48	-1.023425	0.000000	0.159965	0.002292	19.2
49	-1.022005	0.000000	0.159965	0.001951	18.8
50	-1.022154	0.000000	0.159965	0.001881	18.8
51	-1.022587	0.000000	0.159965	0.002286	18.8
52	-1.022281	0.000000	0.159965	0.002033	18.8
53	-1.021757	0.000000	0.159965	0.002238	19.1
54	-1.022213	0.000000	0.159965	0.001950	18.8
55	-1.022560	0.000000	0.159965	0.002140	19.1
56	-1.023296	0.000000	0.159965	0.001766	19.0
57	-1.021788	0.000000	0.159965	0.002282	18.8
58	-1.022087	0.000000	0.159965	0.002050	19.2
59	-1.022417	0.000000	0.159965	0.002008	20.2
60	-1.022163	0.000000	0.159965	0.002059	19.6
61	-1.022910	0.000000	0.159965	0.001890	19.3
62	-1.021794	0.000000	0.159965	0.002135	19.2
63	-1.023234	0.000000	0.159965	0.002186	19.4
64	-1.022454	0.000000	0.159965	0.002004	19.7
65	-1.021936	0.000000	0.159965	0.001988	19.4
66	-1.022425	0.000000	0.159965	0.002118	19.1
67	-1.023192	0.000000	0.159965	0.001986	18.8
68	-1.021725	0.000000	0.159965	0.001589	18.9
69	-1.023132	0.000000	0.159965	0.002290	17.9
70	-1.022382	0.000000	0.159965	0.002182	16.8
71	-1.021938	0.000000	0.159965	0.002120	16.9
72	-1.021643	0.000000	0.159965	0.002035	16.6
73	-1.022457	0.000000	0.159965	0.002115	16.9
74	-1.022417	0.000000	0.159965	0.001946	16.5
75	-1.022481	0.000000	0.159965	0.001722	16.0
76	-1.023232	0.000000	0.159965	0.001895	16.0
77	-1.021338	0.000000	0.159965	0.002106	16.1
78	-1.023233	0.000000	0.159965	0.002149	16.0
79	-1.021681	0.000000	0.159965	0.002179	16.4
80	-1.021505	0.000000	0.159965	0.001990	16.5
81	-1.022132	0.000000	0.159965	0.002245	16.4
82	-1.022513	0.000000	0.159965	0.002172	16.3
83	-1.022508	0.000000	0.159965	0.002162	16.6
84	-1.022880	0.000000	0.159965	0.001768	16.4
85	-1.021974	0.000000	0.159965	0.002225	16.5
86	-1.022604	0.000000	0.159965	0.002085	16.5
87	-1.022080	0.000000	0.159965	0.001671	16.7
88	-1.023792	0.000000	0.159965	0.002463	16.4
89	-1.023092	0.000000	0.159965	0.001825	16.4
90	-1.021995	0.000000	0.159965	0.001997	16.5
91	-1.022961	0.000000	0.159965	0.001980	16.5
92	-1.022326	0.000000	0.159965	0.001882	16.4
93	-1.023914	0.000000	0.159965	0.002413	16.5
94	-1.022215	0.000000	0.159965	0.002012	16.4
95	-1.023353	0.000000	0.159965	0.002111	16.3
96	-1.023183	0.000000	0.159965	0.001985	16.5
97	-1.022624	0.000000	0.159965	0.002253	16.5
98	-1.021858	0.000000	0.159965	0.001927	16.5
99	-1.022441	0.000000	0.159965	0.001960	16.6
100	-1.022267	0.000000	0.159965	0.002114	16.7
101	-1.022183	0.000000	0.159965	0.002084	16.6
102	-1.023772	0.000000	0.159965	0.002152	16.7
103	-1.021684	0.000000	0.159965	0.002008	16.5
104	-1.021942	0.000000	0.159965	0.002177	16.6
105	-1.021977	0.000000	0.159965	0.002130	16.6
106	-1.022420	0.000000	0.159965	0.002366	16.6
107	-1.022439	0.000000	0.159965	0.001957	16.4
108	-1.022313	0.000000	0.159965	0.002082	16.5
109	-1.021933	0.000000	0.159965	0.001937	16.8
110	-1.022902	0.000000	0.159965	0.001759	16.2
111	-1.022079	0.000000	0.159965	0.002241	16.2
112	-1.022839	0.000000	0.159965	0.001911	16.1
113	-1.022879	0.000000	0.159965	0.002650	16.0
114	-1.022189	0.000000	0.159965	0.002111	16.3
115	-1.021369	0.000000	0.159965	0.001912	16.1
116	-1.021688	0.000000	0.159965	0.002102	16.0
117	-1.022614	0.000000	0.159965	0.001694	16.2
118	-1.022060	0.000000	0.159965	0.001833	16.5
119	-1.022521	0.000000	0.159965	0.002043	16.4
120	-1.022242	0.000000	0.159965	0.002191	16.5
121	-1.023356	0.000000	0.159965	0.002066	16.5
122	-1.022799	0.000000	0.159965	0.002109	16.7
123	-1.022182	0.000000	0.159965	0.002203	16.5
124	-1.021405	0.000000	0.159965	0.002124	16.4
125	-1.023466	0.000000	0.159965	0.002071	16.6
126	-1.022785	0.000000	0.159965	0.002453	16.5
127	-1.022594	0.000000	0.159965	0.002193	16.6
128	-1.022932	0.000000	0.159965	0.002204	16.7
129	-1.022641	0.000000	0.159965	0.002360	16.4
130	-1.023283	0.000000	0.159965	0.002225	16.4
131	-1.021943	0.000000	0.159965	0.001791	16.4
132	-1.022265	0.000000	0.159965	0.001772	16.6
133	-1.022362	0.000000	0.159965	0.001947	16.5
134	-1.021696	0.000000	0.159965	0.001893	16.4
135	-1.022315	0.000000	0.159965	0.002180	16.4
136	-1.022069	0.000000	0.159965	0.002075	16.4
137	-1.023216	0.000000	0.159965	0.001998	16.4
138	-1.022331	0.000000	0.159965	0.002141	16.5
139	-1.022035	0.000000	0.159965	0.001982	16.5
140	-1.022140	0.000000	0.159965	0.001900	16.5
141	-1.021766	0.000000	0.159965	0.002176	16.4
142	-1.022015	0.000000	0.159965	0.001872	16.4
143	-1.023127	0.000000	0.159965	0.001985	16.5
144	-1.022817	0.000000	0.159965	0.001918	16.4
145	-1.021569	0.000000	0.159965	0.002169	16.6
146	-1.023286	0.000000	0.159965	0.002244	16.7
147	-1.021934	0.000000	0.159965	0.001965	16.4
148	-1.023154	0.000000	0.159965	0.002103	16.4
149	-1.022586	0.000000	0.159965	0.002116	16.3
150	-1.022459	0.000000	0.159965	0.002055	16.3
151	-1.022432	0.000000	0.159965	0.002073	15.9
152	-1.023528	0.000000	0.159965	0.002274	16.2
153	-1.022302	0.000000	0.159965	0.002230	16.0
154	-1.023029	0.000000	0.159965	0.002228	16.0
155	-1.023253	0.000000	0.159965	0.001935	16.0
156	-1.022106	0.000000	0.159965	0.001785	16.0
157	-1.022509	0.000000	0.159965	0.002255	16.1
158	-1.022173	0.000000	0.159965	0.002457	16.2
159	-1.022057	0.000000	0.159965	0.001958	16.5
160	-1.021934	0.000000	0.159965	0.002009	16.5
161	-1.023300	0.000000	0.159965	0.002000	16.5
162	-1.021325	0.000000	0.159965	0.002314	16.4
163	-1.021863	0.000000	0.159965	0.002086	16.5
164	-1.022216	0.000000	0.159965	0.001700	16.5
165	-1.023115	0.000000	0.159965	0.001916	16.6
166	-1.024135	0.000000	0.159965	0.001823	16.4
167	-1.022249	0.000000	0.159965	0.001945	16.6
168	-1.023661	0.000000	0.159965	0.002297	16.4
169	-1.022798	0.000000	0.159965	0.002141	16.5
170	-1.022657	0.000000	0.159965	0.001866	16.7
171	-1.023043	0.000000	0.159965	0.001902	16.4
172	-1.022634	0.000000	0.159965	0.001936	16.5
173	-1.022573	0.000000	0.159965	0.002044	16.4
174	-1.023370	0.000000	0.159965	0.001843	16.4
175	-1.023099	0.000000	0.159965	0.001867	16.4
176	-1.022301	0.000000	0.159965	0.002051	16.6
177	-1.023226	0.000000	0.159965	0.002126	16.3
178	-1.022722	0.000000	0.159965	0.002021	16.5
179	-1.022679	0.000000	0.159965	0.002359	16.5
180	-1.022673	0.000000	0.159965	0.002421	16.3
181	-1.023504	0.000000	0.159965	0.002128	16.4
182	-1.022661	0.000000	0.159965	0.001954	16.9
183	-1.023132	0.000000	0.159965	0.002132	16.6
184	-1.022010	0.000000	0.159965	0.002056	16.5
185	-1.021727	0.000000	0.159965	0.001860	16.4
186	-1.023453	0.000000	0.159965	0.002062	16.4
187	-1.021739	0.000000	0.159965	0.002002	16.5
188	-1.022806	0.000000	0.159965	0.002184	16.4
189	-1.023274	0.000000	0.159965	0.002125	16.6
190	-1.022298	0.000000	0.159965	0.001860	16.3
191	-1.022888	0.000000	0.159965	0.001998	16.5
192	-1.023365	0.000000	0.159965	0.001916	16.5
193	-1.022391	0.000000	0.159965	0.001874	16.7
194	-1.022414	0.000000	0.159965	0.002105	16.5
195	-1.023015	0.000000	0.159965	0.002228	16.5
196	-1.022883	0.000000	0.159965	0.002023	16.3
197	-1.022324	0.000000	0.159965	0.002086	16.5
198	-1.023281	0.000000	0.159965	0.002330	16.9
199	-1.021926	0.000000	0.159965	0.002086	16.5
200	-1.021985	0.000000	0.159965	0.001673	16.5
201	-1.022481	0.000000	0.159965	0.001944	16.5
202	-1.022266	0.000000	0.159965	0.002004	16.4
203	-1.021808	0.000000	0.159965	0.002216	16.4
204	-1.022737	0.000000	0.159965	0.001934	16.4
205	-1.021992	0.000000	0.159965	0.002059	16.3
206	-1.023073	0.000000	0.159965	0.001894	16.4
207	-1.023245	0.000000	0.159965	0.002057	16.6
208	-1.022984	0.000000	0.159965	0.002202	16.4
209	-1.021863	0.000000	0.159965	0.002088	16.3
210	-1.022419	0.000000	0.159965	0.002018	16.3
211	-1.021963	0.000000	0.159965	0.001784	16.5
212	-1.022221	0.000000	0.159965	0.002004	16.3
213	-1.022397	0.000000	0.159965	0.001778	16.5
214	-1.022254	0.000000	0.159965	0.001809	16.6
215	-1.023439	0.000000	0.159965	0.001818	16.4
216	-1.022538	0.000000	0.159965	0.002025	16.5
217	-1.021817	0.000000	0.159965	0.002066	16.4
218	-1.022964	0.000000	0.159965	0.001935	16.7
219	-1.022265	0.000000	0.159965	0.001615	16.7
220	-1.021609	0.000000	0.159965	0.002108	16.5
221	-1.022141	0.000000	0.159965	0.001877	16.5
222	-1.022281	0.000000	0.159965	0.001750	16.4
223	-1.021652	0.000000	0.159965	0.001910	16.7
224	-1.022475	0.000000	0.159965	0.001762	16.7
225	-1.022879	0.000000	0.159965	0.002116	16.8
226	-1.021906	0.000000	0.159965	0.001835	16.9
227	-1.021938	0.000000	0.159965	0.002127	16.8
228	-1.023215	0.000000	0.159965	0.001822	16.7
229	-1.022785	0.000000	0.159965	0.002046	16.9
230	-1.021954	0.000000	0.159965	0.001884	17.0
231	-1.022853	0.000000	0.159965	0.002183	16.7
232	-1.023048	0.000000	0.159965	0.002212	16.5
233	-1.022179	0.000000	0.159965	0.001966	16.5
234	-1.022456	0.000000	0.159965	0.001813	16.3
235	-1.021979	0.000000	0.159965	0.002106	16.0
236	-1.021737	0.000000	0.159965	0.001853	16.4
237	-1.021898	0.000000	0.159965	0.001902	16.4
238	-1.021558	0.000000	0.159965	0.001727	16.4
239	-1.021918	0.000000	0.159965	0.002309	16.4
240	-1.022449	0.000000	0.159965	0.002162	16.5
241	-1.022027	0.000000	0.159965	0.001806	16.4
242	-1.022798	0.000000	0.159965	0.002337	16.5
243	-1.021878	0.000000	0.159965	0.002140	16.4
244	-1.021994	0.000000	0.159965	0.002009	16.3
245	-1.022666	0.000000	0.159965	0.002367	16.6
246	-1.022261	0.000000	0.159965	0.002114	16.5
247	-1.023012	0.000000	0.159965	0.002103	16.3
248	-1.022019	0.000000	0.159965	0.002006	17.3
249	-1.023188	0.000000	0.159965	0.002415	20.0
250	-1.022807	0.000000	0.159965	0.002023	19.1
251	-1.023295	0.000000	0.159965	0.001732	17.6
252	-1.021239	0.000000	0.159965	0.002097	17.4
253	-1.021545	0.000000	0.159965	0.002394	17.1
254	-1.022937	0.000000	0.159965	0.001982	17.3
255	-1.022614	0.000000	0.159965	0.002013	17.2
256	-1.022696	0.000000	0.159965	0.002096	17.1
257	-1.022098	0.000000	0.159965	0.001946	16.9
258	-1.022194	0.000000	0.159965	0.001859	16.7
259	-1.022018	0.000000	0.159965	0.001819	17.0
260	-1.022454	0.000000	0.159965	0.002059	17.1
261	-1.022107	0.000000	0.159965	0.002283	16.4
262	-1.023423	0.000000	0.159965	0.001994	16.4
263	-1.021889	0.000000	0.159965	0.001848	16.6
264	-1.021380	0.000000	0.159965	0.002248	16.3
265	-1.023136	0.000000	0.159965	0.001803	16.3
266	-1.022311	0.000000	0.159965	0.001919	16.6
267	-1.022739	0.000000	0.159965	0.002060	16.2
268	-1.022498	0.000000	0.159965	0.001918	16.3
269	-1.022574	0.000000	0.159965	0.001965	16.3
270	-1.022916	0.000000	0.159965	0.002215	16.0
271	-1.022178	0.000000	0.159965	0.002173	16.3
272	-1.021824	0.000000	0.159965	0.002156	16.1
273	-1.024010	0.000000	0.159965	0.002118	16.0
274	-1.022470	0.000000	0.159965	0.001872	16.2
275	-1.022975	0.000000	0.159965	0.001993	16.7
276	-1.022286	0.000000	0.159965	0.002057	16.5
277	-1.022679	0.000000	0.159965	0.001930	16.5
278	-1.021857	0.000000	0.159965	0.002239	16.5
279	-1.022841	0.000000	0.159965	0.002103	16.4
280	-1.022343	0.000000	0.159965	0.002007	16.4
281	-1.022044	0.000000	0.159965	0.001737	16.3
282	-1.022499	0.000000	0.159965	0.001926	16.4
283	-1.022388	0.000000	0.159965	0.001979	16.5
284	-1.022687	0.000000	0.159965	0.002129	16.5
285	-1.022554	0.000000	0.159965	0.001997	16.7
286	-1.022737	0.000000	0.159965	0.001920	17.1
287	-1.022108	0.000000	0.159965	0.001960	17.7
288	-1.023028	0.000000	0.159965	0.002122	16.7
289	-1.021935	0.000000	0.159965	0.001968	16.6
290	-1.021926	0.000000	0.159965	0.001654	16.8
291	-1.021753	0.000000	0.159965	0.001748	16.7
292	-1.021962	0.000000	0.159965	0.002265	16.4
293	-1.021750	0.000000	0.159965	0.001992	16.8
294	-1.021923	0.000000	0.159965	0.002243	17.5
295	-1.023089	0.000000	0.159965	0.002410	16.8
296	-1.022722	0.000000	0.159965	0.002068	16.4
297	-1.022104	0.000000	0.159965	0.001595	16.5
298	-1.022258	0.000000	0.159965	0.002341	16.5
299	-1.022979	0.000000	0.159965	0.002144	16.9
300	-1.022668	0.000000	0.159965	0.002052	17.3
301	-1.022575	0.000000	0.159965	0.001966	16.8
302	-1.022667	0.000000	0.159965	0.002324	16.6
303	-1.022810	0.000000	0.159965	0.002193	16.4
304	-1.021573	0.000000	0.159965	0.001969	16.4
305	-1.023412	0.000000	0.159965	0.001950	16.6
306	-1.022131	0.000000	0.159965	0.002065	16.4
307	-1.022205	0.000000	0.159965	0.001793	16.4
308	-1.022125	0.000000	0.159965	0.002136	16.5
309	-1.023776	0.000000	0.159965	0.002199	16.5
310	-1.022690	0.000000	0.159965	0.002179	16.4
311	-1.022589	0.000000	0.159965	0.002067	16.5
312	-1.022465	0.000000	0.159965	0.002084	16.4
313	-1.021285	0.000000	0.159965	0.001768	16.4
314	-1.022180	0.000000	0.159965	0.002301	16.6
315	-1.023013	0.000000	0.159965	0.002090	16.3
316	-1.022770	0.000000	0.159965	0.001748	16.4
317	-1.022308	0.000000	0.159965	0.002144	16.6
318	-1.023167	0.000000	0.159965	0.002010	16.4
319	-1.021990	0.000000	0.159965	0.001765	16.5
320	-1.021927	0.000000	0.159965	0.002200	16.6
321	-1.022421	0.000000	0.159965	0.001735	16.5
322	-1.022742	0.000000	0.159965	0.002055	16.5
323	-1.022644	0.000000	0.159965	0.001723	16.5
324	-1.023658	0.000000	0.159965	0.001844	16.4
325	-1.022265	0.000000	0.159965	0.001828	16.4
326	-1.022073	0.000000	0.159965	0.002009	16.7
327	-1.022484	0.000000	0.159965	0.002139	16.7
328	-1.021660	0.000000	0.159965	0.001704	16.3
329	-1.022545	0.000000	0.159965	0.001933	16.4
330	-1.021071	0.000000	0.159965	0.002070	16.2
331	-1.023364	0.000000	0.159965	0.001633	16.1
332	-1.021764	0.000000	0.159965	0.001846	16.2
333	-1.021970	0.000000	0.159965	0.001831	16.5
334	-1.022686	0.000000	0.159965	0.001955	16.4
335	-1.022592	0.000000	0.159965	0.002051	16.4
336	-1.022885	0.000000	0.159965	0.002446	16.6
337	-1.022302	0.000000	0.159965	0.002391	16.4
338	-1.021787	0.000000	0.159965	0.002216	16.5
339	-1.022197	0.000000	0.159965	0.002231	16.4
340	-1.021375	0.000000	0.159965	0.002112	16.3
341	-1.022257	0.000000	0.159965	0.002111	16.8
342	-1.022878	0.000000	0.159965	0.002323	16.4
343	-1.022911	0.000000	0.159965	0.001968	16.6
344	-1.022887	0.000000	0.159965	0.002026	16.5
345	-1.021555	0.000000	0.159965	0.002063	17.0
346	-1.022016	0.000000	0.159965	0.002133	16.7
347	-1.022279	0.000000	0.159965	0.002059	16.6
348	-1.021621	0.000000	0.159965	0.002097	16.7
349	-1.022891	0.000000	0.159965	0.001892	16.5
350	-1.023103	0.000000	0.159965	0.002291	16.6
351	-1.022542	0.000000	0.159965	0.002260	16.5
352	-1.022417	0.000000	0.159965	0.002002	16.8
353	-1.022097	0.000000	0.159965	0.001976	16.8
354	-1.022135	0.000000	0.159965	0.002029	16.6
355	-1.022429	0.000000	0.159965	0.002110	16.5
356	-1.021821	0.000000	0.159965	0.002138	16.5
357	-1.021959	0.000000	0.159965	0.001969	16.6
358	-1.022314	0.000000	0.159965	0.002147	16.5
359	-1.022683	0.000000	0.159965	0.002392	16.5
360	-1.023190	0.000000	0.159965	0.002365	16.2
361	-1.021843	0.000000	0.159965	0.001753	16.6
362	-1.021618	0.000000	0.159965	0.002012	16.7
363	-1.022186	0.000000	0.159965	0.002207	16.7
364	-1.022743	0.000000	0.159965	0.001919	16.4
365	-1.022531	0.000000	0.159965	0.001867	16.3
366	-1.023936	0.000000	0.159965	0.001962	16.8
367	-1.022724	0.000000	0.159965	0.002080	16.5
368	-1.021721	0.000000	0.159965	0.002072	16.7
369	-1.021758	0.000000	0.159965	0.001861	16.6
370	-1.022164	0.000000	0.159965	0.001989	16.4
371	-1.023400	0.000000	0.159965	0.002135	16.3
372	-1.021509	0.000000	0.159965	0.002178	16.5
373	-1.023534	0.000000	0.159965	0.002404	16.7
374	-1.021843	0.000000	0.159965	0.002178	16.5
375	-1.022138	0.000000	0.159965	0.001858	16.5
376	-1.021762	0.000000	0.159965	0.002035	16.5
377	-1.022475	0.000000	0.159965	0.002304	16.3
378	-1.022558	0.000000	0.159965	0.001982	16.9
379	-1.021319	0.000000	0.159965	0.002028	16.8
380	-1.022384	0.000000	0.159965	0.002230	16.4
381	-1.022933	0.000000	0.159965	0.001838	16.7
382	-1.022887	0.000000	0.159965	0.002187	16.5
383	-1.022788	0.000000	0.159965	0.001790	16.6
384	-1.022833	0.000000	0.159965	0.002134	16.9
385	-1.022180	0.000000	0.159965	0.002249	16.5
386	-1.022764	0.000000	0.159965	0.002080	16.5
387	-1.022354	0.000000	0.159965	0.001855	16.7
388	-1.022767	0.000000	0.159965	0.002193	16.9
389	-1.021110	0.000000	0.159965	0.002139	16.4
390	-1.022028	0.000000	0.159965	0.002062	16.6
391	-1.022856	0.000000	0.159965	0.001976	16.8
392	-1.022201	0.000000	0.159965	0.002302	16.5
393	-1.021838	0.000000	0.159965	0.002274	16.9
394	-1.022979	0.000000	0.159965	0.002288	16.7
395	-1.023072	0.000000	0.159965	0.002322	16.6
396	-1.021730	0.000000	0.159965	0.001661	17.0
397	-1.021407	0.000000	0.159965	0.001923	18.1
398	-1.023150	0.000000	0.159965	0.001952	19.5
399	-1.022545	0.000000	0.159965	0.002214	18.9
400	-1.022867	0.000000	0.159965	0.001890	18.6
401	-1.022583	0.000000	0.159965	0.001955	18.2
402	-1.022608	0.000000	0.159965	0.001904	17.9
403	-1.022622	0.000000	0.159965	0.001510	17.6
404	-1.023247	0.000000	0.159965	0.002123	17.5
405	-1.022243	0.000000	0.159965	0.001767	17.8
406	-1.022918	0.000000	0.159965	0.002212	17.8
407	-1.021916	0.000000	0.159965	0.001914	17.6
408	-1.021470	0.000000	0.159965	0.002046	17.9
409	-1.022020	0.000000	0.159965	0.002032	18.3
410	-1.022894	0.000000	0.159965	0.001935	18.9
411	-1.021629	0.000000	0.159965	0.001855	18.0
412	-1.022777	0.000000	0.159965	0.002149	17.7
413	-1.022980	0.000000	0.159965	0.002101	18.0
414	-1.023018	0.000000	0.159965	0.001906	17.5
415	-1.021404	0.000000	0.159965	0.001746	17.5
416	-1.022939	0.000000	0.159965	0.002088	17.4
417	-1.021980	0.000000	0.159965	0.002081	17.5
418	-1.022767	0.000000	0.159965	0.001886	17.3
419	-1.022047	0.000000	0.159965	0.002020	17.3
420	-1.023322	0.000000	0.159965	0.001863	17.3
421	-1.022274	0.000000	0.159965	0.001969	17.4
422	-1.022727	0.000000	0.159965	0.002152	17.2
423	-1.022649	0.000000	0.159965	0.001991	17.1
424	-1.022106	0.000000	0.159965	0.002273	17.3
425	-1.022263	0.000000	0.159965	0.002077	17.1
426	-1.022344	0.000000	0.159965	0.001873	17.5
427	-1.022019	0.000000	0.159965	0.001971	17.3
428	-1.022250	0.000000	0.159965	0.001989	17.2
429	-1.021545	0.000000	0.159965	0.002374	17.2
430	-1.022985	0.000000	0.159965	0.002042	17.2
431	-1.022578	0.000000	0.159965	0.002090	17.2
432	-1.022724	0.000000	0.159965	0.001955	17.4
433	-1.021806	0.000000	0.159965	0.001723	17.5
434	-1.021848	0.000000	0.159965	0.001718	17.1
435	-1.022188	0.000000	0.159965	0.001870	17.1
436	-1.021917	0.000000	0.159965	0.001946	17.2
437	-1.022624	0.000000	0.159965	0.001810	17.2
438	-1.022822	0.000000	0.159965	0.002307	17.5
439	-1.023103	0.000000	0.159965	0.001975	17.4
440	-1.022050	0.000000	0.159965	0.001914	17.2
441	-1.022864	0.000000	0.159965	0.002240	17.6
442	-1.022153	0.000000	0.159965	0.001887	17.4
443	-1.021965	0.000000	0.159965	0.002011	17.6
444	-1.022430	0.000000	0.159965	0.002219	17.0
445	-1.022473	0.000000	0.159965	0.002100	16.3
446	-1.022822	0.000000	0.159965	0.002234	16.4
447	-1.022694	0.000000	0.159965	0.002190	16.6
448	-1.023527	0.000000	0.159965	0.001923	16.3
449	-1.023023	0.000000	0.159965	0.001982	16.4
450	-1.023943	0.000000	0.159965	0.002112	16.6
451	-1.023327	0.000000	0.159965	0.002036	16.4
452	-1.021654	0.000000	0.159965	0.001907	16.3
453	-1.022428	0.000000	0.159965	0.001950	16.5
454	-1.022513	0.000000	0.159965	0.001707	16.5
455	-1.022714	0.000000	0.159965	0.002130	16.5
456	-1.021769	0.000000	0.159965	0.002189	16.5
457	-1.022177	0.000000	0.159965	0.001619	16.6
458	-1.022179	0.000000	0.159965	0.002096	16.4
459	-1.022754	0.000000	0.159965	0.001729	16.4
460	-1.022161	0.000000	0.159965	0.002145	16.5
461	-1.023333	0.000000	0.159965	0.002185	16.5
462	-1.022112	0.000000	0.159965	0.002110	16.6
463	-1.022492	0.000000	0.159965	0.002131	16.5
464	-1.022154	0.000000	0.159965	0.002048	16.4
465	-1.022834	0.000000	0.159965	0.002182	16.7
466	-1.022913	0.000000	0.159965	0.002041	16.8
467	-1.023825	0.000000	0.159965	0.001971	16.5
468	-1.022022	0.000000	0.159965	0.001841	16.9
469	-1.023122	0.000000	0.159965	0.002145	16.3
470	-1.021768	0.000000	0.159965	0.002018	16.2
471	-1.022398	0.000000	0.159965	0.001674	16.0
472	-1.022313	0.000000	0.159965	0.002098	16.0
473	-1.022558	0.000000	0.159965	0.002227	16.2
474	-1.022052	0.000000	0.159965	0.001911	16.1
475	-1.022906	0.000000	0.159965	0.002226	16.2
476	-1.022615	0.000000	0.159965	0.001911	16.6
477	-1.022792	0.000000	0.159965	0.002121	16.6
478	-1.022202	0.000000	0.159965	0.001832	16.5
479	-1.023287	0.000000	0.159965	0.002011	16.4
480	-1.021805	0.000000	0.159965	0.002195	16.9
481	-1.021687	0.000000	0.159965	0.002201	16.6
482	-1.023255	0.000000	0.159965	0.002197	16.4
483	-1.021386	0.000000	0.159965	0.002370	16.6
484	-1.022120	0.000000	0.159965	0.002277	16.5
485	-1.022652	0.000000	0.159965	0.001807	16.5
486	-1.022053	0.000000	0.159965	0.001913	16.5
487	-1.022456	0.000000	0.159965	0.001927	16.5
488	-1.022996	0.000000	0.159965	0.002024	16.5
489	-1.023673	0.000000	0.159965	0.002304	16.5
490	-1.022529	0.000000	0.159965	0.001880	16.6
491	-1.023194	0.000000	0.159965	0.001919	16.4
492	-1.023058	0.000000	0.159965	0.002063	16.4
493	-1.023499	0.000000	0.159965	0.002157	16.4
494	-1.022653	0.000000	0.159965	0.002100	16.4
495	-1.022494	0.000000	0.159965	0.001777	16.7
496	-1.022650	0.000000	0.159965	0.001757	16.5
497	-1.022618	0.000000	0.159965	0.001955	16.2
498	-1.022163	0.000000	0.159965	0.001925	16.1
499	-1.021705	0.000000	0.159965	0.001995	16.3
500	-1.022686	0.000000	0.159965	0.002017	16.0
501	-1.021940	0.000000	0.159965	0.001828	16.0
502	-1.022234	0.000000	0.159965	0.002032	16.5
503	-1.022322	0.000000	0.159965	0.002162	16.6
504	-1.022562	0.000000	0.159965	0.001732	16.9
505	-1.022280	0.000000	0.159965	0.001949	16.5
506	-1.022890	0.000000	0.159965	0.002204	16.4
507	-1.022530	0.000000	0.159965	0.002042	16.3
508	-1.022093	0.000000	0.159965	0.001750	16.5
509	-1.022683	0.000000	0.159965	0.001958	16.3
510	-1.022883	0.000000	0.159965	0.002045	16.6
511	-1.022518	0.000000	0.159965	0.002488	16.4
512	-1.022456	0.000000	0.159965	0.001870	16.5
513	-1.022720	0.000000	0.159965	0.001992	16.4
514	-1.022630	0.000000	0.159965	0.002176	16.4
515	-1.022606	0.000000	0.159965	0.001823	16.3
516	-1.022182	0.000000	0.159965	0.002151	16.6
517	-1.022031	0.000000	0.159965	0.002329	16.7
518	-1.022477	0.000000	0.159965	0.001835	16.4
519	-1.023144	0.000000	0.159965	0.002136	16.4
520	-1.023314	0.000000	0.159965	0.002239	16.3
521	-1.023053	0.000000	0.159965	0.002050	16.4
522	-1.022178	0.000000	0.159965	0.002001	16.4
523	-1.022246	0.000000	0.159965	0.002478	16.6
524	-1.022830	0.000000	0.159965	0.002316	16.4
525	-1.022935	0.000000	0.159965	0.001842	16.4
526	-1.023184	0.000000	0.159965	0.002057	16.3
527	-1.022470	0.000000	0.159965	0.002178	16.4
528	-1.021654	0.000000	0.159965	0.001793	16.5
529	-1.022294	0.000000	0.159965	0.002126	16.9
530	-1.022042	0.000000	0.159965	0.002006	17.0
531	-1.023060	0.000000	0.159965	0.001817	16.4
532	-1.022695	0.000000	0.159965	0.001888	16.4
533	-1.023186	0.000000	0.159965	0.002319	16.6
534	-1.022993	0.000000	0.159965	0.001857	16.1
535	-1.022364	0.000000	0.159965	0.002202	16.1
536	-1.021773	0.000000	0.159965	0.001991	15.8
537	-1.022053	0.000000	0.159965	0.001917	16.1
538	-1.021781	0.000000	0.159965	0.001875	16.0
539	-1.022472	0.000000	0.159965	0.002001	16.0
540	-1.023338	0.000000	0.159965	0.002136	16.5
541	-1.022042	0.000000	0.159965	0.001826	16.6
542	-1.023453	0.000000	0.159965	0.002135	16.3
543	-1.023450	0.000000	0.159965	0.001846	16.5
544	-1.021868	0.000000	0.159965	0.001764	16.3
545	-1.022529	0.000000	0.159965	0.001732	16.4
546	-1.022455	0.000000	0.159965	0.002018	16.4
547	-1.022539	0.000000	0.159965	0.002386	16.5
548	-1.022371	0.000000	0.159965	0.002153	16.6
549	-1.022156	0.000000	0.159965	0.002025	16.5
550	-1.023105	0.000000	0.159965	0.001758	16.3
551	-1.022452	0.000000	0.159965	0.002309	16.5
552	-1.023123	0.000000	0.159965	0.002059	16.5
553	-1.022668	0.000000	0.159965	0.002039	16.4
554	-1.021834	0.000000	0.159965	0.001746	16.4
555	-1.022037	0.000000	0.159965	0.001997	16.4
556	-1.022213	0.000000	0.159965	0.002302	16.3
557	-1.022594	0.000000	0.159965	0.002103	16.6
558	-1.022651	0.000000	0.159965	0.001963	16.4
559	-1.022680	0.000000	0.159965	0.001745	16.5
560	-1.022644	0.000000	0.159965	0.001944	16.5
561	-1.023215	0.000000	0.159965	0.002268	16.4
562	-1.022713	0.000000	0.159965	0.002104	16.4
563	-1.021295	0.000000	0.159965	0.002198	16.5
564	-1.022158	0.000000	0.159965	0.001875	16.5
565	-1.021975	0.000000	0.159965	0.001870	16.5
566	-1.021920	0.000000	0.159965	0.002064	16.5
567	-1.023035	0.000000	0.159965	0.002010	16.3
568	-1.023971	0.000000	0.159965	0.002034	16.3
569	-1.022655	0.000000	0.159965	0.001980	16.3
570	-1.021750	0.000000	0.159965	0.001885	16.4
571	-1.022414	0.000000	0.159965	0.002158	16.4
572	-1.022425	0.000000	0.159965	0.001848	16.3
573	-1.022486	0.000000	0.159965	0.002258	16.5
574	-1.022290	0.000000	0.159965	0.001930	16.5
575	-1.022829	0.000000	0.159965	0.002149	16.5
576	-1.022496	0.000000	0.159965	0.001984	16.4
577	-1.022312	0.000000	0.159965	0.001909	16.7
578	-1.023201	0.000000	0.159965	0.002051	16.6
579	-1.021809	0.000000	0.159965	0.002026	16.4
580	-1.022439	0.000000	0.159965	0.001914	16.3
581	-1.022262	0.000000	0.159965	0.001763	16.5
582	-1.023040	0.000000	0.159965	0.002379	16.4
583	-1.023391	0.000000	0.159965	0.001970	16.5
584	-1.021916	0.000000	0.159965	0.002053	16.5
585	-1.022604	0.000000	0.159965	0.002171	16.4
586	-1.023286	0.000000	0.159965	0.002068	16.5
587	-1.021814	0.000000	0.159965	0.002105	16.4
588	-1.023478	0.000000	0.159965	0.001823	16.3
589	-1.021858	0.000000	0.159965	0.001759	16.5
590	-1.022241	0.000000	0.159965	0.002305	16.6
591	-1.023361	0.000000	0.159965	0.002108	16.5
592	-1.021845	0.000000	0.159965	0.001979	16.4
593	-1.022866	0.000000	0.159965	0.001708	16.5
594	-1.023330	0.000000	0.159965	0.002261	16.5
595	-1.021486	0.000000	0.159965	0.002047	16.6
596	-1.021579	0.000000	0.159965	0.001991	16.4
597	-1.022392	0.000000	0.159965	0.001833	16.3
598	-1.023307	0.000000	0.159965	0.002588	16.7
599	-1.022837	0.000000	0.159965	0.002029	16.7
600	-1.023117	0.000000	0.159965	0.001824	16.6
601	-1.022845	0.000000	0.159965	0.002026	16.5
602	-1.021969	0.000000	0.159965	0.001839	16.3
603	-1.022378	0.000000	0.159965	0.002076	16.4
604	-1.022248	0.000000	0.159965	0.002309	16.4
605	-1.022821	0.000000	0.159965	0.001907	16.3
606	-1.022839	0.000000	0.159965	0.002122	16.3
607	-1.022389	0.000000	0.159965	0.001828	16.2
608	-1.022606	0.000000	0.159965	0.001844	16.1
609	-1.022857	0.000000	0.159965	0.002036	16.3
610	-1.023194	0.000000	0.159965	0.001893	16.0
611	-1.022630	0.000000	0.159965	0.002057	16.3
612	-1.022849	0.000000	0.159965	0.002125	16.6
613	-1.022533	0.000000	0.159965	0.001894	16.7
614	-1.022420	0.000000	0.159965	0.001980	16.5
615	-1.023041	0.000000	0.159965	0.002262	16.5
616	-1.022299	0.000000	0.159965	0.002157	16.4
617	-1.021528	0.000000	0.159965	0.002008	16.5
618	-1.023235	0.000000	0.159965	0.002362	16.5
619	-1.023933	0.000000	0.159965	0.001896	16.4
620	-1.024444	0.000000	0.159965	0.002226	16.5
621	-1.022302	0.000000	0.159965	0.001741	16.3
622	-1.022351	0.000000	0.159965	0.002199	16.3
623	-1.021954	0.000000	0.159965	0.001839	16.3
624	-1.022845	0.000000	0.159965	0.002322	16.4
625	-1.023067	0.000000	0.159965	0.002194	16.4
626	-1.023384	0.000000	0.159965	0.002331	16.5
627	-1.022060	0.000000	0.159965	0.002131	16.4
628	-1.023394	0.000000	0.159965	0.002044	16.3
629	-1.021808	0.000000	0.159965	0.002354	16.4
630	-1.021713	0.000000	0.159965	0.001919	16.4
631	-1.022451	0.000000	0.159965	0.001864	16.4
632	-1.022906	0.000000	0.159965	0.002144	16.5
633	-1.022675	0.000000	0.159965	0.001942	16.3
634	-1.022983	0.000000	0.159965	0.002023	16.3
635	-1.022887	0.000000	0.159965	0.002119	16.4
636	-1.021861	0.000000	0.159965	0.001967	16.4
637	-1.023329	0.000000	0.159965	0.002264	16.5
638	-1.022764	0.000000	0.159965	0.002470	16.5
639	-1.023255	0.000000	0.159965	0.002231	16.4
640	-1.022841	0.000000	0.159965	0.001939	16.5
641	-1.022422	0.000000	0.159965	0.002008	16.5
642	-1.021633	0.000000	0.159965	0.002011	16.5
643	-1.022650	0.000000	0.159965	0.001911	16.3
644	-1.022979	0.000000	0.159965	0.002060	16.6
645	-1.022865	0.000000	0.159965	0.001750	17.1
646	-1.023137	0.000000	0.159965	0.002103	15.9
647	-1.022270	0.000000	0.159965	0.001900	16.4
648	-1.022681	0.000000	0.159965	0.001785	16.4
649	-1.022283	0.000000	0.159965	0.001942	16.2
650	-1.022585	0.000000	0.159965	0.002027	16.8
651	-1.023101	0.000000	0.159965	0.002113	16.5
652	-1.023093	0.000000	0.159965	0.002130	16.7
653	-1.023761	0.000000	0.159965	0.002224	16.4
654	-1.022673	0.000000	0.159965	0.001919	16.4
655	-1.021767	0.000000	0.159965	0.002048	16.2
656	-1.021925	0.000000	0.159965	0.001840	16.6
657	-1.022469	0.000000	0.159965	0.002156	16.4
658	-1.023256	0.000000	0.159965	0.002293	16.3
659	-1.022825	0.000000	0.159965	0.002027	16.3
660	-1.021441	0.000000	0.159965	0.002110	16.0
661	-1.022351	0.000000	0.159965	0.002324	16.0
662	-1.021971	0.000000	0.159965	0.002011	16.1
663	-1.021955	0.000000	0.159965	0.002250	16.1
664	-1.022500	0.000000	0.159965	0.001655	16.3
665	-1.022279	0.000000	0.159965	0.002166	16.5
666	-1.021886	0.000000	0.159965	0.002125	16.4
667	-1.023187	0.000000	0.159965	0.002393	16.4
668	-1.022151	0.000000	0.159965	0.001836	16.4
669	-1.021854	0.000000	0.159965	0.001607	16.3
670	-1.023285	0.000000	0.159965	0.001661	16.4
671	-1.021799	0.000000	0.159965	0.001918	16.4
672	-1.023394	0.000000	0.159965	0.001708	16.5
673	-1.021372	0.000000	0.159965	0.001812	16.4
674	-1.023377	0.000000	0.159965	0.001992	16.3
675	-1.022380	0.000000	0.159965	0.001815	16.5
676	-1.023492	0.000000	0.159965	0.001955	16.3
677	-1.022422	0.000000	0.159965	0.002087	16.4
678	-1.023158	0.000000	0.159965	0.001810	16.4
679	-1.021573	0.000000	0.159965	0.001930	16.4
680	-1.023143	0.000000	0.159965	0.002088	16.5
681	-1.022734	0.000000	0.159965	0.002156	16.8
682	-1.023101	0.000000	0.159965	0.002187	17.6
683	-1.022038	0.000000	0.159965	0.001760	19.0
684	-1.023208	0.000000	0.159965	0.002116	18.6
685	-1.022822	0.000000	0.159965	0.002069	18.4
686	-1.023180	0.000000	0.159965	0.001949	17.8
687	-1.022228	0.000000	0.159965	0.002330	17.8
688	-1.022254	0.000000	0.159965	0.001946	17.9
689	-1.021969	0.000000	0.159965	0.002308	17.7
690	-1.023086	0.000000	0.159965	0.002006	18.3
691	-1.022923	0.000000	0.159965	0.002294	17.7
692	-1.022360	0.000000	0.159965	0.002238	17.9
693	-1.021807	0.000000	0.159965	0.002263	17.3
694	-1.022179	0.000000	0.159965	0.002403	17.2
695	-1.023253	0.000000	0.159965	0.002126	18.2
696	-1.022615	0.000000	0.159965	0.002199	18.6
697	-1.022659	0.000000	0.159965	0.002426	18.4
698	-1.022996	0.000000	0.159965	0.002085	18.4
699	-1.021955	0.000000	0.159965	0.002260	18.2
700	-1.022737	0.000000	0.159965	0.002022	17.8
701	-1.022161	0.000000	0.159965	0.002269	18.3
702	-1.023253	0.000000	0.159965	0.001924	18.7
703	-1.022026	0.000000	0.159965	0.001747	18.5
704	-1.022064	0.000000	0.159965	0.002260	18.7
705	-1.021853	0.000000	0.159965	0.002003	17.7
706	-1.022749	0.000000	0.159965	0.001783	16.5
707	-1.022273	0.000000	0.159965	0.001943	16.4
708	-1.023465	0.000000	0.159965	0.002494	17.1
709	-1.023602	0.000000	0.159965	0.002312	18.1
710	-1.022263	0.000000	0.159965	0.002260	21.1
711	-1.022688	0.000000	0.159965	0.002122	18.9
712	-1.022832	0.000000	0.159965	0.002333	18.4
713	-1.022541	0.000000	0.159965	0.001830	18.7
714	-1.022410	0.000000	0.159965	0.001990	18.5
715	-1.023370	0.000000	0.159965	0.002160	18.9
716	-1.023160	0.000000	0.159965	0.001876	19.1
717	-1.023008	0.000000	0.159965	0.002167	18.5
718	-1.021832	0.000000	0.159965	0.001991	18.7
719	-1.021563	0.000000	0.159965	0.002202	18.7
720	-1.022369	0.000000	0.159965	0.002187	18.4
721	-1.022526	0.000000	0.159965	0.001941	16.7
722	-1.022441	0.000000	0.159965	0.002418	16.4
723	-1.022452	0.000000	0.159965	0.001821	16.4
724	-1.022173	0.000000	0.159965	0.001990	16.4
725	-1.022024	0.000000	0.159965	0.002275	16.5
726	-1.022395	0.000000	0.159965	0.002209	16.2
727	-1.023152	0.000000	0.159965	0.002181	16.4
728	-1.022849	0.000000	0.159965	0.002068	16.4
729	-1.022153	0.000000	0.159965	0.002555	16.4
730	-1.022856	0.000000	0.159965	0.002140	16.5
731	-1.022401	0.000000	0.159965	0.002438	16.4
732	-1.023091	0.000000	0.159965	0.001813	16.2
733	-1.022960	0.000000	0.159965	0.001707	16.3
734	-1.022238	0.000000	0.159965	0.001849	16.3
735	-1.022630	0.000000	0.159965	0.001890	16.4
736	-1.022738	0.000000	0.159965	0.001816	16.4
737	-1.021954	0.000000	0.159965	0.001987	16.6
738	-1.022499	0.000000	0.159965	0.002096	16.6
739	-1.023434	0.000000	0.159965	0.002014	16.6
740	-1.022908	0.000000	0.159965	0.001994	16.6
741	-1.022009	0.000000	0.159965	0.002256	16.5
742	-1.022393	0.000000	0.159965	0.001519	16.4
743	-1.022080	0.000000	0.159965	0.002336	16.4
744	-1.022202	0.000000	0.159965	0.001937	16.4
745	-1.022369	0.000000	0.159965	0.002412	16.5
746	-1.022285	0.000000	0.159965	0.001963	16.2
747	-1.022820	0.000000	0.159965	0.001863	16.5
748	-1.023002	0.000000	0.159965	0.002271	16.4
749	-1.023487	0.000000	0.159965	0.002141	16.4
750	-1.022208	0.000000	0.159965	0.001977	16.4
751	-1.023395	0.000000	0.159965	0.001828	16.3
752	-1.023580	0.000000	0.159965	0.002091	16.4
753	-1.022942	0.000000	0.159965	0.001943	16.3
754	-1.023429	0.000000	0.159965	0.002203	16.5
755	-1.022893	0.000000	0.159965	0.002125	16.8
756	-1.022069	0.000000	0.159965	0.002249	16.6
757	-1.023758	0.000000	0.159965	0.002176	16.3
758	-1.023435	0.000000	0.159965	0.001949	16.4
759	-1.023092	0.000000	0.159965	0.001908	16.5
760	-1.023192	0.000000	0.159965	0.001950	16.5
761	-1.023188	0.000000	0.159965	0.002029	16.6
762	-1.021871	0.000000	0.159965	0.001993	16.5
763	-1.023686	0.000000	0.159965	0.001704	16.3
764	-1.023174	0.000000	0.159965	0.001855	16.6
765	-1.023149	0.000000	0.159965	0.002240	16.3
766	-1.022671	0.000000	0.159965	0.001825	16.3
767	-1.022637	0.000000	0.159965	0.002276	16.6
768	-1.023216	0.000000	0.159965	0.001993	16.5
769	-1.022274	0.000000	0.159965	0.001819	16.4
770	-1.023093	0.000000	0.159965	0.001529	16.0
771	-1.022668	0.000000	0.159965	0.001864	16.3
772	-1.022847	0.000000	0.159965	0.002229	16.0
773	-1.023669	0.000000	0.159965	0.001776	16.2
774	-1.023989	0.000000	0.159965	0.002072	16.1
775	-1.022921	0.000000	0.159965	0.001808	16.1
776	-1.022894	0.000000	0.159965	0.002151	15.9
777	-1.022494	0.000000	0.159965	0.001956	16.1
778	-1.022586	0.000000	0.159965	0.001825	15.9
779	-1.022080	0.000000	0.159965	0.002101	15.9
780	-1.022395	0.000000	0.159965	0.001997	16.0
781	-1.022044	0.000000	0.159965	0.002158	16.0
782	-1.022076	0.000000	0.159965	0.002207	15.8
783	-1.022762	0.000000	0.159965	0.001672	15.9
784	-1.022169	0.000000	0.159965	0.002039	16.0
785	-1.023367	0.000000	0.159965	0.002184	15.9
786	-1.023951	0.000000	0.159965	0.002094	16.1
787	-1.022654	0.000000	0.159965	0.001872	16.4
788	-1.021913	0.000000	0.159965	0.001908	16.3
789	-1.021865	0.000000	0.159965	0.002004	16.3
790	-1.022327	0.000000	0.159965	0.001789	16.5
791	-1.022699	0.000000	0.159965	0.002014	16.6
792	-1.022542	0.000000	0.159965	0.002140	16.5
793	-1.022188	0.000000	0.159965	0.002019	16.5
794	-1.022577	0.000000	0.159965	0.001917	16.3
795	-1.022776	0.000000	0.159965	0.001926	16.3
796	-1.022462	0.000000	0.159965	0.002006	16.4
797	-1.023298	0.000000	0.159965	0.002281	16.4
798	-1.023171	0.000000	0.159965	0.002164	16.4
799	-1.022337	0.000000	0.159965	0.001847	16.8
800	-1.022480	0.000000	0.159965	0.002012	16.4
801	-1.021968	0.000000	0.159965	0.001871	16.3
802	-1.022560	0.000000	0.159965	0.002063	16.5
803	-1.021076	0.000000	0.159965	0.002225	16.6
804	-1.022412	0.000000	0.159965	0.002075	16.6
805	-1.021665	0.000000	0.159965	0.002018	16.4
806	-1.022235	0.000000	0.159965	0.002091	16.2
807	-1.022829	0.000000	0.159965	0.001811	16.5
808	-1.022285	0.000000	0.159965	0.002175	16.3
809	-1.023525	0.000000	0.159965	0.002232	16.4
810	-1.021467	0.000000	0.159965	0.002257	16.2
811	-1.022902	0.000000	0.159965	0.001872	16.0
812	-1.022449	0.000000	0.159965	0.002126	15.9
813	-1.022102	0.000000	0.159965	0.001982	16.0
814	-1.022774	0.000000	0.159965	0.002203	15.9
815	-1.023307	0.000000	0.159965	0.002146	16.1
816	-1.023453	0.000000	0.159965	0.002134	16.0
817	-1.022755	0.000000	0.159965	0.002111	16.0
818	-1.022237	0.000000	0.159965	0.002295	15.9
819	-1.022285	0.000000	0.159965	0.001635	16.0
820	-1.021585	0.000000	0.159965	0.002133	16.0
821	-1.023397	0.000000	0.159965	0.001956	16.0
822	-1.023312	0.000000	0.159965	0.002068	16.3
823	-1.021741	0.000000	0.159965	0.002205	16.3
824	-1.022475	0.000000	0.159965	0.002193	16.0
825	-1.021773	0.000000	0.159965	0.001773	15.9
826	-1.022186	0.000000	0.159965	0.002314	16.0
827	-1.023476	0.000000	0.159965	0.001497	16.4
828	-1.021815	0.000000	0.159965	0.001953	16.5
829	-1.022797	0.000000	0.159965	0.001653	16.7
830	-1.022895	0.000000	0.159965	0.002204	16.3
831	-1.023224	0.000000	0.159965	0.002056	16.7
832	-1.023756	0.000000	0.159965	0.002180	16.4
833	-1.022912	0.000000	0.159965	0.002091	16.5
834	-1.023014	0.000000	0.159965	0.002080	16.4
835	-1.021217	0.000000	0.159965	0.001790	16.5
836	-1.022420	0.000000	0.159965	0.002126	16.4
837	-1.022636	0.000000	0.159965	0.002027	16.3
838	-1.023813	0.000000	0.159965	0.002001	16.5
839	-1.022410	0.000000	0.159965	0.001872	16.4
840	-1.022151	0.000000	0.159965	0.001922	16.3
841	-1.022267	0.000000	0.159965	0.002154	16.1
842	-1.021810	0.000000	0.159965	0.001659	15.9
843	-1.022198	0.000000	0.159965	0.001873	15.9
844	-1.022336	0.000000	0.159965	0.002022	16.0
845	-1.022850	0.000000	0.159965	0.001969	16.0
846	-1.022073	0.000000	0.159965	0.001797	16.3
847	-1.023536	0.000000	0.159965	0.002053	16.2
848	-1.022643	0.000000	0.159965	0.001931	16.5
849	-1.023020	0.000000	0.159965	0.001879	16.2
850	-1.022855	0.000000	0.159965	0.001738	16.3
851	-1.021795	0.000000	0.159965	0.001866	16.5
852	-1.022189	0.000000	0.159965	0.001689	16.4
853	-1.021653	0.000000	0.159965	0.001786	16.4
854	-1.022370	0.000000	0.159965	0.002233	16.5
855	-1.022841	0.000000	0.159965	0.001972	16.3
856	-1.021910	0.000000	0.159965	0.002250	16.4
857	-1.022972	0.000000	0.159965	0.002325	16.4
858	-1.022630	0.000000	0.159965	0.002211	16.5
859	-1.022850	0.000000	0.159965	0.002075	16.5
860	-1.023013	0.000000	0.159965	0.001953	16.4
861	-1.021408	0.000000	0.159965	0.001846	16.3
862	-1.022712	0.000000	0.159965	0.002165	16.4
863	-1.024162	0.000000	0.159965	0.001987	16.3
864	-1.022396	0.000000	0.159965	0.002111	16.3
865	-1.022974	0.000000	0.159965	0.001793	16.7
866	-1.023272	0.000000	0.159965	0.002232	16.5
867	-1.023136	0.000000	0.159965	0.002362	16.3
868	-1.022890	0.000000	0.159965	0.001975	16.3
869	-1.022295	0.000000	0.159965	0.002293	16.5
870	-1.023034	0.000000	0.159965	0.001743	16.5
871	-1.021288	0.000000	0.159965	0.001898	16.5
872	-1.022494	0.000000	0.159965	0.002036	16.4
873	-1.023360	0.000000	0.159965	0.001936	16.3
874	-1.022499	0.000000	0.159965	0.001935	16.3
875	-1.021912	0.000000	0.159965	0.001809	16.4
876	-1.021821	0.000000	0.159965	0.002217	16.5
877	-1.021940	0.000000	0.159965	0.002154	16.4
878	-1.022501	0.000000	0.159965	0.002064	16.4
879	-1.022374	0.000000	0.159965	0.002193	16.3
880	-1.022903	0.000000	0.159965	0.002077	16.4
881	-1.021129	0.000000	0.159965	0.001646	16.3
882	-1.021913	0.000000	0.159965	0.002182	16.5
883	-1.022997	0.000000	0.159965	0.002087	16.4
884	-1.022558	0.000000	0.159965	0.002263	16.6
885	-1.021814	0.000000	0.159965	0.001964	16.4
886	-1.023219	0.000000	0.159965	0.002000	16.3
887	-1.022849	0.000000	0.159965	0.001796	16.3
888	-1.022233	0.000000	0.159965	0.001970	16.4
889	-1.021732	0.000000	0.159965	0.002039	16.5
890	-1.022212	0.000000	0.159965	0.002025	16.6
891	-1.022880	0.000000	0.159965	0.002405	16.2
892	-1.022830	0.000000	0.159965	0.001843	16.4
893	-1.022456	0.000000	0.159965	0.001785	16.4
894	-1.022305	0.000000	0.159965	0.002143	16.3
895	-1.021630	0.000000	0.159965	0.001997	16.3
896	-1.023304	0.000000	0.159965	0.002026	16.5
897	-1.021810	0.000000	0.159965	0.002030	16.4
898	-1.022574	0.000000	0.159965	0.001919	16.3
899	-1.023294	0.000000	0.159965	0.001758	16.3
900	-1.023076	0.000000	0.159965	0.002026	16.5
901	-1.022446	0.000000	0.159965	0.001860	16.5
902	-1.023711	0.000000	0.159965	0.002004	16.6
903	-1.022005	0.000000	0.159965	0.001904	16.3
904	-1.023267	0.000000	0.159965	0.002380	16.4
905	-1.023256	0.000000	0.159965	0.002073	16.3
906	-1.023051	0.000000	0.159965	0.002145	16.3
907	-1.022603	0.000000	0.159965	0.002223	16.4
908	-1.022793	0.000000	0.159965	0.002131	16.4
909	-1.022223	0.000000	0.159965	0.001874	16.5
910	-1.022101	0.000000	0.159965	0.001730	16.3
911	-1.022225	0.000000	0.159965	0.001946	16.3
912	-1.022934	0.000000	0.159965	0.002038	16.3
913	-1.022641	0.000000	0.159965	0.001997	16.0
914	-1.022068	0.000000	0.159965	0.001926	16.0
915	-1.023140	0.000000	0.159965	0.001930	15.9
916	-1.023041	0.000000	0.159965	0.002110	16.0
917	-1.022156	0.000000	0.159965	0.001848	16.3
918	-1.023571	0.000000	0.159965	0.001985	16.3
919	-1.022765	0.000000	0.159965	0.002003	16.3
920	-1.023588	0.000000	0.159965	0.002005	16.4
921	-1.022071	0.000000	0.159965	0.002122	16.4
922	-1.023028	0.000000	0.159965	0.001813	16.3
923	-1.023182	0.000000	0.159965	0.002111	16.3
924	-1.023063	0.000000	0.159965	0.001756	16.3
925	-1.022351	0.000000	0.159965	0.001829	16.4
926	-1.022356	0.000000	0.159965	0.001808	16.5
927	-1.023431	0.000000	0.159965	0.001947	16.4
928	-1.022040	0.000000	0.159965	0.001739	16.5
929	-1.021773	0.000000	0.159965	0.001658	16.4
930	-1.022993	0.000000	0.159965	0.002210	16.4
931	-1.023080	0.000000	0.159965	0.002074	16.5
932	-1.023343	0.000000	0.159965	0.002128	16.5
933	-1.022306	0.000000	0.159965	0.002180	16.4
934	-1.022522	0.000000	0.159965	0.001701	16.4
935	-1.022757	0.000000	0.159965	0.001880	16.4
936	-1.022612	0.000000	0.159965	0.001861	16.4
937	-1.021719	0.000000	0.159965	0.002069	16.3
938	-1.023174	0.000000	0.159965	0.002014	16.6
939	-1.021673	0.000000	0.159965	0.001945	16.2
940	-1.022274	0.000000	0.159965	0.002137	15.9
941	-1.022246	0.000000	0.159965	0.001932	16.0
942	-1.022539	0.000000	0.159965	0.002179	15.9
943	-1.021720	0.000000	0.159965	0.001930	16.0
944	-1.023311	0.000000	0.159965	0.001892	16.1
945	-1.022355	0.000000	0.159965	0.001878	16.2
946	-1.022939	0.000000	0.159965	0.001953	16.0
947	-1.023202	0.000000	0.159965	0.001989	16.0
948	-1.022694	0.000000	0.159965	0.001826	16.0
949	-1.023665	0.000000	0.159965	0.002187	16.0
950	-1.023112	0.000000	0.159965	0.001956	16.4
951	-1.021405	0.000000	0.159965	0.001844	16.6
952	-1.022406	0.000000	0.159965	0.001973	16.4
953	-1.022583	0.000000	0.159965	0.002081	16.3
954	-1.023311	0.000000	0.159965	0.002078	16.3
955	-1.023120	0.000000	0.159965	0.002321	16.3
956	-1.022968	0.000000	0.159965	0.002088	16.3
957	-1.023921	0.000000	0.159965	0.002001	16.4
958	-1.021737	0.000000	0.159965	0.001764	16.4
959	-1.022197	0.000000	0.159965	0.002163	16.5
960	-1.021795	0.000000	0.159965	0.001923	16.5
961	-1.023645	0.000000	0.159965	0.001913	16.4
962	-1.022094	0.000000	0.159965	0.002077	16.4
963	-1.022622	0.000000	0.159965	0.001903	16.4
964	-1.022557	0.000000	0.159965	0.002078	16.4
965	-1.022944	0.000000	0.159965	0.001938	16.4
966	-1.022336	0.000000	0.159965	0.002261	16.3
967	-1.022518	0.000000	0.159965	0.002114	16.3
968	-1.021241	0.000000	0.159965	0.002149	16.3
969	-1.022198	0.000000	0.159965	0.001799	16.4
970	-1.022265	0.000000	0.159965	0.001949	16.4
971	-1.023693	0.000000	0.159965	0.002074	16.3
972	-1.022930	0.000000	0.159965	0.002325	16.3
973	-1.022087	0.000000	0.159965	0.002213	16.1
974	-1.021703	0.000000	0.159965	0.002013	15.9
975	-1.022006	0.000000	0.159965	0.002237	16.2
976	-1.022687	0.000000	0.159965	0.002000	16.1
977	-1.022379	0.000000	0.159965	0.002179	16.0
978	-1.022467	0.000000	0.159965	0.001626	16.0
979	-1.021351	0.000000	0.159965	0.002133	16.0
980	-1.022371	0.000000	0.159965	0.001912	15.9
981	-1.022807	0.000000	0.159965	0.002352	16.0
982	-1.023615	0.000000	0.159965	0.001896	16.1
983	-1.022600	0.000000	0.159965	0.002248	16.0
984	-1.022304	0.000000	0.159965	0.001820	15.9
985	-1.023121	0.000000	0.159965	0.001850	16.0
986	-1.021730	0.000000	0.159965	0.002367	15.9
987	-1.022856	0.000000	0.159965	0.001765	16.3
988	-1.023921	0.000000	0.159965	0.001855	16.4
989	-1.023341	0.000000	0.159965	0.002169	16.4
990	-1.022721	0.000000	0.159965	0.002112	16.3
991	-1.023390	0.000000	0.159965	0.001973	16.4
992	-1.022090	0.000000	0.159965	0.001839	16.2
993	-1.021970	0.000000	0.159965	0.001888	16.4
994	-1.022778	0.000000	0.159965	0.001992	16.4
995	-1.021156	0.000000	0.159965	0.002214	16.4
996	-1.023167	0.000000	0.159965	0.002248	16.3
997	-1.021977	0.000000	0.159965	0.001905	16.3
998	-1.020684	0.000000	0.159965	0.002529	16.3
999	-1.022131	0.000000	0.159965	0.001988	16.3
