1:ItNr	2:Metric	3a:Time	3b:StepSize	4:||Gradient||	Time[ms]
0	-1.011742	0.000000	0.159965	0.000803	20.9
1	-1.011314	0.000000	0.159965	0.000860	16.1
2	-1.011578	0.000000	0.159965	0.000886	12.2
3	-1.011532	0.000000	0.159965	0.000728	32.6
4	-1.011670	0.000000	0.159965	0.000841	16.2
5	-1.011202	0.000000	0.159965	0.000740	20.9
6	-1.011529	0.000000	0.159965	0.000882	12.8
7	-1.011349	0.000000	0.159965	0.000848	12.2
8	-1.011259	0.000000	0.159965	0.000841	12.2
9	-1.011486	0.000000	0.159965	0.000799	12.2
10	-1.011080	0.000000	0.159965	0.000649	10.9
11	-1.010931	0.000000	0.159965	0.000659	11.0
12	-1.010876	0.000000	0.159965	0.000769	11.0
13	-1.011753	0.000000	0.159965	0.000902	11.1
14	-1.011382	0.000000	0.159965	0.000918	11.2
15	-1.010720	0.000000	0.159965	0.000998	11.0
16	-1.010521	0.000000	0.159965	0.000846	11.3
17	-1.011737	0.000000	0.159965	0.000973	11.2
18	-1.011504	0.000000	0.159965	0.000745	11.2
19	-1.011451	0.000000	0.159965	0.000728	11.2
20	-1.011895	0.000000	0.159965	0.000909	11.1
21	-1.010743	0.000000	0.159965	0.000800	11.1
22	-1.011451	0.000000	0.159965	0.000790	11.2
23	-1.011807	0.000000	0.159965	0.000965	11.3
24	-1.011121	0.000000	0.159965	0.000637	11.3
25	-1.011109	0.000000	0.159965	0.001078	11.3
26	-1.011702	0.000000	0.159965	0.000862	11.3
27	-1.011661	0.000000	0.159965	0.001017	11.3
28	-1.011292	0.000000	0.159965	0.001011	11.2
29	-1.010579	0.000000	0.159965	0.000896	11.3
30	-1.011583	0.000000	0.159965	0.000845	11.3
31	-1.011385	0.000000	0.159965	0.000894	11.3
32	-1.010685	0.000000	0.159965	0.000796	11.2
33	-1.011893	0.000000	0.159965	0.000957	11.3
34	-1.011419	0.000000	0.159965	0.000875	11.2
35	-1.011955	0.000000	0.159965	0.000995	11.3
36	-1.011611	0.000000	0.159965	0.000834	11.3
37	-1.011342	0.000000	0.159965	0.000848	11.3
38	-1.011841	0.000000	0.159965	0.001031	11.2
39	-1.011072	0.000000	0.159965	0.000765	11.2
40	-1.010808	0.000000	0.159965	0.000820	11.2
41	-1.010762	0.000000	0.159965	0.000902	11.1
42	-1.011063	0.000000	0.159965	0.000963	11.3
43	-1.011491	0.000000	0.159965	0.000954	11.2
44	-1.011618	0.000000	0.159965	0.000919	11.3
45	-1.010923	0.000000	0.159965	0.000887	11.2
46	-1.011111	0.000000	0.159965	0.001059	11.2
47	-1.011555	0.000000	0.159965	0.001026	11.3
48	-1.011167	0.000000	0.159965	0.000668	11.3
49	-1.011631	0.000000	0.159965	0.001088	11.3
50	-1.011077	0.000000	0.159965	0.000812	11.2
51	-1.011543	0.000000	0.159965	0.000962	11.3
52	-1.010965	0.000000	0.159965	0.000951	11.3
53	-1.012320	0.000000	0.159965	0.000887	11.3
54	-1.011762	0.000000	0.159965	0.000765	11.3
55	-1.011366	0.000000	0.159965	0.000787	11.2
56	-1.011052	0.000000	0.159965	0.001092	11.3
57	-1.012291	0.000000	0.159965	0.000808	11.3
58	-1.011226	0.000000	0.159965	0.000918	11.2
59	-1.011273	0.000000	0.159965	0.001006	11.2
60	-1.011980	0.000000	0.159965	0.000843	11.2
61	-1.011324	0.000000	0.159965	0.000814	11.2
62	-1.011022	0.000000	0.159965	0.000826	11.3
63	-1.011915	0.000000	0.159965	0.000958	11.3
64	-1.011113	0.000000	0.159965	0.000789	11.2
65	-1.011292	0.000000	0.159965	0.000937	11.2
66	-1.011045	0.000000	0.159965	0.000673	11.3
67	-1.011010	0.000000	0.159965	0.000913	11.4
68	-1.011181	0.000000	0.159965	0.000817	11.2
69	-1.011857	0.000000	0.159965	0.000874	11.2
70	-1.011850	0.000000	0.159965	0.001137	11.2
71	-1.011170	0.000000	0.159965	0.000848	11.3
72	-1.011349	0.000000	0.159965	0.000893	11.1
73	-1.011077	0.000000	0.159965	0.001082	11.2
74	-1.010911	0.000000	0.159965	0.000935	11.2
75	-1.012131	0.000000	0.159965	0.000776	11.3
76	-1.011787	0.000000	0.159965	0.000782	11.3
77	-1.011263	0.000000	0.159965	0.001038	11.1
78	-1.011208	0.000000	0.159965	0.000805	11.2
79	-1.011143	0.000000	0.159965	0.000956	11.1
80	-1.011960	0.000000	0.159965	0.001064	11.2
81	-1.011380	0.000000	0.159965	0.000837	11.2
82	-1.012051	0.000000	0.159965	0.000851	11.2
83	-1.010939	0.000000	0.159965	0.000750	11.1
84	-1.011716	0.000000	0.159965	0.000757	11.1
85	-1.011484	0.000000	0.159965	0.000868	11.4
86	-1.011124	0.000000	0.159965	0.000845	11.2
87	-1.011237	0.000000	0.159965	0.000825	11.2
88	-1.011606	0.000000	0.159965	0.000744	11.2
89	-1.011547	0.000000	0.159965	0.000871	11.1
90	-1.011288	0.000000	0.159965	0.000799	11.1
91	-1.011126	0.000000	0.159965	0.000754	11.3
92	-1.011102	0.000000	0.159965	0.001093	11.1
93	-1.011011	0.000000	0.159965	0.000856	11.2
94	-1.011481	0.000000	0.159965	0.000829	11.3
95	-1.011257	0.000000	0.159965	0.000921	11.3
96	-1.011476	0.000000	0.159965	0.000774	11.1
97	-1.011619	0.000000	0.159965	0.000861	11.0
98	-1.011394	0.000000	0.159965	0.000843	10.9
99	-1.011443	0.000000	0.159965	0.000924	11.0
100	-1.011315	0.000000	0.159965	0.000799	10.9
101	-1.011152	0.000000	0.159965	0.001001	11.0
102	-1.012131	0.000000	0.159965	0.000769	11.1
103	-1.011531	0.000000	0.159965	0.000868	10.9
104	-1.011473	0.000000	0.159965	0.000647	10.9
105	-1.010718	0.000000	0.159965	0.000691	11.1
106	-1.011874	0.000000	0.159965	0.000791	11.0
107	-1.011305	0.000000	0.159965	0.000708	11.1
108	-1.011640	0.000000	0.159965	0.000613	11.0
109	-1.011586	0.000000	0.159965	0.000680	11.0
110	-1.010443	0.000000	0.159965	0.000901	11.2
111	-1.011102	0.000000	0.159965	0.000909	11.1
112	-1.011722	0.000000	0.159965	0.000923	11.2
113	-1.010821	0.000000	0.159965	0.000834	11.0
114	-1.011553	0.000000	0.159965	0.000806	11.1
115	-1.011002	0.000000	0.159965	0.000658	11.0
116	-1.011131	0.000000	0.159965	0.000797	11.1
117	-1.010912	0.000000	0.159965	0.001037	11.3
118	-1.010642	0.000000	0.159965	0.000691	11.1
119	-1.011250	0.000000	0.159965	0.000800	11.2
120	-1.011726	0.000000	0.159965	0.000934	11.0
121	-1.011913	0.000000	0.159965	0.000979	11.0
122	-1.011188	0.000000	0.159965	0.001042	11.1
123	-1.011611	0.000000	0.159965	0.000765	11.1
124	-1.011586	0.000000	0.159965	0.000825	11.1
125	-1.011359	0.000000	0.159965	0.000750	11.1
126	-1.011738	0.000000	0.159965	0.000977	11.2
127	-1.011484	0.000000	0.159965	0.000782	11.2
128	-1.011288	0.000000	0.159965	0.000905	11.2
129	-1.011222	0.000000	0.159965	0.000830	11.3
130	-1.011029	0.000000	0.159965	0.000933	11.2
131	-1.011989	0.000000	0.159965	0.000713	11.1
132	-1.011026	0.000000	0.159965	0.000709	11.1
133	-1.011792	0.000000	0.159965	0.000926	11.2
134	-1.011141	0.000000	0.159965	0.000687	11.2
135	-1.011031	0.000000	0.159965	0.000696	11.2
136	-1.011621	0.000000	0.159965	0.000820	11.2
137	-1.011003	0.000000	0.159965	0.000907	11.2
138	-1.011373	0.000000	0.159965	0.000919	11.0
139	-1.011603	0.000000	0.159965	0.000907	11.0
140	-1.011921	0.000000	0.159965	0.000654	11.0
141	-1.011526	0.000000	0.159965	0.000852	11.0
142	-1.011012	0.000000	0.159965	0.000932	10.9
143	-1.011998	0.000000	0.159965	0.001144	11.0
144	-1.011307	0.000000	0.159965	0.000802	11.0
145	-1.011402	0.000000	0.159965	0.000659	11.0
146	-1.011034	0.000000	0.159965	0.000720	11.1
147	-1.010948	0.000000	0.159965	0.000802	11.0
148	-1.011884	0.000000	0.159965	0.000852	11.0
149	-1.011659	0.000000	0.159965	0.000738	10.9
150	-1.012101	0.000000	0.159965	0.000876	10.8
151	-1.011360	0.000000	0.159965	0.000904	11.4
152	-1.010865	0.000000	0.159965	0.000691	10.9
153	-1.011394	0.000000	0.159965	0.000910	11.0
154	-1.011432	0.000000	0.159965	0.000845	10.9
155	-1.010799	0.000000	0.159965	0.000861	10.9
156	-1.011944	0.000000	0.159965	0.001075	11.0
157	-1.011386	0.000000	0.159965	0.001143	11.0
158	-1.011220	0.000000	0.159965	0.000928	10.9
159	-1.010973	0.000000	0.159965	0.000832	10.8
160	-1.010662	0.000000	0.159965	0.000696	10.8
161	-1.011383	0.000000	0.159965	0.000944	11.0
162	-1.011425	0.000000	0.159965	0.000932	11.0
163	-1.011073	0.000000	0.159965	0.000833	10.9
164	-1.010985	0.000000	0.159965	0.000634	11.2
165	-1.011038	0.000000	0.159965	0.000862	10.9
166	-1.011673	0.000000	0.159965	0.001008	11.0
167	-1.010675	0.000000	0.159965	0.000783	11.0
168	-1.011486	0.000000	0.159965	0.000862	11.0
169	-1.011151	0.000000	0.159965	0.000762	11.3
170	-1.012157	0.000000	0.159965	0.000745	11.3
171	-1.012032	0.000000	0.159965	0.000792	11.0
172	-1.012081	0.000000	0.159965	0.000762	11.0
173	-1.011667	0.000000	0.159965	0.000728	10.9
174	-1.011695	0.000000	0.159965	0.001123	11.1
175	-1.011845	0.000000	0.159965	0.000811	16.8
176	-1.010942	0.000000	0.159965	0.000971	11.1
177	-1.011414	0.000000	0.159965	0.000867	11.1
178	-1.012214	0.000000	0.159965	0.000791	11.1
179	-1.011853	0.000000	0.159965	0.001083	11.0
180	-1.011563	0.000000	0.159965	0.000977	11.0
181	-1.012054	0.000000	0.159965	0.000939	11.0
182	-1.010940	0.000000	0.159965	0.000916	11.0
183	-1.011122	0.000000	0.159965	0.000808	11.1
184	-1.011252	0.000000	0.159965	0.000852	11.0
185	-1.010691	0.000000	0.159965	0.000889	10.9
186	-1.011450	0.000000	0.159965	0.000848	11.1
187	-1.010535	0.000000	0.159965	0.000807	10.9
188	-1.011483	0.000000	0.159965	0.000786	11.0
189	-1.010879	0.000000	0.159965	0.000878	11.0
190	-1.011405	0.000000	0.159965	0.000979	10.9
191	-1.011164	0.000000	0.159965	0.000815	11.0
192	-1.011447	0.000000	0.159965	0.000785	10.9
193	-1.010783	0.000000	0.159965	0.000768	11.1
194	-1.012464	0.000000	0.159965	0.001012	11.2
195	-1.011574	0.000000	0.159965	0.000865	11.1
196	-1.011149	0.000000	0.159965	0.000709	12.1
197	-1.011006	0.000000	0.159965	0.000882	11.2
198	-1.011262	0.000000	0.159965	0.000800	11.2
199	-1.011055	0.000000	0.159965	0.000840	11.2
200	-1.011189	0.000000	0.159965	0.001015	11.2
201	-1.010790	0.000000	0.159965	0.000913	11.3
202	-1.011421	0.000000	0.159965	0.000806	11.2
203	-1.011584	0.000000	0.159965	0.000872	11.3
204	-1.011542	0.000000	0.159965	0.000986	11.2
205	-1.011958	0.000000	0.159965	0.000944	11.3
206	-1.011028	0.000000	0.159965	0.000800	11.2
207	-1.011413	0.000000	0.159965	0.000772	11.5
208	-1.011891	0.000000	0.159965	0.001178	11.2
209	-1.011753	0.000000	0.159965	0.001086	11.3
210	-1.010676	0.000000	0.159965	0.000685	11.3
211	-1.010848	0.000000	0.159965	0.000860	11.3
212	-1.011643	0.000000	0.159965	0.000874	11.2
213	-1.010830	0.000000	0.159965	0.000857	11.2
214	-1.011456	0.000000	0.159965	0.000840	11.3
215	-1.010700	0.000000	0.159965	0.000784	11.3
216	-1.011992	0.000000	0.159965	0.000882	11.3
217	-1.012077	0.000000	0.159965	0.000839	11.3
218	-1.010876	0.000000	0.159965	0.000685	11.3
219	-1.010750	0.000000	0.159965	0.000894	11.2
220	-1.012250	0.000000	0.159965	0.000779	11.3
221	-1.011432	0.000000	0.159965	0.000648	11.1
222	-1.011955	0.000000	0.159965	0.000879	11.1
223	-1.010464	0.000000	0.159965	0.000880	11.2
224	-1.011936	0.000000	0.159965	0.000941	11.2
225	-1.011302	0.000000	0.159965	0.000881	11.2
226	-1.011351	0.000000	0.159965	0.000723	11.3
227	-1.010931	0.000000	0.159965	0.000908	11.1
228	-1.011054	0.000000	0.159965	0.000829	11.3
229	-1.011274	0.000000	0.159965	0.000674	11.3
230	-1.011671	0.000000	0.159965	0.001094	11.2
231	-1.011176	0.000000	0.159965	0.000969	11.1
232	-1.011838	0.000000	0.159965	0.000929	11.0
233	-1.011863	0.000000	0.159965	0.001516	11.1
234	-1.012282	0.000000	0.159965	0.000887	11.1
235	-1.011409	0.000000	0.159965	0.000924	11.0
236	-1.011512	0.000000	0.159965	0.000900	11.3
237	-1.011074	0.000000	0.159965	0.000922	11.1
238	-1.011521	0.000000	0.159965	0.000973	11.2
239	-1.011294	0.000000	0.159965	0.000794	11.1
240	-1.011044	0.000000	0.159965	0.000941	11.0
241	-1.011120	0.000000	0.159965	0.000927	11.0
242	-1.011055	0.000000	0.159965	0.000874	11.1
243	-1.011083	0.000000	0.159965	0.000947	11.1
244	-1.011357	0.000000	0.159965	0.000952	11.2
245	-1.011549	0.000000	0.159965	0.000872	11.0
246	-1.011375	0.000000	0.159965	0.000988	11.1
247	-1.010782	0.000000	0.159965	0.000912	11.1
248	-1.011082	0.000000	0.159965	0.001016	11.2
249	-1.011630	0.000000	0.159965	0.000997	11.2
250	-1.011129	0.000000	0.159965	0.000884	11.2
251	-1.012224	0.000000	0.159965	0.001003	11.2
252	-1.011515	0.000000	0.159965	0.000684	11.1
253	-1.011302	0.000000	0.159965	0.000674	11.2
254	-1.011470	0.000000	0.159965	0.000699	11.3
255	-1.011692	0.000000	0.159965	0.000838	11.1
256	-1.010825	0.000000	0.159965	0.000756	11.1
257	-1.011070	0.000000	0.159965	0.000845	11.2
258	-1.011001	0.000000	0.159965	0.000844	11.2
259	-1.010843	0.000000	0.159965	0.000814	11.2
260	-1.011296	0.000000	0.159965	0.000767	11.1
261	-1.011819	0.000000	0.159965	0.000736	11.2
262	-1.011893	0.000000	0.159965	0.000822	11.1
263	-1.011554	0.000000	0.159965	0.000642	11.4
264	-1.011847	0.000000	0.159965	0.000731	11.2
265	-1.012104	0.000000	0.159965	0.000682	11.3
266	-1.011801	0.000000	0.159965	0.000879	11.2
267	-1.011072	0.000000	0.159965	0.000819	11.2
268	-1.010459	0.000000	0.159965	0.000913	11.2
269	-1.011284	0.000000	0.159965	0.000817	11.2
270	-1.011075	0.000000	0.159965	0.000809	11.2
271	-1.011449	0.000000	0.159965	0.001143	11.2
272	-1.011931	0.000000	0.159965	0.001035	11.3
273	-1.011492	0.000000	0.159965	0.001029	11.1
274	-1.011392	0.000000	0.159965	0.000945	11.2
275	-1.011742	0.000000	0.159965	0.000950	11.2
276	-1.011021	0.000000	0.159965	0.001035	11.2
277	-1.011503	0.000000	0.159965	0.000780	11.2
278	-1.011390	0.000000	0.159965	0.000775	11.2
279	-1.010924	0.000000	0.159965	0.000812	11.3
280	-1.011980	0.000000	0.159965	0.000785	11.4
281	-1.010737	0.000000	0.159965	0.001054	11.1
282	-1.011488	0.000000	0.159965	0.000997	10.9
283	-1.011299	0.000000	0.159965	0.000664	11.1
284	-1.010490	0.000000	0.159965	0.000710	10.9
285	-1.011573	0.000000	0.159965	0.000652	10.9
286	-1.011864	0.000000	0.159965	0.000914	10.9
287	-1.010882	0.000000	0.159965	0.000922	10.9
288	-1.011639	0.000000	0.159965	0.000797	11.1
289	-1.011471	0.000000	0.159965	0.000791	11.0
290	-1.011901	0.000000	0.159965	0.000882	11.0
291	-1.011151	0.000000	0.159965	0.000963	10.9
292	-1.011174	0.000000	0.159965	0.000860	11.0
293	-1.011980	0.000000	0.159965	0.000817	11.0
294	-1.011364	0.000000	0.159965	0.000832	11.0
295	-1.011042	0.000000	0.159965	0.000870	11.0
296	-1.010573	0.000000	0.159965	0.000819	11.1
297	-1.011439	0.000000	0.159965	0.000771	11.2
298	-1.012026	0.000000	0.159965	0.000912	11.3
299	-1.011909	0.000000	0.159965	0.000730	11.2
300	-1.011721	0.000000	0.159965	0.000902	11.1
301	-1.010425	0.000000	0.159965	0.000666	11.1
302	-1.011467	0.000000	0.159965	0.001081	11.1
303	-1.011009	0.000000	0.159965	0.000741	11.2
304	-1.011196	0.000000	0.159965	0.000697	11.2
305	-1.011573	0.000000	0.159965	0.000958	11.3
306	-1.011252	0.000000	0.159965	0.000974	11.1
307	-1.011574	0.000000	0.159965	0.000953	11.1
308	-1.011658	0.000000	0.159965	0.000834	11.1
309	-1.010670	0.000000	0.159965	0.000948	11.1
310	-1.010865	0.000000	0.159965	0.000897	11.1
311	-1.011675	0.000000	0.159965	0.000729	11.0
312	-1.011525	0.000000	0.159965	0.000827	11.0
313	-1.011242	0.000000	0.159965	0.000844	10.9
314	-1.010791	0.000000	0.159965	0.000708	10.9
315	-1.011185	0.000000	0.159965	0.000779	11.0
316	-1.010984	0.000000	0.159965	0.000754	11.2
317	-1.010453	0.000000	0.159965	0.000908	11.1
318	-1.011473	0.000000	0.159965	0.000731	11.0
319	-1.011354	0.000000	0.159965	0.000843	10.9
320	-1.011726	0.000000	0.159965	0.000978	10.9
321	-1.011846	0.000000	0.159965	0.001025	11.0
322	-1.011225	0.000000	0.159965	0.000800	11.0
323	-1.010719	0.000000	0.159965	0.000825	11.0
324	-1.011355	0.000000	0.159965	0.000844	10.9
325	-1.012718	0.000000	0.159965	0.001084	11.0
326	-1.011120	0.000000	0.159965	0.000820	10.9
327	-1.011601	0.000000	0.159965	0.000844	11.0
328	-1.011904	0.000000	0.159965	0.000727	11.2
329	-1.010722	0.000000	0.159965	0.000882	11.0
330	-1.011788	0.000000	0.159965	0.000969	11.0
331	-1.011675	0.000000	0.159965	0.001035	10.9
332	-1.011478	0.000000	0.159965	0.000988	11.0
333	-1.011724	0.000000	0.159965	0.000840	10.9
334	-1.011718	0.000000	0.159965	0.000999	11.0
335	-1.011950	0.000000	0.159965	0.000785	11.0
336	-1.011345	0.000000	0.159965	0.000904	11.0
337	-1.011501	0.000000	0.159965	0.000935	11.0
338	-1.011976	0.000000	0.159965	0.000710	10.9
339	-1.011388	0.000000	0.159965	0.000869	10.9
340	-1.011277	0.000000	0.159965	0.000931	11.0
341	-1.011423	0.000000	0.159965	0.000741	10.9
342	-1.010536	0.000000	0.159965	0.000893	10.9
343	-1.010921	0.000000	0.159965	0.000822	11.0
344	-1.010345	0.000000	0.159965	0.000931	10.9
345	-1.012131	0.000000	0.159965	0.000951	11.1
346	-1.011190	0.000000	0.159965	0.000706	11.0
347	-1.011178	0.000000	0.159965	0.000937	11.0
348	-1.011212	0.000000	0.159965	0.000846	11.0
349	-1.012353	0.000000	0.159965	0.000948	11.0
350	-1.011496	0.000000	0.159965	0.000745	11.0
351	-1.011902	0.000000	0.159965	0.000744	11.0
352	-1.011361	0.000000	0.159965	0.000822	11.1
353	-1.011713	0.000000	0.159965	0.000742	11.1
354	-1.011763	0.000000	0.159965	0.000694	11.1
355	-1.010271	0.000000	0.159965	0.000777	11.0
356	-1.011365	0.000000	0.159965	0.000961	11.0
357	-1.011437	0.000000	0.159965	0.000945	11.2
358	-1.011179	0.000000	0.159965	0.000811	11.0
359	-1.011374	0.000000	0.159965	0.000776	11.0
360	-1.011545	0.000000	0.159965	0.000787	10.8
361	-1.010938	0.000000	0.159965	0.000816	11.0
362	-1.010911	0.000000	0.159965	0.000739	11.0
363	-1.011449	0.000000	0.159965	0.001036	11.0
364	-1.012065	0.000000	0.159965	0.000923	11.0
365	-1.011145	0.000000	0.159965	0.000971	10.9
366	-1.011412	0.000000	0.159965	0.000843	11.0
367	-1.011216	0.000000	0.159965	0.001075	11.0
368	-1.010949	0.000000	0.159965	0.000986	11.0
369	-1.011742	0.000000	0.159965	0.000804	11.1
370	-1.011630	0.000000	0.159965	0.000915	11.0
371	-1.010690	0.000000	0.159965	0.000718	11.0
372	-1.010368	0.000000	0.159965	0.000762	10.9
373	-1.010294	0.000000	0.159965	0.000728	10.9
374	-1.011181	0.000000	0.159965	0.000894	10.9
375	-1.011232	0.000000	0.159965	0.000842	10.9
376	-1.011299	0.000000	0.159965	0.000913	11.0
377	-1.010912	0.000000	0.159965	0.000822	10.9
378	-1.011805	0.000000	0.159965	0.000869	10.8
379	-1.010642	0.000000	0.159965	0.001006	11.0
380	-1.010577	0.000000	0.159965	0.001040	11.1
381	-1.011744	0.000000	0.159965	0.001213	11.0
382	-1.011356	0.000000	0.159965	0.000952	11.0
383	-1.010591	0.000000	0.159965	0.001147	10.9
384	-1.010695	0.000000	0.159965	0.000861	10.9
385	-1.011227	0.000000	0.159965	0.000912	10.9
386	-1.011807	0.000000	0.159965	0.000734	11.0
387	-1.011632	0.000000	0.159965	0.000946	10.9
388	-1.011693	0.000000	0.159965	0.000854	11.1
389	-1.011140	0.000000	0.159965	0.001087	10.9
390	-1.010357	0.000000	0.159965	0.000892	10.9
391	-1.011132	0.000000	0.159965	0.000892	10.9
392	-1.011401	0.000000	0.159965	0.000957	10.8
393	-1.011027	0.000000	0.159965	0.000721	11.0
394	-1.010392	0.000000	0.159965	0.000649	10.9
395	-1.012114	0.000000	0.159965	0.000729	10.9
396	-1.011881	0.000000	0.159965	0.000864	10.9
397	-1.011284	0.000000	0.159965	0.000739	10.9
398	-1.011513	0.000000	0.159965	0.001005	11.1
399	-1.011479	0.000000	0.159965	0.000966	10.9
400	-1.011148	0.000000	0.159965	0.000970	11.0
401	-1.011008	0.000000	0.159965	0.000856	10.9
402	-1.011371	0.000000	0.159965	0.001311	10.9
403	-1.011385	0.000000	0.159965	0.000527	11.0
404	-1.011748	0.000000	0.159965	0.000764	10.9
405	-1.012164	0.000000	0.159965	0.001035	11.0
406	-1.011587	0.000000	0.159965	0.001017	11.0
407	-1.011431	0.000000	0.159965	0.000916	10.9
408	-1.010666	0.000000	0.159965	0.000759	11.1
409	-1.011646	0.000000	0.159965	0.000843	11.2
410	-1.010933	0.000000	0.159965	0.000687	11.3
411	-1.011220	0.000000	0.159965	0.000746	11.2
412	-1.011065	0.000000	0.159965	0.000919	11.2
413	-1.011300	0.000000	0.159965	0.000668	11.2
414	-1.010992	0.000000	0.159965	0.000862	11.2
415	-1.011354	0.000000	0.159965	0.000790	11.1
416	-1.011095	0.000000	0.159965	0.000885	11.0
417	-1.012119	0.000000	0.159965	0.000742	11.0
418	-1.011810	0.000000	0.159965	0.000949	11.0
419	-1.011035	0.000000	0.159965	0.000979	11.0
420	-1.010736	0.000000	0.159965	0.000826	10.9
421	-1.011360	0.000000	0.159965	0.000818	10.9
422	-1.011038	0.000000	0.159965	0.000944	11.0
423	-1.010744	0.000000	0.159965	0.000926	10.9
424	-1.011687	0.000000	0.159965	0.000751	10.8
425	-1.010911	0.000000	0.159965	0.001031	11.1
426	-1.011475	0.000000	0.159965	0.000828	11.1
427	-1.011672	0.000000	0.159965	0.000824	11.0
428	-1.012298	0.000000	0.159965	0.000731	11.0
429	-1.011266	0.000000	0.159965	0.000841	11.0
430	-1.011770	0.000000	0.159965	0.000869	11.0
431	-1.011826	0.000000	0.159965	0.000849	10.9
432	-1.010845	0.000000	0.159965	0.000879	10.9
433	-1.011534	0.000000	0.159965	0.000931	11.1
434	-1.011334	0.000000	0.159965	0.000850	10.9
435	-1.010637	0.000000	0.159965	0.000808	11.0
436	-1.011443	0.000000	0.159965	0.000925	10.9
437	-1.011475	0.000000	0.159965	0.000884	11.0
438	-1.011359	0.000000	0.159965	0.000727	11.0
439	-1.011266	0.000000	0.159965	0.000866	11.1
440	-1.011716	0.000000	0.159965	0.000976	11.2
441	-1.011259	0.000000	0.159965	0.000930	11.0
442	-1.012600	0.000000	0.159965	0.001056	11.1
443	-1.011815	0.000000	0.159965	0.000886	11.2
444	-1.011624	0.000000	0.159965	0.000969	11.2
445	-1.011287	0.000000	0.159965	0.000742	11.2
446	-1.010875	0.000000	0.159965	0.000708	11.0
447	-1.011042	0.000000	0.159965	0.000799	11.1
448	-1.011349	0.000000	0.159965	0.000666	11.0
449	-1.011064	0.000000	0.159965	0.000880	11.1
450	-1.011015	0.000000	0.159965	0.000923	11.1
451	-1.011224	0.000000	0.159965	0.000989	11.0
452	-1.011347	0.000000	0.159965	0.000730	11.1
453	-1.011714	0.000000	0.159965	0.000798	11.2
454	-1.012153	0.000000	0.159965	0.000984	11.1
455	-1.011791	0.000000	0.159965	0.001023	11.0
456	-1.011626	0.000000	0.159965	0.000883	11.3
457	-1.011616	0.000000	0.159965	0.000936	11.2
458	-1.011249	0.000000	0.159965	0.001002	11.2
459	-1.011994	0.000000	0.159965	0.000942	11.3
460	-1.011805	0.000000	0.159965	0.000819	11.3
461	-1.011684	0.000000	0.159965	0.000817	11.2
462	-1.011799	0.000000	0.159965	0.000787	11.3
463	-1.011628	0.000000	0.159965	0.000635	11.2
464	-1.011656	0.000000	0.159965	0.000851	11.2
465	-1.012454	0.000000	0.159965	0.000827	11.3
466	-1.010728	0.000000	0.159965	0.000802	11.3
467	-1.011141	0.000000	0.159965	0.000814	11.3
468	-1.012048	0.000000	0.159965	0.000829	11.3
469	-1.011209	0.000000	0.159965	0.000944	11.2
470	-1.011357	0.000000	0.159965	0.000840	11.4
471	-1.011098	0.000000	0.159965	0.000945	11.3
472	-1.011612	0.000000	0.159965	0.000820	11.2
473	-1.012080	0.000000	0.159965	0.000903	11.2
474	-1.011320	0.000000	0.159965	0.000782	11.3
475	-1.012151	0.000000	0.159965	0.000969	11.2
476	-1.011134	0.000000	0.159965	0.000900	11.3
477	-1.011221	0.000000	0.159965	0.000822	11.3
478	-1.011342	0.000000	0.159965	0.000900	11.3
479	-1.011782	0.000000	0.159965	0.001019	11.2
480	-1.011925	0.000000	0.159965	0.000940	11.3
481	-1.011294	0.000000	0.159965	0.001026	11.1
482	-1.011508	0.000000	0.159965	0.001109	11.0
483	-1.011465	0.000000	0.159965	0.001011	10.8
484	-1.011042	0.000000	0.159965	0.000747	11.0
485	-1.011109	0.000000	0.159965	0.000859	10.9
486	-1.011968	0.000000	0.159965	0.001150	10.9
487	-1.011403	0.000000	0.159965	0.000702	10.9
488	-1.011721	0.000000	0.159965	0.000791	11.0
489	-1.011512	0.000000	0.159965	0.000867	10.9
490	-1.011039	0.000000	0.159965	0.000774	11.0
491	-1.010779	0.000000	0.159965	0.000815	10.9
492	-1.012387	0.000000	0.159965	0.000927	10.9
493	-1.011172	0.000000	0.159965	0.001143	11.0
494	-1.012166	0.000000	0.159965	0.000859	10.9
495	-1.011405	0.000000	0.159965	0.000733	10.8
496	-1.011695	0.000000	0.159965	0.000910	11.1
497	-1.011010	0.000000	0.159965	0.000831	11.0
498	-1.011151	0.000000	0.159965	0.001021	10.9
499	-1.011219	0.000000	0.159965	0.000877	10.9
500	-1.011416	0.000000	0.159965	0.000762	11.0
501	-1.012042	0.000000	0.159965	0.000941	11.0
502	-1.011581	0.000000	0.159965	0.000734	10.9
503	-1.011023	0.000000	0.159965	0.001169	11.0
504	-1.012450	0.000000	0.159965	0.000958	11.2
505	-1.010657	0.000000	0.159965	0.000606	11.2
506	-1.011153	0.000000	0.159965	0.000883	11.1
507	-1.011589	0.000000	0.159965	0.000842	11.1
508	-1.010722	0.000000	0.159965	0.000816	11.0
509	-1.011825	0.000000	0.159965	0.000842	10.9
510	-1.011082	0.000000	0.159965	0.000867	11.0
511	-1.010723	0.000000	0.159965	0.000759	11.0
512	-1.012209	0.000000	0.159965	0.000808	10.9
513	-1.011120	0.000000	0.159965	0.001037	11.1
514	-1.011596	0.000000	0.159965	0.001076	10.9
515	-1.011805	0.000000	0.159965	0.000860	11.0
516	-1.012036	0.000000	0.159965	0.000809	11.1
517	-1.011238	0.000000	0.159965	0.000703	10.9
518	-1.011686	0.000000	0.159965	0.000750	10.9
519	-1.011152	0.000000	0.159965	0.000884	11.0
520	-1.011612	0.000000	0.159965	0.000929	11.1
521	-1.010842	0.000000	0.159965	0.000783	10.9
522	-1.011275	0.000000	0.159965	0.000879	11.0
523	-1.011539	0.000000	0.159965	0.000834	11.0
524	-1.011498	0.000000	0.159965	0.001053	10.9
525	-1.010991	0.000000	0.159965	0.000804	10.9
526	-1.011316	0.000000	0.159965	0.000735	11.5
527	-1.011226	0.000000	0.159965	0.000886	10.9
528	-1.011558	0.000000	0.159965	0.000864	10.9
529	-1.011244	0.000000	0.159965	0.000700	11.0
530	-1.011955	0.000000	0.159965	0.000788	10.8
531	-1.011568	0.000000	0.159965	0.000739	11.0
532	-1.011596	0.000000	0.159965	0.000789	11.0
533	-1.010764	0.000000	0.159965	0.000834	11.1
534	-1.010829	0.000000	0.159965	0.000805	11.1
535	-1.011302	0.000000	0.159965	0.000727	11.0
536	-1.010544	0.000000	0.159965	0.000881	11.0
537	-1.011402	0.000000	0.159965	0.000896	11.0
538	-1.011342	0.000000	0.159965	0.000852	10.9
539	-1.011479	0.000000	0.159965	0.000882	11.2
540	-1.010729	0.000000	0.159965	0.000786	11.2
541	-1.011370	0.000000	0.159965	0.000980	11.2
542	-1.011391	0.000000	0.159965	0.000950	11.2
543	-1.011264	0.000000	0.159965	0.000835	11.1
544	-1.011938	0.000000	0.159965	0.000974	11.1
545	-1.011821	0.000000	0.159965	0.000858	11.2
546	-1.011581	0.000000	0.159965	0.000789	11.1
547	-1.011919	0.000000	0.159965	0.000910	11.1
548	-1.011554	0.000000	0.159965	0.000964	11.3
549	-1.011199	0.000000	0.159965	0.000888	11.1
550	-1.011905	0.000000	0.159965	0.001047	11.1
551	-1.010446	0.000000	0.159965	0.000631	11.2
552	-1.011118	0.000000	0.159965	0.000828	11.2
553	-1.012003	0.000000	0.159965	0.000934	11.3
554	-1.010657	0.000000	0.159965	0.000874	11.2
555	-1.011003	0.000000	0.159965	0.000775	11.2
556	-1.011859	0.000000	0.159965	0.000907	11.2
557	-1.011222	0.000000	0.159965	0.000944	11.3
558	-1.011194	0.000000	0.159965	0.000874	11.3
559	-1.011908	0.000000	0.159965	0.001004	11.2
560	-1.012140	0.000000	0.159965	0.000731	11.2
561	-1.011374	0.000000	0.159965	0.000759	11.3
562	-1.011489	0.000000	0.159965	0.000825	11.4
563	-1.011392	0.000000	0.159965	0.000942	11.4
564	-1.011457	0.000000	0.159965	0.000954	11.2
565	-1.011963	0.000000	0.159965	0.000855	11.2
566	-1.011100	0.000000	0.159965	0.000865	11.2
567	-1.011188	0.000000	0.159965	0.000778	11.3
568	-1.010719	0.000000	0.159965	0.000807	11.3
569	-1.010710	0.000000	0.159965	0.000781	11.2
570	-1.011280	0.000000	0.159965	0.001078	11.2
571	-1.011721	0.000000	0.159965	0.000683	11.3
572	-1.011947	0.000000	0.159965	0.001041	11.3
573	-1.011859	0.000000	0.159965	0.000966	11.2
574	-1.012066	0.000000	0.159965	0.000799	11.2
575	-1.011381	0.000000	0.159965	0.000993	11.3
576	-1.011590	0.000000	0.159965	0.000758	11.3
577	-1.011246	0.000000	0.159965	0.000864	11.3
578	-1.011060	0.000000	0.159965	0.000729	11.2
579	-1.011068	0.000000	0.159965	0.000997	11.2
580	-1.011641	0.000000	0.159965	0.000888	11.1
581	-1.010328	0.000000	0.159965	0.001156	11.1
582	-1.011061	0.000000	0.159965	0.000783	11.1
583	-1.011229	0.000000	0.159965	0.000681	11.2
584	-1.011714	0.000000	0.159965	0.000770	11.2
585	-1.011882	0.000000	0.159965	0.001085	11.1
586	-1.010786	0.000000	0.159965	0.000761	11.1
587	-1.010518	0.000000	0.159965	0.000919	11.1
588	-1.011259	0.000000	0.159965	0.000695	11.2
589	-1.011342	0.000000	0.159965	0.000836	11.2
590	-1.010697	0.000000	0.159965	0.000646	11.1
591	-1.012641	0.000000	0.159965	0.000744	11.2
592	-1.011375	0.000000	0.159965	0.000897	11.2
593	-1.010716	0.000000	0.159965	0.000801	11.2
594	-1.011144	0.000000	0.159965	0.000921	11.2
595	-1.011446	0.000000	0.159965	0.000725	11.2
596	-1.011927	0.000000	0.159965	0.000883	11.2
597	-1.011660	0.000000	0.159965	0.000646	11.2
598	-1.011389	0.000000	0.159965	0.000909	11.2
599	-1.011086	0.000000	0.159965	0.000689	11.2
600	-1.011390	0.000000	0.159965	0.001086	11.2
601	-1.012008	0.000000	0.159965	0.000983	11.2
602	-1.011681	0.000000	0.159965	0.000929	11.2
603	-1.010442	0.000000	0.159965	0.000932	11.3
604	-1.011433	0.000000	0.159965	0.000625	11.2
605	-1.011065	0.000000	0.159965	0.000849	11.1
606	-1.011621	0.000000	0.159965	0.000825	11.2
607	-1.012162	0.000000	0.159965	0.001025	11.3
608	-1.011482	0.000000	0.159965	0.000825	11.2
609	-1.011599	0.000000	0.159965	0.000799	11.4
610	-1.011086	0.000000	0.159965	0.000807	11.3
611	-1.011505	0.000000	0.159965	0.000824	11.2
612	-1.011373	0.000000	0.159965	0.000814	11.5
613	-1.010384	0.000000	0.159965	0.000957	11.4
614	-1.010925	0.000000	0.159965	0.000988	11.2
615	-1.011688	0.000000	0.159965	0.000803	11.3
616	-1.011264	0.000000	0.159965	0.000880	11.2
617	-1.010580	0.000000	0.159965	0.000870	11.3
618	-1.011230	0.000000	0.159965	0.000815	11.2
619	-1.011656	0.000000	0.159965	0.000653	11.2
620	-1.011378	0.000000	0.159965	0.000835	11.3
621	-1.011706	0.000000	0.159965	0.000821	11.3
622	-1.011449	0.000000	0.159965	0.000878	11.3
623	-1.010840	0.000000	0.159965	0.000879	11.2
624	-1.012112	0.000000	0.159965	0.000863	11.2
625	-1.010967	0.000000	0.159965	0.000873	11.2
626	-1.011659	0.000000	0.159965	0.000669	11.2
627	-1.010258	0.000000	0.159965	0.000998	11.3
628	-1.010928	0.000000	0.159965	0.000716	11.2
629	-1.010873	0.000000	0.159965	0.000956	11.2
630	-1.011335	0.000000	0.159965	0.001085	11.2
631	-1.010216	0.000000	0.159965	0.000869	11.3
632	-1.011622	0.000000	0.159965	0.001175	11.1
633	-1.010933	0.000000	0.159965	0.000768	11.2
634	-1.010783	0.000000	0.159965	0.000752	11.3
635	-1.011590	0.000000	0.159965	0.000823	11.3
636	-1.011928	0.000000	0.159965	0.001221	11.2
637	-1.010639	0.000000	0.159965	0.000736	11.1
638	-1.012264	0.000000	0.159965	0.000810	11.3
639	-1.011580	0.000000	0.159965	0.000794	11.3
640	-1.011193	0.000000	0.159965	0.000759	11.2
641	-1.011896	0.000000	0.159965	0.000609	11.3
642	-1.011155	0.000000	0.159965	0.000793	11.3
643	-1.011125	0.000000	0.159965	0.001082	11.1
644	-1.010920	0.000000	0.159965	0.000818	11.2
645	-1.010873	0.000000	0.159965	0.000886	11.2
646	-1.012353	0.000000	0.159965	0.001110	11.1
647	-1.012063	0.000000	0.159965	0.000670	11.1
648	-1.010689	0.000000	0.159965	0.000853	11.0
649	-1.011635	0.000000	0.159965	0.000758	11.0
650	-1.011481	0.000000	0.159965	0.000874	11.1
651	-1.010894	0.000000	0.159965	0.000823	11.1
652	-1.011560	0.000000	0.159965	0.000820	11.1
653	-1.012214	0.000000	0.159965	0.000918	11.0
654	-1.011626	0.000000	0.159965	0.000714	11.1
655	-1.011776	0.000000	0.159965	0.000834	10.9
656	-1.011138	0.000000	0.159965	0.000970	10.9
657	-1.010718	0.000000	0.159965	0.000791	11.1
658	-1.011453	0.000000	0.159965	0.000946	11.1
659	-1.011086	0.000000	0.159965	0.000971	11.1
660	-1.011376	0.000000	0.159965	0.000915	11.0
661	-1.011654	0.000000	0.159965	0.001018	11.1
662	-1.010962	0.000000	0.159965	0.000610	11.0
663	-1.010735	0.000000	0.159965	0.000730	11.2
664	-1.011926	0.000000	0.159965	0.000972	11.3
665	-1.010913	0.000000	0.159965	0.000969	11.2
666	-1.011207	0.000000	0.159965	0.001002	11.2
667	-1.011611	0.000000	0.159965	0.000967	11.1
668	-1.010938	0.000000	0.159965	0.001046	11.1
669	-1.010976	0.000000	0.159965	0.000758	11.2
670	-1.011179	0.000000	0.159965	0.000856	11.3
671	-1.011147	0.000000	0.159965	0.000887	11.4
672	-1.011442	0.000000	0.159965	0.000879	11.2
673	-1.012214	0.000000	0.159965	0.000801	11.3
674	-1.011323	0.000000	0.159965	0.000934	11.6
675	-1.010909	0.000000	0.159965	0.000901	11.4
676	-1.011201	0.000000	0.159965	0.001181	11.5
677	-1.010758	0.000000	0.159965	0.000808	11.5
678	-1.011206	0.000000	0.159965	0.000856	11.4
679	-1.010966	0.000000	0.159965	0.000781	11.7
680	-1.011261	0.000000	0.159965	0.000942	11.6
681	-1.010872	0.000000	0.159965	0.001054	11.8
682	-1.011399	0.000000	0.159965	0.000987	11.3
683	-1.011510	0.000000	0.159965	0.000848	11.4
684	-1.011174	0.000000	0.159965	0.000991	11.3
685	-1.010281	0.000000	0.159965	0.000853	11.4
686	-1.011513	0.000000	0.159965	0.000908	11.3
687	-1.011434	0.000000	0.159965	0.000951	11.3
688	-1.011006	0.000000	0.159965	0.000755	11.4
689	-1.011534	0.000000	0.159965	0.000706	11.4
690	-1.011352	0.000000	0.159965	0.000951	11.4
691	-1.011393	0.000000	0.159965	0.000822	11.4
692	-1.012053	0.000000	0.159965	0.000787	11.4
693	-1.011139	0.000000	0.159965	0.000823	11.3
694	-1.011382	0.000000	0.159965	0.000856	11.5
695	-1.011799	0.000000	0.159965	0.000877	11.4
696	-1.011650	0.000000	0.159965	0.000838	11.4
697	-1.012160	0.000000	0.159965	0.000785	11.3
698	-1.011591	0.000000	0.159965	0.000769	11.4
699	-1.011145	0.000000	0.159965	0.000871	11.4
700	-1.011698	0.000000	0.159965	0.001252	11.4
701	-1.011612	0.000000	0.159965	0.000845	11.5
702	-1.011322	0.000000	0.159965	0.000773	11.4
703	-1.011021	0.000000	0.159965	0.000778	11.5
704	-1.010888	0.000000	0.159965	0.000731	11.6
705	-1.010489	0.000000	0.159965	0.000670	11.2
706	-1.011789	0.000000	0.159965	0.000940	11.3
707	-1.011579	0.000000	0.159965	0.000910	11.3
708	-1.011214	0.000000	0.159965	0.000861	11.2
709	-1.011524	0.000000	0.159965	0.001005	11.2
710	-1.012249	0.000000	0.159965	0.000910	11.6
711	-1.011371	0.000000	0.159965	0.000834	11.3
712	-1.011065	0.000000	0.159965	0.000754	11.3
713	-1.010997	0.000000	0.159965	0.000710	11.3
714	-1.011945	0.000000	0.159965	0.000774	11.2
715	-1.011387	0.000000	0.159965	0.001021	11.4
716	-1.011039	0.000000	0.159965	0.000785	11.4
717	-1.011031	0.000000	0.159965	0.001127	11.4
718	-1.011673	0.000000	0.159965	0.000862	11.1
719	-1.012378	0.000000	0.159965	0.000866	11.4
720	-1.010876	0.000000	0.159965	0.000674	11.4
721	-1.011539	0.000000	0.159965	0.000991	11.2
722	-1.010995	0.000000	0.159965	0.000918	11.1
723	-1.011296	0.000000	0.159965	0.001051	11.2
724	-1.011748	0.000000	0.159965	0.000913	11.1
725	-1.011116	0.000000	0.159965	0.000862	11.1
726	-1.011709	0.000000	0.159965	0.000871	11.1
727	-1.011218	0.000000	0.159965	0.001151	11.0
728	-1.011265	0.000000	0.159965	0.001101	11.2
729	-1.010766	0.000000	0.159965	0.000876	11.1
730	-1.011546	0.000000	0.159965	0.000886	11.1
731	-1.011399	0.000000	0.159965	0.000610	11.1
732	-1.011158	0.000000	0.159965	0.000804	11.4
733	-1.011845	0.000000	0.159965	0.000947	11.3
734	-1.010938	0.000000	0.159965	0.000738	11.1
735	-1.011239	0.000000	0.159965	0.001051	11.0
736	-1.012216	0.000000	0.159965	0.000622	11.2
737	-1.010933	0.000000	0.159965	0.000920	11.1
738	-1.011758	0.000000	0.159965	0.000746	11.2
739	-1.011435	0.000000	0.159965	0.000890	11.2
740	-1.011527	0.000000	0.159965	0.001013	11.1
741	-1.011017	0.000000	0.159965	0.000793	11.2
742	-1.011359	0.000000	0.159965	0.000777	11.2
743	-1.010995	0.000000	0.159965	0.000984	11.2
744	-1.011323	0.000000	0.159965	0.001102	11.1
745	-1.011277	0.000000	0.159965	0.000722	11.1
746	-1.011767	0.000000	0.159965	0.000722	11.2
747	-1.010878	0.000000	0.159965	0.000886	11.2
748	-1.013011	0.000000	0.159965	0.000871	11.1
749	-1.011678	0.000000	0.159965	0.000882	11.2
750	-1.012003	0.000000	0.159965	0.000935	11.1
751	-1.011466	0.000000	0.159965	0.000692	11.2
752	-1.011060	0.000000	0.159965	0.000833	11.2
753	-1.011308	0.000000	0.159965	0.000675	11.2
754	-1.011156	0.000000	0.159965	0.000787	11.2
755	-1.011433	0.000000	0.159965	0.000671	11.2
756	-1.011526	0.000000	0.159965	0.000915	11.1
757	-1.011343	0.000000	0.159965	0.000853	11.2
758	-1.011773	0.000000	0.159965	0.000945	11.2
759	-1.010876	0.000000	0.159965	0.000861	11.2
760	-1.011175	0.000000	0.159965	0.000912	11.1
761	-1.011297	0.000000	0.159965	0.000946	11.1
762	-1.011531	0.000000	0.159965	0.000970	11.2
763	-1.011339	0.000000	0.159965	0.000930	11.2
764	-1.011578	0.000000	0.159965	0.000857	11.2
765	-1.011417	0.000000	0.159965	0.000748	11.1
766	-1.011127	0.000000	0.159965	0.000871	11.1
767	-1.011584	0.000000	0.159965	0.000916	11.1
768	-1.011297	0.000000	0.159965	0.001064	11.1
769	-1.011915	0.000000	0.159965	0.000755	11.1
770	-1.010901	0.000000	0.159965	0.000811	11.1
771	-1.012447	0.000000	0.159965	0.001031	11.1
772	-1.011525	0.000000	0.159965	0.000691	11.1
773	-1.012668	0.000000	0.159965	0.000849	11.1
774	-1.011229	0.000000	0.159965	0.000790	11.0
775	-1.011437	0.000000	0.159965	0.000760	11.0
776	-1.010196	0.000000	0.159965	0.000901	11.7
777	-1.012346	0.000000	0.159965	0.000810	11.2
778	-1.010717	0.000000	0.159965	0.001012	11.1
779	-1.011439	0.000000	0.159965	0.000873	11.0
780	-1.011587	0.000000	0.159965	0.000864	11.1
781	-1.011720	0.000000	0.159965	0.000730	11.2
782	-1.011358	0.000000	0.159965	0.001015	11.4
783	-1.010952	0.000000	0.159965	0.000746	11.2
784	-1.010959	0.000000	0.159965	0.000800	11.1
785	-1.011727	0.000000	0.159965	0.000854	11.3
786	-1.011475	0.000000	0.159965	0.000799	11.5
787	-1.011421	0.000000	0.159965	0.000751	11.1
788	-1.011045	0.000000	0.159965	0.000616	11.2
789	-1.011780	0.000000	0.159965	0.000781	11.1
790	-1.011773	0.000000	0.159965	0.000844	11.2
791	-1.011419	0.000000	0.159965	0.000725	11.2
792	-1.012129	0.000000	0.159965	0.000811	11.2
793	-1.011532	0.000000	0.159965	0.000837	11.2
794	-1.010977	0.000000	0.159965	0.000810	11.2
795	-1.011597	0.000000	0.159965	0.000980	11.1
796	-1.011796	0.000000	0.159965	0.000840	11.1
797	-1.012443	0.000000	0.159965	0.000865	11.1
798	-1.011242	0.000000	0.159965	0.000905	11.1
799	-1.011036	0.000000	0.159965	0.000893	11.0
800	-1.011982	0.000000	0.159965	0.001227	11.1
801	-1.011688	0.000000	0.159965	0.000825	11.1
802	-1.011219	0.000000	0.159965	0.000799	11.2
803	-1.010917	0.000000	0.159965	0.000767	11.2
804	-1.011360	0.000000	0.159965	0.000763	11.1
805	-1.011498	0.000000	0.159965	0.000856	11.2
806	-1.011018	0.000000	0.159965	0.000822	11.2
807	-1.010994	0.000000	0.159965	0.001047	11.2
808	-1.010795	0.000000	0.159965	0.000898	11.3
809	-1.011360	0.000000	0.159965	0.000843	11.2
810	-1.011780	0.000000	0.159965	0.000903	11.1
811	-1.011584	0.000000	0.159965	0.000965	11.1
812	-1.011511	0.000000	0.159965	0.000924	11.1
813	-1.011778	0.000000	0.159965	0.000793	11.1
814	-1.011259	0.000000	0.159965	0.000924	11.3
815	-1.010951	0.000000	0.159965	0.000910	11.3
816	-1.011515	0.000000	0.159965	0.000966	11.1
817	-1.012602	0.000000	0.159965	0.000929	11.2
818	-1.011462	0.000000	0.159965	0.000789	11.1
819	-1.011917	0.000000	0.159965	0.000984	11.3
820	-1.011383	0.000000	0.159965	0.000809	11.1
821	-1.010895	0.000000	0.159965	0.000659	11.2
822	-1.011382	0.000000	0.159965	0.000707	11.1
823	-1.011023	0.000000	0.159965	0.000967	11.1
824	-1.011476	0.000000	0.159965	0.001000	11.2
825	-1.011126	0.000000	0.159965	0.000845	11.2
826	-1.011355	0.000000	0.159965	0.000888	11.1
827	-1.011983	0.000000	0.159965	0.001094	11.1
828	-1.011691	0.000000	0.159965	0.000845	11.0
829	-1.011428	0.000000	0.159965	0.000923	11.2
830	-1.011277	0.000000	0.159965	0.000757	11.2
831	-1.011516	0.000000	0.159965	0.000999	11.2
832	-1.011483	0.000000	0.159965	0.000880	11.3
833	-1.010622	0.000000	0.159965	0.000935	11.2
834	-1.011118	0.000000	0.159965	0.000894	11.3
835	-1.011635	0.000000	0.159965	0.000833	11.2
836	-1.011255	0.000000	0.159965	0.000819	11.2
837	-1.011191	0.000000	0.159965	0.000913	11.2
838	-1.011298	0.000000	0.159965	0.000866	11.2
839	-1.011597	0.000000	0.159965	0.000966	11.2
840	-1.011258	0.000000	0.159965	0.000767	11.3
841	-1.011335	0.000000	0.159965	0.000977	11.2
842	-1.010779	0.000000	0.159965	0.000846	11.3
843	-1.010953	0.000000	0.159965	0.001041	11.1
844	-1.011308	0.000000	0.159965	0.000925	11.1
845	-1.010776	0.000000	0.159965	0.000765	11.3
846	-1.011466	0.000000	0.159965	0.000936	11.2
847	-1.011396	0.000000	0.159965	0.000824	11.4
848	-1.011110	0.000000	0.159965	0.001217	11.9
849	-1.010776	0.000000	0.159965	0.000793	11.3
850	-1.011441	0.000000	0.159965	0.000690	11.3
851	-1.011782	0.000000	0.159965	0.000985	11.3
852	-1.011265	0.000000	0.159965	0.000706	11.3
853	-1.011206	0.000000	0.159965	0.000940	11.8
854	-1.011078	0.000000	0.159965	0.000803	11.3
855	-1.011915	0.000000	0.159965	0.000639	11.4
856	-1.011328	0.000000	0.159965	0.000857	11.4
857	-1.011268	0.000000	0.159965	0.000911	11.3
858	-1.011278	0.000000	0.159965	0.000795	11.3
859	-1.010576	0.000000	0.159965	0.000796	11.3
860	-1.010717	0.000000	0.159965	0.000746	11.2
861	-1.010782	0.000000	0.159965	0.000739	11.3
862	-1.011541	0.000000	0.159965	0.000823	11.3
863	-1.011553	0.000000	0.159965	0.000836	11.2
864	-1.011056	0.000000	0.159965	0.000702	11.3
865	-1.011140	0.000000	0.159965	0.000842	11.3
866	-1.012455	0.000000	0.159965	0.001020	11.2
867	-1.011394	0.000000	0.159965	0.000656	11.3
868	-1.012040	0.000000	0.159965	0.001110	11.2
869	-1.011646	0.000000	0.159965	0.000876	11.3
870	-1.011117	0.000000	0.159965	0.000848	11.2
871	-1.011011	0.000000	0.159965	0.000880	11.3
872	-1.011430	0.000000	0.159965	0.000905	11.2
873	-1.010749	0.000000	0.159965	0.000861	11.2
874	-1.011556	0.000000	0.159965	0.000786	11.2
875	-1.011439	0.000000	0.159965	0.000866	11.3
876	-1.012326	0.000000	0.159965	0.000946	11.2
877	-1.011491	0.000000	0.159965	0.000700	11.3
878	-1.011065	0.000000	0.159965	0.000773	11.2
879	-1.011631	0.000000	0.159965	0.000873	11.2
880	-1.011278	0.000000	0.159965	0.000769	11.2
881	-1.012178	0.000000	0.159965	0.001016	11.2
882	-1.011614	0.000000	0.159965	0.000746	11.3
883	-1.010867	0.000000	0.159965	0.000878	11.2
884	-1.011412	0.000000	0.159965	0.000873	11.2
885	-1.011670	0.000000	0.159965	0.000949	11.2
886	-1.011716	0.000000	0.159965	0.001064	11.3
887	-1.011201	0.000000	0.159965	0.000877	11.1
888	-1.011654	0.000000	0.159965	0.000712	11.3
889	-1.011011	0.000000	0.159965	0.000884	11.3
890	-1.011203	0.000000	0.159965	0.000828	11.2
891	-1.010747	0.000000	0.159965	0.000699	11.3
892	-1.010620	0.000000	0.159965	0.000982	11.2
893	-1.011623	0.000000	0.159965	0.000773	11.2
894	-1.010977	0.000000	0.159965	0.000897	11.3
895	-1.011032	0.000000	0.159965	0.000697	11.2
896	-1.010406	0.000000	0.159965	0.000708	11.1
897	-1.011508	0.000000	0.159965	0.000712	11.3
898	-1.010867	0.000000	0.159965	0.000785	11.2
899	-1.010692	0.000000	0.159965	0.000944	11.3
900	-1.011379	0.000000	0.159965	0.000932	11.2
901	-1.011557	0.000000	0.159965	0.000864	11.2
902	-1.011205	0.000000	0.159965	0.000678	11.2
903	-1.010994	0.000000	0.159965	0.000784	11.1
904	-1.011075	0.000000	0.159965	0.000742	11.2
905	-1.011576	0.000000	0.159965	0.000887	11.2
906	-1.011419	0.000000	0.159965	0.000837	11.2
907	-1.011265	0.000000	0.159965	0.000806	11.2
908	-1.012156	0.000000	0.159965	0.000772	11.2
909	-1.011828	0.000000	0.159965	0.000894	11.1
910	-1.012151	0.000000	0.159965	0.000718	11.3
911	-1.011248	0.000000	0.159965	0.000743	11.0
912	-1.011460	0.000000	0.159965	0.000796	11.3
913	-1.011455	0.000000	0.159965	0.000720	11.2
914	-1.011964	0.000000	0.159965	0.000745	11.1
915	-1.011209	0.000000	0.159965	0.001098	11.2
916	-1.011144	0.000000	0.159965	0.000945	11.0
917	-1.011579	0.000000	0.159965	0.001006	11.3
918	-1.011699	0.000000	0.159965	0.001025	11.2
919	-1.011987	0.000000	0.159965	0.000835	11.7
920	-1.010880	0.000000	0.159965	0.000797	11.2
921	-1.010572	0.000000	0.159965	0.000881	11.1
922	-1.010843	0.000000	0.159965	0.001101	11.2
923	-1.011757	0.000000	0.159965	0.000715	11.3
924	-1.010606	0.000000	0.159965	0.000722	11.7
925	-1.012065	0.000000	0.159965	0.000901	11.2
926	-1.011173	0.000000	0.159965	0.000875	11.2
927	-1.011074	0.000000	0.159965	0.000867	11.2
928	-1.011554	0.000000	0.159965	0.000885	11.2
929	-1.012433	0.000000	0.159965	0.000877	11.1
930	-1.010877	0.000000	0.159965	0.000889	11.1
931	-1.011241	0.000000	0.159965	0.000735	11.2
932	-1.011317	0.000000	0.159965	0.000906	11.2
933	-1.011717	0.000000	0.159965	0.000939	11.0
934	-1.011390	0.000000	0.159965	0.000849	11.1
935	-1.011233	0.000000	0.159965	0.000811	11.0
936	-1.011331	0.000000	0.159965	0.000721	11.0
937	-1.012109	0.000000	0.159965	0.000835	11.0
938	-1.011538	0.000000	0.159965	0.000819	11.1
939	-1.011285	0.000000	0.159965	0.000784	11.1
940	-1.010950	0.000000	0.159965	0.000793	11.0
941	-1.011237	0.000000	0.159965	0.000847	11.1
942	-1.011650	0.000000	0.159965	0.000941	11.2
943	-1.012080	0.000000	0.159965	0.001023	11.1
944	-1.010546	0.000000	0.159965	0.000732	11.2
945	-1.012130	0.000000	0.159965	0.000833	11.1
946	-1.010979	0.000000	0.159965	0.000897	11.2
947	-1.010733	0.000000	0.159965	0.000813	11.2
948	-1.011497	0.000000	0.159965	0.000799	11.2
949	-1.011841	0.000000	0.159965	0.000901	11.1
950	-1.011524	0.000000	0.159965	0.000851	11.2
951	-1.011313	0.000000	0.159965	0.000973	11.1
952	-1.011435	0.000000	0.159965	0.000881	11.3
953	-1.011507	0.000000	0.159965	0.000884	11.1
954	-1.011383	0.000000	0.159965	0.000804	11.2
955	-1.010353	0.000000	0.159965	0.000713	11.1
956	-1.010845	0.000000	0.159965	0.000763	11.2
957	-1.012094	0.000000	0.159965	0.001012	11.3
958	-1.011502	0.000000	0.159965	0.000704	11.1
959	-1.010908	0.000000	0.159965	0.000780	11.3
960	-1.011542	0.000000	0.159965	0.000868	11.2
961	-1.011157	0.000000	0.159965	0.000696	11.0
962	-1.011384	0.000000	0.159965	0.000889	11.2
963	-1.012283	0.000000	0.159965	0.000935	11.1
964	-1.011254	0.000000	0.159965	0.000710	11.1
965	-1.010642	0.000000	0.159965	0.000906	11.1
966	-1.011281	0.000000	0.159965	0.001014	11.2
967	-1.010968	0.000000	0.159965	0.000999	11.1
968	-1.010699	0.000000	0.159965	0.000907	11.3
969	-1.011458	0.000000	0.159965	0.000880	11.2
970	-1.011712	0.000000	0.159965	0.000811	11.2
971	-1.011213	0.000000	0.159965	0.000847	11.1
972	-1.011459	0.000000	0.159965	0.000738	11.2
973	-1.011687	0.000000	0.159965	0.000736	11.2
974	-1.011046	0.000000	0.159965	0.000801	11.2
975	-1.012300	0.000000	0.159965	0.000861	11.1
976	-1.010979	0.000000	0.159965	0.000688	11.1
977	-1.010995	0.000000	0.159965	0.000903	11.1
978	-1.011695	0.000000	0.159965	0.000936	11.1
979	-1.011859	0.000000	0.159965	0.000986	11.1
980	-1.012565	0.000000	0.159965	0.000837	11.2
981	-1.011459	0.000000	0.159965	0.000587	11.2
982	-1.011321	0.000000	0.159965	0.000973	11.1
983	-1.011011	0.000000	0.159965	0.000792	11.1
984	-1.010520	0.000000	0.159965	0.000774	11.1
985	-1.011830	0.000000	0.159965	0.000781	11.3
986	-1.011470	0.000000	0.159965	0.001154	11.1
987	-1.010352	0.000000	0.159965	0.000677	11.1
988	-1.011259	0.000000	0.159965	0.000691	11.3
989	-1.010903	0.000000	0.159965	0.000797	11.2
990	-1.011687	0.000000	0.159965	0.000694	11.2
991	-1.011517	0.000000	0.159965	0.000870	11.8
992	-1.011757	0.000000	0.159965	0.000821	11.1
993	-1.011588	0.000000	0.159965	0.000940	11.2
994	-1.011243	0.000000	0.159965	0.000818	11.1
995	-1.010741	0.000000	0.159965	0.000958	11.1
996	-1.011400	0.000000	0.159965	0.000930	11.4
997	-1.011533	0.000000	0.159965	0.000978	11.1
998	-1.010719	0.000000	0.159965	0.000801	11.1
999	-1.012059	0.000000	0.159965	0.000693	11.1
