1:ItNr	2:Metric	3a:Time	3b:StepSize	4:||Gradient||	Time[ms]
0	-1.008764	0.000000	0.159965	0.000756	579.2
1	-1.009598	0.000000	0.159965	0.000828	23.9
2	-1.009006	0.000000	0.159965	0.000623	23.6
3	-1.008961	0.000000	0.159965	0.001058	23.2
4	-1.009860	0.996101	0.155564	0.000612	23.9
5	-1.008873	0.196101	0.159072	0.000662	23.5
6	-1.008498	0.000000	0.159965	0.000486	23.5
7	-1.009516	0.000000	0.159965	0.000985	24.5
8	-1.008495	0.000000	0.159965	0.000819	23.9
9	-1.008225	0.000000	0.159965	0.000805	24.3
10	-1.009299	0.000000	0.159965	0.000613	23.6
11	-1.009520	0.000000	0.159965	0.000813	23.6
12	-1.008260	0.000000	0.159965	0.000637	23.9
13	-1.008864	0.000000	0.159965	0.000618	24.1
14	-1.009138	0.000000	0.159965	0.001040	24.2
15	-1.008367	0.000000	0.159965	0.001255	23.9
16	-1.009007	0.000000	0.159965	0.000703	23.7
17	-1.008884	0.000000	0.159965	0.000928	24.0
18	-1.009419	0.000000	0.159965	0.000426	24.1
19	-1.008909	0.000000	0.159965	0.000936	24.2
20	-1.009053	0.000000	0.159965	0.001247	24.0
21	-1.009159	0.385864	0.158221	0.000826	23.8
22	-1.009278	0.000000	0.159965	0.000673	23.6
23	-1.009429	0.000000	0.159965	0.000759	24.4
24	-1.009599	0.000000	0.159965	0.000813	24.1
25	-1.009082	0.964685	0.155697	0.000815	24.0
26	-1.009383	1.964685	0.151580	0.000700	23.5
27	-1.008497	2.964685	0.147740	0.000596	23.9
28	-1.009461	2.164685	0.150791	0.000915	24.1
29	-1.008889	1.364685	0.154015	0.000480	23.9
30	-1.009450	0.564685	0.157430	0.001009	23.8
31	-1.009699	0.000000	0.159965	0.000558	23.7
32	-1.009853	0.000000	0.159965	0.000838	23.7
33	-1.010530	0.000000	0.159965	0.000693	23.5
34	-1.008787	0.000000	0.159965	0.001105	24.1
35	-1.008770	0.448330	0.157943	0.000622	23.9
36	-1.008316	0.000000	0.159965	0.000579	23.6
37	-1.010018	0.000000	0.159965	0.000520	23.7
38	-1.009165	0.000000	0.159965	0.000617	23.6
39	-1.009834	0.000000	0.159965	0.000947	24.0
40	-1.009858	0.000000	0.159965	0.000662	23.8
41	-1.009127	0.000000	0.159965	0.001012	23.6
42	-1.008483	0.000000	0.159965	0.000589	23.9
43	-1.008621	0.000000	0.159965	0.000988	24.3
44	-1.009284	0.000000	0.159965	0.000541	23.9
45	-1.009131	0.000000	0.159965	0.000834	23.8
46	-1.009320	0.999981	0.155547	0.000886	23.7
47	-1.008379	0.199981	0.159055	0.000539	24.2
48	-1.009028	0.921749	0.155881	0.001011	23.6
49	-1.009113	0.121749	0.159409	0.000728	23.5
50	-1.008645	0.000000	0.159965	0.000534	23.6
51	-1.008791	0.000000	0.159965	0.000919	23.4
52	-1.009478	0.853749	0.156173	0.000655	24.3
53	-1.009279	0.053749	0.159719	0.001051	23.6
54	-1.009956	0.000000	0.159965	0.001380	23.7
55	-1.009379	1.000000	0.155547	0.000933	24.0
56	-1.009544	0.200000	0.159054	0.000637	23.3
57	-1.009280	0.000000	0.159965	0.000483	23.7
58	-1.009969	0.000000	0.159965	0.000875	23.6
59	-1.008972	0.000000	0.159965	0.000666	23.5
60	-1.009894	0.000000	0.159965	0.000818	23.8
61	-1.009654	0.000000	0.159965	0.000536	23.8
62	-1.009695	0.000000	0.159965	0.000681	23.5
63	-1.008619	0.000000	0.159965	0.000712	23.8
64	-1.009121	0.000000	0.159965	0.000616	23.5
65	-1.009467	0.000000	0.159965	0.001174	23.5
66	-1.008520	0.000000	0.159965	0.000864	23.6
67	-1.009326	0.000000	0.159965	0.000799	24.6
68	-1.009453	1.000000	0.155547	0.000967	23.9
69	-1.008337	0.200000	0.159054	0.000826	23.9
70	-1.008680	0.000000	0.159965	0.000860	23.7
71	-1.008834	0.000000	0.159965	0.000876	23.5
72	-1.008046	0.000000	0.159965	0.000557	23.6
73	-1.008917	0.000000	0.159965	0.001054	24.1
74	-1.009594	0.000000	0.159965	0.000684	23.4
75	-1.009222	0.000000	0.159965	0.000583	23.7
76	-1.008591	0.000000	0.159965	0.000768	23.6
77	-1.008898	0.000000	0.159965	0.000588	23.7
78	-1.008807	0.000000	0.159965	0.000535	23.7
79	-1.008723	0.000000	0.159965	0.000805	23.3
80	-1.008646	0.000000	0.159965	0.000879	23.8
81	-1.009414	0.000000	0.159965	0.000846	24.1
82	-1.008966	0.000000	0.159965	0.001142	23.5
83	-1.008741	0.000000	0.159965	0.000640	23.6
84	-1.008931	0.999998	0.155547	0.000795	23.9
85	-1.008384	0.201988	0.159045	0.000945	23.6
86	-1.009227	0.000000	0.159965	0.000793	23.6
87	-1.010354	0.000000	0.159965	0.001446	23.4
88	-1.009274	0.000000	0.159965	0.000618	23.8
89	-1.008977	0.000000	0.159965	0.001072	23.8
90	-1.008811	0.000000	0.159965	0.000775	23.7
91	-1.008835	0.000000	0.159965	0.000494	23.6
92	-1.008937	0.000000	0.159965	0.000688	23.6
93	-1.009745	0.000000	0.159965	0.001032	23.6
94	-1.009195	0.000000	0.159965	0.000933	23.6
95	-1.009213	0.000000	0.159965	0.000964	23.7
96	-1.008467	0.000000	0.159965	0.000932	23.5
97	-1.009174	0.000000	0.159965	0.000997	23.6
98	-1.009238	0.000000	0.159965	0.000519	23.6
99	-1.009752	0.921153	0.155884	0.001218	23.8
100	-1.009434	0.283999	0.158676	0.001470	24.0
101	-1.008849	0.000000	0.159965	0.000318	23.8
102	-1.009285	0.000000	0.159965	0.000811	23.4
103	-1.008850	0.000000	0.159965	0.000643	23.6
104	-1.008802	0.000000	0.159965	0.000523	23.7
105	-1.010011	0.000000	0.159965	0.000692	23.4
106	-1.009111	0.000000	0.159965	0.000927	23.7
107	-1.009002	0.000000	0.159965	0.000866	23.5
108	-1.009489	0.000000	0.159965	0.001032	23.6
109	-1.008379	0.000000	0.159965	0.000776	23.6
110	-1.009213	0.000000	0.159965	0.000993	24.1
111	-1.009003	0.000000	0.159965	0.000863	24.3
112	-1.009496	1.000000	0.155547	0.000838	24.0
113	-1.009364	0.200000	0.159054	0.000814	23.6
114	-1.009928	1.095888	0.155140	0.000919	23.4
115	-1.008854	0.295888	0.158623	0.000828	23.7
116	-1.008965	0.000000	0.159965	0.000932	23.4
117	-1.008658	0.000000	0.159965	0.000737	23.6
118	-1.009334	0.000000	0.159965	0.001468	23.7
119	-1.009419	0.000000	0.159965	0.000307	23.7
120	-1.009155	0.000000	0.159965	0.000850	23.6
121	-1.009313	0.338129	0.158434	0.000693	23.7
122	-1.008944	0.000000	0.159965	0.000393	23.9
123	-1.009433	0.000000	0.159965	0.000624	24.1
124	-1.008987	0.000000	0.159965	0.001279	24.4
125	-1.009549	0.000000	0.159965	0.000906	24.4
126	-1.008826	0.000000	0.159965	0.000587	23.9
127	-1.008774	0.976622	0.155647	0.000539	23.8
128	-1.008973	0.180932	0.159141	0.001101	23.5
129	-1.009552	0.894362	0.155998	0.000966	23.6
130	-1.009002	0.094362	0.159533	0.000438	23.6
131	-1.008387	0.000000	0.159965	0.000695	23.7
132	-1.009167	0.983727	0.155616	0.001211	24.0
133	-1.009213	0.183727	0.159128	0.001423	23.6
134	-1.009023	0.000000	0.159965	0.001153	23.7
135	-1.009579	0.000000	0.159965	0.000946	23.8
136	-1.009011	0.000000	0.159965	0.000856	25.0
137	-1.009636	0.000000	0.159965	0.000813	24.9
138	-1.007707	0.000000	0.159965	0.000674	24.5
139	-1.009316	0.000000	0.159965	0.001140	25.0
140	-1.008639	0.000000	0.159965	0.000790	24.7
141	-1.009418	0.000000	0.159965	0.000475	25.3
142	-1.010056	0.000000	0.159965	0.001187	24.9
143	-1.009386	0.000000	0.159965	0.000471	25.2
144	-1.008599	0.000000	0.159965	0.000877	24.6
145	-1.009148	0.000000	0.159965	0.000951	24.6
146	-1.009015	0.000000	0.159965	0.000572	24.7
147	-1.007869	0.000000	0.159965	0.000666	24.3
148	-1.008630	0.000000	0.159965	0.001108	24.3
149	-1.009086	0.000000	0.159965	0.000839	25.0
150	-1.008425	0.000000	0.159965	0.000579	24.0
151	-1.009832	0.000000	0.159965	0.000701	24.4
152	-1.009503	0.000000	0.159965	0.000682	23.9
153	-1.009577	0.996675	0.155561	0.000800	23.9
154	-1.008664	0.316918	0.158529	0.000549	23.8
155	-1.008820	0.000000	0.159965	0.000704	23.6
156	-1.008104	0.000000	0.159965	0.000749	23.8
157	-1.009636	0.000000	0.159965	0.000445	23.6
158	-1.008920	0.000000	0.159965	0.000791	23.9
159	-1.009007	0.000000	0.159965	0.000736	23.6
160	-1.009207	0.000000	0.159965	0.000510	24.0
161	-1.009675	0.000000	0.159965	0.001008	23.7
162	-1.008786	0.000000	0.159965	0.000646	23.5
163	-1.009232	0.000000	0.159965	0.000503	23.8
164	-1.008713	0.000000	0.159965	0.000698	23.7
165	-1.009271	0.000000	0.159965	0.001242	24.4
166	-1.008762	0.000000	0.159965	0.000505	23.8
167	-1.009333	0.000000	0.159965	0.000936	23.8
168	-1.009286	0.000000	0.159965	0.000431	23.8
169	-1.009281	0.000000	0.159965	0.000640	23.6
170	-1.009807	0.000000	0.159965	0.001131	24.1
171	-1.009720	0.000000	0.159965	0.000991	23.8
172	-1.009556	0.000000	0.159965	0.001036	23.7
173	-1.009413	0.000000	0.159965	0.001082	23.7
174	-1.008884	0.000000	0.159965	0.000549	23.8
175	-1.009522	0.991516	0.155583	0.000715	23.8
176	-1.008914	0.191516	0.159093	0.000569	23.7
177	-1.008781	0.000000	0.159965	0.000670	24.0
178	-1.009100	0.000000	0.159965	0.001048	23.9
179	-1.009373	0.000000	0.159965	0.000925	23.9
180	-1.008559	0.000000	0.159965	0.000805	23.6
181	-1.009213	0.000000	0.159965	0.001234	24.0
182	-1.009472	0.000000	0.159965	0.000642	23.7
183	-1.009866	0.000000	0.159965	0.001254	23.7
184	-1.009779	0.000000	0.159965	0.000957	24.0
185	-1.009981	0.000000	0.159965	0.000665	23.7
186	-1.008612	0.000000	0.159965	0.000552	23.5
187	-1.009110	0.000000	0.159965	0.000647	23.8
188	-1.009737	0.000000	0.159965	0.000977	23.7
189	-1.008869	0.000000	0.159965	0.000931	23.8
190	-1.009580	0.000000	0.159965	0.000913	23.7
191	-1.009912	0.000000	0.159965	0.000680	23.6
192	-1.009403	0.000000	0.159965	0.000763	23.7
193	-1.009144	0.000000	0.159965	0.000832	23.7
194	-1.009758	0.000000	0.159965	0.000313	23.7
195	-1.008974	0.000000	0.159965	0.000838	23.5
196	-1.008989	0.000000	0.159965	0.000753	23.8
197	-1.009642	0.000000	0.159965	0.000725	24.2
198	-1.009651	0.000000	0.159965	0.000608	23.6
199	-1.008796	0.000000	0.159965	0.000870	23.5
200	-1.009592	0.000000	0.159965	0.000979	23.6
201	-1.009492	0.000000	0.159965	0.000716	23.6
202	-1.009099	0.000000	0.159965	0.000674	23.7
203	-1.009912	0.000000	0.159965	0.000983	23.8
204	-1.008241	0.000000	0.159965	0.001049	23.8
205	-1.009228	0.000000	0.159965	0.000747	23.8
206	-1.008931	0.000000	0.159965	0.000901	23.5
207	-1.009048	0.000000	0.159965	0.000344	23.6
208	-1.008588	0.381537	0.158240	0.000978	23.7
209	-1.009676	0.000000	0.159965	0.000544	23.5
210	-1.009166	0.000000	0.159965	0.000935	23.6
211	-1.009619	0.000000	0.159965	0.001047	23.3
212	-1.010241	0.000000	0.159965	0.000693	23.6
213	-1.008720	1.000000	0.155547	0.000908	23.5
214	-1.008516	1.673439	0.152749	0.000818	23.8
215	-1.010377	0.873439	0.156088	0.001252	23.9
216	-1.009471	0.073439	0.159629	0.000668	23.8
217	-1.008798	0.000000	0.159965	0.001020	23.8
218	-1.008925	0.000000	0.159965	0.000887	23.7
219	-1.009159	0.000000	0.159965	0.001413	23.3
220	-1.008795	0.000000	0.159965	0.000723	23.7
221	-1.009362	0.000000	0.159965	0.000708	23.8
222	-1.008977	0.000000	0.159965	0.000403	23.7
223	-1.008457	0.000000	0.159965	0.000491	23.6
224	-1.008717	0.000000	0.159965	0.000800	23.7
225	-1.008813	0.000000	0.159965	0.000954	23.5
226	-1.009148	0.000000	0.159965	0.000802	23.9
227	-1.008827	0.000000	0.159965	0.001049	23.9
228	-1.009199	0.000000	0.159965	0.000908	23.8
229	-1.008408	0.000000	0.159965	0.000632	23.7
230	-1.008683	0.000000	0.159965	0.000691	23.8
231	-1.009322	0.000000	0.159965	0.001073	23.9
232	-1.009540	0.000000	0.159965	0.000644	23.3
233	-1.008416	0.000000	0.159965	0.000706	23.7
234	-1.008635	0.000000	0.159965	0.000458	24.1
235	-1.009328	0.000000	0.159965	0.000514	23.7
236	-1.008662	0.000000	0.159965	0.000789	24.0
237	-1.009254	0.000000	0.159965	0.000519	23.7
238	-1.008878	0.000000	0.159965	0.001022	24.0
239	-1.009381	0.894046	0.156000	0.000624	23.7
240	-1.009220	1.885865	0.151894	0.000831	24.2
241	-1.010086	1.085865	0.155183	0.000806	23.9
242	-1.008806	0.285865	0.158668	0.000656	23.6
243	-1.009321	1.275969	0.154384	0.000677	23.8
244	-1.009633	2.261754	0.150412	0.000474	23.5
245	-1.008656	1.462076	0.153613	0.000986	23.8
246	-1.008946	2.462073	0.149637	0.000651	23.9
247	-1.009381	1.662073	0.152795	0.000515	23.8
248	-1.009279	0.862073	0.156137	0.001055	23.9
249	-1.009665	0.062145	0.159680	0.000805	23.9
250	-1.009667	0.000000	0.159965	0.000789	23.8
251	-1.009820	0.000000	0.159965	0.000408	23.7
252	-1.009649	0.000000	0.159965	0.001058	23.9
253	-1.008944	0.000000	0.159965	0.000877	23.6
254	-1.009652	0.000000	0.159965	0.000718	24.2
255	-1.008345	0.000000	0.159965	0.000641	23.7
256	-1.009218	0.000000	0.159965	0.000993	23.8
257	-1.008404	0.000000	0.159965	0.001248	23.9
258	-1.008562	0.000000	0.159965	0.000669	24.0
259	-1.009108	0.000000	0.159965	0.000683	23.9
260	-1.009132	0.000000	0.159965	0.000549	23.7
261	-1.009238	0.999999	0.155547	0.000626	24.0
262	-1.009164	0.199999	0.159054	0.000670	23.5
263	-1.008282	0.000000	0.159965	0.000949	23.6
264	-1.009483	0.000000	0.159965	0.000577	23.5
265	-1.008948	0.000000	0.159965	0.000806	24.0
266	-1.008790	0.000000	0.159965	0.000603	24.0
267	-1.008956	0.000000	0.159965	0.000714	23.7
268	-1.008763	0.000000	0.159965	0.000842	24.0
269	-1.009798	1.000000	0.155547	0.000452	23.7
270	-1.009273	0.200000	0.159054	0.000657	24.0
271	-1.009942	0.000000	0.159965	0.000487	23.9
272	-1.009186	0.000000	0.159965	0.000663	23.9
273	-1.008825	0.000000	0.159965	0.000762	23.9
274	-1.009185	0.000000	0.159965	0.000538	24.0
275	-1.008504	0.000000	0.159965	0.000424	23.8
276	-1.009010	0.926050	0.155863	0.000584	23.9
277	-1.009220	0.126050	0.159389	0.000515	23.5
278	-1.008589	0.159812	0.159236	0.000609	23.7
279	-1.010091	0.000000	0.159965	0.000731	23.6
280	-1.009008	0.000000	0.159965	0.001196	23.6
281	-1.008725	0.000000	0.159965	0.000809	24.1
282	-1.009337	0.999998	0.155547	0.000596	24.2
283	-1.009680	0.199998	0.159054	0.000686	23.9
284	-1.009126	0.000000	0.159965	0.000739	24.1
285	-1.008052	0.000000	0.159965	0.000815	23.6
286	-1.009085	0.000000	0.159965	0.000674	23.6
287	-1.010017	0.000000	0.159965	0.001048	23.9
288	-1.008336	0.000000	0.159965	0.000767	24.1
289	-1.009077	0.997837	0.155556	0.000470	23.6
290	-1.009604	0.197847	0.159064	0.000577	23.4
291	-1.007804	1.197716	0.154711	0.000456	23.8
292	-1.009109	0.397716	0.158168	0.000625	23.3
293	-1.009514	0.000000	0.159965	0.000810	24.0
294	-1.009336	0.000000	0.159965	0.001059	23.8
295	-1.009104	0.000000	0.159965	0.000587	23.9
296	-1.008786	0.999319	0.155550	0.001234	23.6
297	-1.008658	0.225882	0.158938	0.000534	24.0
298	-1.008928	0.000000	0.159965	0.000507	23.6
299	-1.008773	0.000000	0.159965	0.000554	23.7
300	-1.008207	0.000000	0.159965	0.000867	23.4
301	-1.008215	0.000000	0.159965	0.000386	23.8
302	-1.008995	0.000000	0.159965	0.001207	23.5
303	-1.008528	0.000000	0.159965	0.000662	23.9
304	-1.008284	0.000000	0.159965	0.000773	24.0
305	-1.009823	0.000000	0.159965	0.000655	23.6
306	-1.008922	0.000000	0.159965	0.000470	23.9
307	-1.008769	0.000000	0.159965	0.000867	23.7
308	-1.009065	0.000000	0.159965	0.000424	24.1
309	-1.008908	0.998794	0.155552	0.000632	23.7
310	-1.008981	0.217470	0.158976	0.000687	23.7
311	-1.009565	0.000000	0.159965	0.000640	23.9
312	-1.009258	0.000000	0.159965	0.001423	24.1
313	-1.008553	0.000000	0.159965	0.000954	23.5
314	-1.009181	0.000000	0.159965	0.000905	23.7
315	-1.009285	1.000000	0.155547	0.001000	23.9
316	-1.008968	0.200000	0.159054	0.000660	24.0
317	-1.009544	0.000000	0.159965	0.000675	23.8
318	-1.009632	0.000000	0.159965	0.000943	23.3
319	-1.009317	0.999713	0.155548	0.000750	23.7
320	-1.008930	0.199713	0.159056	0.000609	23.6
321	-1.009556	0.000000	0.159965	0.001271	23.9
322	-1.009603	0.000000	0.159965	0.000328	23.6
323	-1.008656	0.000000	0.159965	0.000384	23.6
324	-1.008939	0.000000	0.159965	0.000930	23.7
325	-1.009522	0.000000	0.159965	0.000449	23.4
326	-1.009588	0.000000	0.159965	0.000398	23.5
327	-1.008664	0.000000	0.159965	0.000666	23.4
328	-1.008998	0.000000	0.159965	0.000823	23.4
329	-1.009375	0.000000	0.159965	0.000780	23.5
330	-1.009243	0.000000	0.159965	0.000746	23.7
331	-1.008683	0.000000	0.159965	0.000780	23.4
332	-1.008552	0.000000	0.159965	0.000468	23.5
333	-1.008832	0.000000	0.159965	0.000702	23.4
334	-1.009115	0.000000	0.159965	0.000792	23.5
335	-1.009421	0.000000	0.159965	0.000658	23.6
336	-1.008887	0.000000	0.159965	0.000528	23.8
337	-1.009555	0.000000	0.159965	0.000868	23.7
338	-1.008896	0.000000	0.159965	0.000888	24.0
339	-1.009703	0.999999	0.155547	0.000308	24.3
340	-1.010170	1.997659	0.151449	0.000683	24.2
341	-1.008016	1.197683	0.154712	0.000936	23.8
342	-1.009139	2.197683	0.150662	0.000612	23.0
343	-1.009091	3.197649	0.146882	0.000872	23.0
344	-1.009273	3.591090	0.145463	0.000783	22.7
345	-1.008579	2.791090	0.148388	0.000814	22.8
346	-1.008274	1.991090	0.151475	0.000871	23.1
347	-1.009165	1.191093	0.154739	0.000883	23.2
348	-1.008952	0.391093	0.158198	0.000826	22.9
349	-1.009964	0.000000	0.159965	0.000753	22.9
350	-1.009129	0.000000	0.159965	0.000757	22.7
351	-1.009285	0.000000	0.159965	0.000758	22.9
352	-1.008434	0.000000	0.159965	0.001147	22.8
353	-1.008482	0.000000	0.159965	0.000692	23.0
354	-1.009528	0.000000	0.159965	0.000917	22.7
355	-1.009224	0.000000	0.159965	0.001071	22.8
356	-1.008936	1.000000	0.155547	0.000839	22.8
357	-1.008778	0.200000	0.159054	0.001354	22.8
358	-1.009842	0.000000	0.159965	0.001620	23.0
359	-1.009885	0.000000	0.159965	0.001058	22.8
360	-1.009308	0.000000	0.159965	0.000790	22.8
361	-1.009555	0.000000	0.159965	0.001115	22.6
362	-1.008758	0.000000	0.159965	0.000773	22.7
363	-1.008792	0.000000	0.159965	0.000808	22.7
364	-1.008258	0.000000	0.159965	0.000600	22.7
365	-1.008911	0.000000	0.159965	0.000643	22.6
366	-1.008878	0.000000	0.159965	0.000830	22.8
367	-1.008646	0.000000	0.159965	0.000597	22.7
368	-1.009425	0.000000	0.159965	0.001302	22.6
369	-1.009077	1.000000	0.155547	0.000838	23.0
370	-1.009140	0.200000	0.159054	0.000736	22.9
371	-1.008632	0.000000	0.159965	0.000713	22.6
372	-1.008307	0.999980	0.155547	0.000882	23.1
373	-1.008784	0.199980	0.159055	0.000565	22.8
374	-1.009971	0.000000	0.159965	0.000486	22.7
375	-1.009712	0.000000	0.159965	0.001604	22.8
376	-1.009519	0.000000	0.159965	0.000731	22.7
377	-1.009122	0.000000	0.159965	0.000591	22.7
378	-1.009114	0.000000	0.159965	0.000765	22.7
379	-1.009642	0.999950	0.155547	0.000625	23.0
380	-1.009806	1.999950	0.151440	0.001055	23.3
381	-1.008683	2.986165	0.147660	0.000356	23.5
382	-1.009275	2.186182	0.150707	0.000707	24.0
383	-1.009834	1.386182	0.153926	0.000658	24.5
384	-1.009102	0.666869	0.156982	0.000890	24.2
385	-1.009172	1.666869	0.152776	0.000814	23.9
386	-1.010184	0.866869	0.156116	0.000656	24.0
387	-1.009195	0.066869	0.159659	0.000485	24.0
388	-1.009736	0.000000	0.159965	0.000514	24.3
389	-1.008829	0.000000	0.159965	0.000796	24.4
390	-1.009146	0.000000	0.159965	0.000753	24.8
391	-1.009450	0.997586	0.155557	0.000627	25.2
392	-1.008765	0.197763	0.159065	0.000545	24.5
393	-1.009086	0.000000	0.159965	0.000880	24.5
394	-1.008517	0.000000	0.159965	0.000674	24.2
395	-1.008943	0.000000	0.159965	0.000938	24.2
396	-1.008924	0.000000	0.159965	0.001152	23.9
397	-1.008713	0.000000	0.159965	0.000631	24.0
398	-1.009522	0.000000	0.159965	0.000968	23.5
399	-1.009356	0.000000	0.159965	0.000829	23.0
400	-1.008837	0.000000	0.159965	0.000664	23.0
401	-1.009003	0.988695	0.155595	0.000581	23.0
402	-1.008760	0.188700	0.159106	0.000974	22.9
403	-1.009717	0.000000	0.159965	0.000613	22.6
404	-1.009951	0.000000	0.159965	0.000860	22.9
405	-1.008962	0.000000	0.159965	0.001099	22.8
406	-1.009058	0.000000	0.159965	0.000614	22.8
407	-1.008740	0.000000	0.159965	0.000653	22.6
408	-1.009345	0.000000	0.159965	0.000693	22.5
409	-1.009502	0.000000	0.159965	0.000534	22.7
410	-1.009039	0.000000	0.159965	0.001504	23.2
411	-1.010139	0.000000	0.159965	0.000625	23.4
412	-1.008945	0.999997	0.155547	0.001007	23.3
413	-1.009040	0.199997	0.159054	0.000791	23.5
414	-1.008270	0.000000	0.159965	0.001074	23.3
415	-1.008951	0.000000	0.159965	0.000477	23.2
416	-1.008466	0.000000	0.159965	0.000566	23.1
417	-1.008767	0.000000	0.159965	0.001199	23.3
418	-1.009436	0.000000	0.159965	0.001320	23.4
419	-1.009370	0.000000	0.159965	0.000651	23.3
420	-1.009058	0.000000	0.159965	0.000705	23.2
421	-1.009574	0.000000	0.159965	0.000700	22.9
422	-1.008636	0.000000	0.159965	0.000545	22.8
423	-1.008700	0.000000	0.159965	0.000417	23.2
424	-1.009281	0.000000	0.159965	0.000716	23.1
425	-1.008420	0.000000	0.159965	0.000620	22.8
426	-1.008598	0.000000	0.159965	0.000553	23.0
427	-1.008944	0.000000	0.159965	0.000959	22.6
428	-1.009572	0.000000	0.159965	0.000702	22.8
429	-1.008997	0.000000	0.159965	0.000866	22.6
430	-1.009286	0.000000	0.159965	0.000801	22.7
431	-1.008688	0.000000	0.159965	0.000460	22.7
432	-1.009124	0.000000	0.159965	0.000870	22.6
433	-1.010014	0.000000	0.159965	0.000676	22.8
434	-1.009170	0.000000	0.159965	0.000587	22.6
435	-1.009625	0.541239	0.157533	0.001075	23.1
436	-1.008562	0.000000	0.159965	0.000912	22.9
437	-1.009064	1.000000	0.155547	0.000851	22.9
438	-1.008370	0.200000	0.159054	0.000749	22.7
439	-1.009382	0.000000	0.159965	0.000680	23.1
440	-1.008640	0.000000	0.159965	0.000862	22.9
441	-1.008673	1.000000	0.155547	0.001026	22.9
442	-1.008185	0.200000	0.159054	0.000895	22.9
443	-1.008991	1.198616	0.154708	0.000835	22.8
444	-1.008745	0.401121	0.158153	0.000448	22.8
445	-1.009296	0.000000	0.159965	0.000452	22.8
446	-1.008713	0.000000	0.159965	0.000707	22.7
447	-1.009804	0.000000	0.159965	0.000818	22.8
448	-1.009521	0.000000	0.159965	0.000978	22.6
449	-1.009290	0.000000	0.159965	0.001049	23.1
450	-1.009185	0.000000	0.159965	0.000847	22.9
451	-1.008842	1.000000	0.155547	0.000811	23.0
452	-1.008972	1.999841	0.151440	0.000973	22.9
453	-1.009731	1.199841	0.154703	0.000990	23.0
454	-1.008849	0.399841	0.158159	0.000716	23.1
455	-1.009639	0.000000	0.159965	0.000893	22.8
456	-1.009506	0.000000	0.159965	0.000360	22.6
457	-1.008503	0.000000	0.159965	0.000791	23.0
458	-1.008857	1.000000	0.155547	0.001004	22.8
459	-1.009288	0.519970	0.157627	0.001247	22.7
460	-1.008685	1.519970	0.153375	0.000506	22.8
461	-1.009240	2.519970	0.149415	0.001162	22.9
462	-1.009766	1.720037	0.152560	0.000826	22.8
463	-1.008929	0.920037	0.155888	0.000885	22.7
464	-1.009317	0.120037	0.159417	0.000717	22.7
465	-1.009171	0.000000	0.159965	0.000536	22.7
466	-1.009451	0.000000	0.159965	0.000768	22.6
467	-1.009607	0.000000	0.159965	0.000811	22.9
468	-1.008628	0.000000	0.159965	0.001180	22.9
469	-1.008855	0.000000	0.159965	0.001026	22.8
470	-1.009878	0.000000	0.159965	0.000598	22.7
471	-1.008977	0.000000	0.159965	0.000555	22.7
472	-1.008673	0.000000	0.159965	0.000440	22.8
473	-1.009304	0.000000	0.159965	0.000503	22.7
474	-1.010046	0.753676	0.156605	0.001497	23.0
475	-1.009169	0.000000	0.159965	0.000975	22.8
476	-1.009048	0.000000	0.159965	0.000721	23.0
477	-1.008942	0.000000	0.159965	0.000909	22.8
478	-1.009030	0.999218	0.155550	0.000601	22.8
479	-1.008346	0.199218	0.159058	0.000955	23.0
480	-1.009692	0.000000	0.159965	0.000710	22.9
481	-1.009103	0.000000	0.159965	0.000782	22.9
482	-1.009134	0.000000	0.159965	0.000549	22.6
483	-1.008828	0.000000	0.159965	0.000803	22.9
484	-1.008817	0.000000	0.159965	0.001365	22.7
485	-1.008915	0.000000	0.159965	0.000534	22.8
486	-1.010017	0.000000	0.159965	0.000453	22.9
487	-1.009571	0.000000	0.159965	0.000377	22.8
488	-1.009185	0.000000	0.159965	0.001414	22.7
489	-1.008931	0.000000	0.159965	0.000422	22.8
490	-1.009318	0.000000	0.159965	0.000954	22.8
491	-1.008828	0.000000	0.159965	0.000661	22.7
492	-1.010001	0.000000	0.159965	0.000827	22.6
493	-1.009710	0.000000	0.159965	0.000597	22.7
494	-1.009181	0.000000	0.159965	0.001243	22.8
495	-1.008756	0.000000	0.159965	0.001077	22.7
496	-1.009564	0.000000	0.159965	0.000793	22.9
497	-1.008819	0.000000	0.159965	0.000869	22.7
498	-1.008519	0.000000	0.159965	0.000475	22.8
499	-1.008813	0.000000	0.159965	0.000618	22.7
500	-1.010247	0.000000	0.159965	0.000932	22.6
501	-1.009945	0.000000	0.159965	0.000644	23.1
502	-1.009351	0.000000	0.159965	0.000904	23.2
503	-1.009333	0.000000	0.159965	0.000615	23.0
504	-1.009396	0.000000	0.159965	0.001246	22.6
505	-1.008839	0.000000	0.159965	0.000708	22.9
506	-1.008763	0.000000	0.159965	0.000406	22.7
507	-1.009095	0.997984	0.155556	0.001392	22.7
508	-1.009099	0.197984	0.159064	0.000664	22.9
509	-1.009439	1.197984	0.154710	0.000739	23.6
510	-1.008008	0.397994	0.158167	0.000650	24.0
511	-1.009119	0.000000	0.159965	0.000896	24.0
512	-1.008590	0.000000	0.159965	0.000747	24.4
513	-1.008741	0.000000	0.159965	0.000630	24.2
514	-1.009844	0.000000	0.159965	0.000639	24.0
515	-1.009466	0.000000	0.159965	0.000479	24.1
516	-1.010406	0.000000	0.159965	0.000848	24.0
517	-1.009305	0.000000	0.159965	0.000578	23.6
518	-1.009305	0.000000	0.159965	0.001132	23.2
519	-1.008309	0.000000	0.159965	0.000912	23.0
520	-1.008956	0.000000	0.159965	0.000705	23.1
521	-1.009933	0.000000	0.159965	0.000804	22.8
522	-1.009091	0.000000	0.159965	0.000599	22.8
523	-1.008747	0.000000	0.159965	0.000706	23.1
524	-1.009893	0.779886	0.156491	0.000907	23.1
525	-1.008623	0.000000	0.159965	0.000435	23.4
526	-1.008946	0.000000	0.159965	0.000824	24.1
527	-1.008585	0.000000	0.159965	0.001279	24.3
528	-1.008049	0.000000	0.159965	0.000506	24.4
529	-1.009494	0.000000	0.159965	0.000615	24.1
530	-1.008761	0.000000	0.159965	0.000732	24.2
531	-1.010210	0.000000	0.159965	0.000633	24.2
532	-1.008825	1.000000	0.155547	0.000937	24.4
533	-1.009255	0.200001	0.159054	0.001010	23.9
534	-1.009167	0.000000	0.159965	0.000731	23.3
535	-1.009389	0.000000	0.159965	0.000926	23.0
536	-1.009055	0.000000	0.159965	0.000772	23.2
537	-1.010113	0.000000	0.159965	0.001275	22.9
538	-1.009130	0.000000	0.159965	0.000913	22.9
539	-1.009261	0.000000	0.159965	0.000499	22.7
540	-1.009053	0.000000	0.159965	0.000698	22.7
541	-1.008722	0.991416	0.155584	0.001171	22.5
542	-1.009229	0.191416	0.159093	0.001018	22.6
543	-1.009109	0.000000	0.159965	0.000764	22.8
544	-1.009190	0.000000	0.159965	0.000723	22.6
545	-1.008792	0.000000	0.159965	0.001158	22.9
546	-1.009068	0.000000	0.159965	0.000683	22.9
547	-1.009286	1.000000	0.155547	0.000834	23.0
548	-1.009637	0.200015	0.159054	0.000951	22.8
549	-1.009110	0.000000	0.159965	0.000696	22.7
550	-1.009484	0.000000	0.159965	0.000801	22.7
551	-1.008901	0.324511	0.158495	0.000902	22.7
552	-1.008815	0.000000	0.159965	0.000960	23.0
553	-1.009448	0.000000	0.159965	0.000620	23.2
554	-1.008226	0.000000	0.159965	0.000544	22.9
555	-1.008922	1.000000	0.155547	0.000661	22.8
556	-1.009088	0.200000	0.159054	0.000712	23.0
557	-1.009512	0.000000	0.159965	0.000728	22.8
558	-1.009625	0.000000	0.159965	0.000690	22.9
559	-1.008620	0.000000	0.159965	0.000632	23.0
560	-1.007929	0.000000	0.159965	0.000769	22.7
561	-1.009473	0.000000	0.159965	0.000801	22.8
562	-1.008906	0.000000	0.159965	0.000651	22.7
563	-1.008786	0.000000	0.159965	0.000677	22.8
564	-1.009325	0.997541	0.155557	0.001204	22.5
565	-1.008525	1.997023	0.151452	0.001000	22.9
566	-1.009520	1.197023	0.154714	0.000853	22.9
567	-1.009362	0.397023	0.158171	0.000995	23.2
568	-1.009325	0.000000	0.159965	0.000800	22.8
569	-1.009458	0.000000	0.159965	0.000839	22.8
570	-1.008882	0.999746	0.155548	0.000752	22.7
571	-1.009183	0.200413	0.159053	0.000549	22.9
572	-1.009225	0.000000	0.159965	0.000652	22.8
573	-1.008777	0.000000	0.159965	0.000766	22.7
574	-1.009346	0.000000	0.159965	0.001137	22.6
575	-1.009290	0.000000	0.159965	0.000763	22.7
576	-1.009119	0.000000	0.159965	0.000779	22.8
577	-1.008635	0.000000	0.159965	0.000743	22.7
578	-1.009640	0.601569	0.157268	0.000558	22.9
579	-1.009402	0.000000	0.159965	0.001235	22.9
580	-1.008443	0.000000	0.159965	0.000439	23.0
581	-1.009430	0.000000	0.159965	0.000525	22.8
582	-1.009520	0.000000	0.159965	0.000783	22.7
583	-1.009453	0.000000	0.159965	0.000855	22.7
584	-1.009110	0.000000	0.159965	0.000674	22.5
585	-1.008767	0.000000	0.159965	0.000820	22.8
586	-1.008240	0.000000	0.159965	0.000855	22.7
587	-1.008548	0.000000	0.159965	0.000741	22.8
588	-1.009232	0.000000	0.159965	0.000936	22.5
589	-1.009343	0.000000	0.159965	0.000766	22.8
590	-1.008902	0.000000	0.159965	0.000465	22.6
591	-1.009341	0.000000	0.159965	0.001076	22.9
592	-1.009103	0.000000	0.159965	0.000868	22.8
593	-1.008801	0.000000	0.159965	0.000522	22.8
594	-1.009501	0.000000	0.159965	0.000985	22.6
595	-1.009370	0.000000	0.159965	0.000676	22.5
596	-1.009333	0.000000	0.159965	0.000624	23.1
597	-1.009588	0.000000	0.159965	0.000924	22.6
598	-1.008824	0.905648	0.155950	0.000688	22.9
599	-1.008978	1.905648	0.151815	0.000587	22.8
600	-1.009388	2.901295	0.147976	0.000664	22.9
601	-1.009262	2.101296	0.151040	0.000713	22.8
602	-1.010277	1.301296	0.154278	0.000809	22.9
603	-1.009655	2.289423	0.150304	0.000785	22.7
604	-1.009668	1.489423	0.153500	0.000876	22.7
605	-1.009322	0.689423	0.156884	0.000693	22.7
606	-1.009263	1.689423	0.152684	0.000425	23.3
607	-1.009032	0.889423	0.156020	0.000784	23.8
608	-1.008965	0.089423	0.159556	0.000570	24.1
609	-1.009122	1.089423	0.155168	0.000783	24.0
610	-1.009003	2.077820	0.151132	0.000644	24.0
611	-1.009285	1.277820	0.154376	0.000570	24.1
612	-1.009055	0.494719	0.157738	0.000850	24.2
613	-1.008811	0.000000	0.159965	0.000560	24.3
614	-1.008961	0.790577	0.156445	0.000711	24.0
615	-1.008733	0.000000	0.159965	0.000576	23.7
616	-1.008593	0.000000	0.159965	0.000499	23.3
617	-1.009863	0.000000	0.159965	0.000500	23.0
618	-1.008791	0.983838	0.155616	0.000821	22.8
619	-1.009123	0.183838	0.159127	0.000542	22.8
620	-1.010475	0.000000	0.159965	0.000778	22.8
621	-1.009079	0.993354	0.155575	0.000936	22.7
622	-1.009515	0.193354	0.159084	0.001220	22.7
623	-1.008988	0.000000	0.159965	0.000577	22.9
624	-1.009256	0.000000	0.159965	0.000404	22.7
625	-1.008535	0.683126	0.156911	0.000741	22.6
626	-1.008730	0.000000	0.159965	0.001133	22.6
627	-1.008682	0.000000	0.159965	0.000442	22.9
628	-1.009209	0.000000	0.159965	0.000875	22.9
629	-1.009377	0.000000	0.159965	0.001005	22.8
630	-1.008754	0.000000	0.159965	0.000850	22.9
631	-1.009584	0.000000	0.159965	0.000858	23.0
632	-1.009496	0.000000	0.159965	0.000533	23.1
633	-1.008865	0.000000	0.159965	0.000800	23.0
634	-1.009322	0.000000	0.159965	0.000611	22.8
635	-1.008972	0.000000	0.159965	0.000876	22.8
636	-1.009315	0.980078	0.155632	0.000659	22.9
637	-1.009797	0.180081	0.159144	0.000513	22.8
638	-1.009163	0.000000	0.159965	0.000652	23.2
639	-1.008985	0.000000	0.159965	0.000905	23.7
640	-1.009424	0.000000	0.159965	0.000978	24.0
641	-1.008367	0.000000	0.159965	0.000608	24.0
642	-1.009155	0.000000	0.159965	0.001348	24.0
643	-1.009844	0.000000	0.159965	0.000723	24.1
644	-1.008489	0.000000	0.159965	0.000552	24.3
645	-1.008170	0.000000	0.159965	0.000788	23.9
646	-1.010365	0.999537	0.155549	0.000853	23.8
647	-1.009109	1.999537	0.151442	0.000545	23.5
648	-1.009396	2.155552	0.150826	0.001119	23.0
649	-1.009068	1.355552	0.154053	0.000986	22.9
650	-1.008770	0.555552	0.157470	0.000942	22.9
651	-1.009683	0.000000	0.159965	0.001254	22.8
652	-1.009033	1.000000	0.155547	0.000834	22.7
653	-1.009101	0.200000	0.159054	0.001080	23.0
654	-1.009541	1.200000	0.154702	0.000605	23.0
655	-1.009037	0.400000	0.158158	0.001274	23.2
656	-1.008867	0.000000	0.159965	0.000662	22.9
657	-1.008991	0.000000	0.159965	0.001301	23.3
658	-1.009060	0.000000	0.159965	0.000943	22.8
659	-1.009515	0.000000	0.159965	0.000296	23.2
660	-1.009237	0.000000	0.159965	0.000868	23.1
661	-1.008417	0.000000	0.159965	0.000596	22.8
662	-1.009488	0.000000	0.159965	0.000816	22.8
663	-1.009363	0.000000	0.159965	0.000859	22.7
664	-1.009136	0.000000	0.159965	0.000737	22.7
665	-1.009008	0.000000	0.159965	0.000716	22.7
666	-1.009321	0.000000	0.159965	0.000926	22.9
667	-1.009412	0.000000	0.159965	0.000693	22.6
668	-1.010614	0.000000	0.159965	0.001175	22.7
669	-1.007971	0.000000	0.159965	0.000439	22.8
670	-1.008933	0.999716	0.155548	0.000922	22.7
671	-1.009192	1.955454	0.151617	0.000786	22.6
672	-1.009772	1.155454	0.154889	0.000655	22.7
673	-1.008733	0.355454	0.158356	0.000906	22.7
674	-1.009205	1.355454	0.154053	0.001073	22.7
675	-1.009977	2.355454	0.150048	0.000722	22.7
676	-1.009601	3.183501	0.146934	0.001189	22.7
677	-1.008631	2.384455	0.149936	0.000947	22.9
678	-1.009011	3.384454	0.146204	0.000689	22.8
679	-1.009328	2.584454	0.149169	0.000977	22.7
680	-1.009382	1.797359	0.152249	0.000346	22.7
681	-1.009858	2.797337	0.148364	0.000895	22.5
682	-1.009375	2.007130	0.151411	0.000608	22.7
683	-1.009431	1.207130	0.154672	0.000619	22.8
684	-1.009486	1.149893	0.154912	0.000883	23.0
685	-1.008571	0.349893	0.158381	0.000863	22.9
686	-1.009424	0.000000	0.159965	0.000481	22.8
687	-1.009636	0.000000	0.159965	0.000793	22.8
688	-1.008467	0.000000	0.159965	0.000483	22.8
689	-1.009553	0.000000	0.159965	0.000799	22.9
690	-1.009287	0.917115	0.155901	0.000932	22.8
691	-1.009100	0.117115	0.159430	0.001253	22.7
692	-1.008848	0.000000	0.159965	0.000702	22.5
693	-1.008701	0.999257	0.155550	0.000896	23.2
694	-1.008957	0.199257	0.159058	0.001326	22.8
695	-1.009621	1.199257	0.154705	0.000556	22.8
696	-1.009112	0.399265	0.158161	0.000804	22.8
697	-1.009116	0.000000	0.159965	0.000646	23.0
698	-1.008391	0.000000	0.159965	0.000686	23.2
699	-1.009257	0.000000	0.159965	0.000877	23.1
700	-1.008847	0.000000	0.159965	0.001127	23.1
701	-1.008692	1.000000	0.155547	0.000674	22.8
702	-1.009087	0.200000	0.159054	0.000527	22.9
703	-1.009045	0.000000	0.159965	0.000740	22.9
704	-1.008388	0.000000	0.159965	0.000545	22.9
705	-1.009280	0.000000	0.159965	0.000701	22.9
706	-1.008521	0.000000	0.159965	0.001124	22.6
707	-1.009173	0.000000	0.159965	0.001019	22.8
708	-1.008774	0.000000	0.159965	0.000524	22.5
709	-1.008765	0.000000	0.159965	0.000641	22.5
710	-1.009180	0.000000	0.159965	0.000765	23.2
711	-1.008884	0.000000	0.159965	0.000852	22.7
712	-1.008522	0.620785	0.157184	0.000686	22.8
713	-1.009266	1.584998	0.153109	0.000455	22.8
714	-1.009736	1.122737	0.155027	0.000623	22.6
715	-1.010458	0.322738	0.158503	0.000637	22.8
716	-1.008660	0.000000	0.159965	0.000972	22.7
717	-1.008842	0.000000	0.159965	0.000872	22.6
718	-1.009181	0.000000	0.159965	0.000822	22.7
719	-1.009515	0.000000	0.159965	0.000567	22.5
720	-1.009173	0.000000	0.159965	0.001277	22.7
721	-1.009489	0.000000	0.159965	0.000810	22.9
722	-1.009185	1.000000	0.155547	0.000939	22.6
723	-1.008580	0.200001	0.159054	0.000717	22.7
724	-1.009340	0.000000	0.159965	0.000817	22.7
725	-1.008880	0.000000	0.159965	0.000773	22.6
726	-1.008918	0.936787	0.155817	0.000550	22.7
727	-1.009805	0.136787	0.159341	0.000475	22.6
728	-1.009080	0.000000	0.159965	0.000878	22.5
729	-1.007867	0.000000	0.159965	0.000428	22.7
730	-1.008938	0.000000	0.159965	0.000569	22.7
731	-1.009319	0.000000	0.159965	0.000607	23.3
732	-1.009343	0.000000	0.159965	0.000775	24.0
733	-1.009804	0.000000	0.159965	0.000628	24.2
734	-1.009333	0.000000	0.159965	0.000906	24.2
735	-1.008314	0.000000	0.159965	0.001685	24.2
736	-1.009362	0.000000	0.159965	0.000615	24.0
737	-1.008631	0.000000	0.159965	0.000666	24.1
738	-1.008754	0.000000	0.159965	0.000499	23.9
739	-1.009502	0.999595	0.155549	0.000725	24.0
740	-1.009457	1.999185	0.151443	0.000727	23.9
741	-1.008890	2.999185	0.147612	0.000781	24.1
742	-1.009429	2.199185	0.150656	0.000866	24.2
743	-1.009584	1.399185	0.153872	0.000620	24.0
744	-1.009082	0.599185	0.157278	0.000781	23.2
745	-1.008905	0.000000	0.159965	0.000532	22.9
746	-1.009264	0.000000	0.159965	0.000928	22.9
747	-1.008378	0.000000	0.159965	0.000718	22.8
748	-1.009591	0.000000	0.159965	0.001048	22.7
749	-1.009001	0.983352	0.155618	0.001412	22.8
750	-1.009555	1.983352	0.151506	0.000724	22.5
751	-1.008147	1.183352	0.154772	0.000506	22.7
752	-1.009382	0.383352	0.158232	0.000664	22.6
753	-1.008487	0.000000	0.159965	0.000903	22.6
754	-1.009083	0.000000	0.159965	0.000689	22.8
755	-1.009385	0.000000	0.159965	0.000737	22.7
756	-1.008889	0.000000	0.159965	0.000831	22.8
757	-1.008952	0.000000	0.159965	0.000837	23.3
758	-1.008813	0.000000	0.159965	0.000620	22.9
759	-1.009466	0.000000	0.159965	0.000960	22.8
760	-1.008629	0.000000	0.159965	0.000725	22.7
761	-1.008241	0.000000	0.159965	0.000519	22.9
762	-1.009248	0.999999	0.155547	0.001401	23.0
763	-1.008927	1.999999	0.151440	0.000773	22.7
764	-1.009345	1.199999	0.154702	0.000436	22.7
765	-1.009303	0.399999	0.158158	0.000170	23.1
766	-1.008736	1.171247	0.154823	0.000729	22.9
767	-1.008799	0.390495	0.158200	0.001035	22.7
768	-1.009604	0.000000	0.159965	0.000718	22.6
769	-1.008716	0.000000	0.159965	0.000747	22.6
770	-1.008974	0.000000	0.159965	0.000804	22.9
771	-1.008468	0.000000	0.159965	0.001356	22.6
772	-1.009402	1.000000	0.155547	0.000534	22.7
773	-1.008985	0.200000	0.159054	0.000968	22.7
774	-1.009033	0.000000	0.159965	0.000907	23.0
775	-1.009107	0.000000	0.159965	0.001209	22.9
776	-1.008506	0.000000	0.159965	0.000472	23.1
777	-1.008201	0.000000	0.159965	0.001399	22.8
778	-1.009630	0.000000	0.159965	0.000631	22.6
779	-1.009271	0.000000	0.159965	0.000799	22.5
780	-1.008841	0.000000	0.159965	0.000486	22.8
781	-1.008940	0.000000	0.159965	0.000773	22.7
782	-1.008020	0.000000	0.159965	0.000468	22.9
783	-1.009480	0.000000	0.159965	0.001015	22.8
784	-1.009110	0.000000	0.159965	0.001144	23.2
785	-1.008395	0.000000	0.159965	0.000715	22.9
786	-1.008572	0.000000	0.159965	0.000728	22.7
787	-1.009721	0.000000	0.159965	0.000601	23.1
788	-1.008473	0.000000	0.159965	0.000787	23.2
789	-1.008599	0.000000	0.159965	0.000798	22.9
790	-1.008911	0.000000	0.159965	0.000879	22.7
791	-1.009888	0.000000	0.159965	0.000745	22.7
792	-1.009009	0.000000	0.159965	0.000561	22.7
793	-1.008970	0.000000	0.159965	0.000637	22.7
794	-1.008220	0.000000	0.159965	0.000692	22.7
795	-1.009407	0.999997	0.155547	0.000645	22.6
796	-1.009140	0.199997	0.159054	0.000820	22.4
797	-1.009017	0.000000	0.159965	0.001186	22.7
798	-1.009143	0.000000	0.159965	0.000678	22.7
799	-1.008248	0.000000	0.159965	0.000757	22.6
800	-1.009879	0.000000	0.159965	0.000729	22.7
801	-1.009296	0.724893	0.156730	0.000754	22.9
802	-1.009796	0.000000	0.159965	0.000669	22.8
803	-1.008713	0.000000	0.159965	0.000476	22.7
804	-1.009424	0.000000	0.159965	0.000394	22.7
805	-1.008920	0.000000	0.159965	0.000635	22.7
806	-1.008846	0.000000	0.159965	0.000835	22.7
807	-1.010025	0.000000	0.159965	0.000890	22.6
808	-1.009272	0.000000	0.159965	0.000619	22.5
809	-1.008386	0.000000	0.159965	0.000380	23.0
810	-1.009455	0.000000	0.159965	0.000486	22.9
811	-1.009191	0.000000	0.159965	0.000716	22.8
812	-1.009098	0.000000	0.159965	0.000832	22.7
813	-1.009729	1.000000	0.155547	0.000644	22.6
814	-1.009948	0.200000	0.159054	0.001060	22.9
815	-1.009582	0.000000	0.159965	0.000692	23.0
816	-1.009368	0.000000	0.159965	0.000651	22.8
817	-1.009109	0.000000	0.159965	0.000897	22.6
818	-1.008976	0.000000	0.159965	0.000884	22.7
819	-1.009681	0.000000	0.159965	0.001418	22.8
820	-1.009271	0.000000	0.159965	0.000963	22.8
821	-1.009683	0.000000	0.159965	0.000841	22.8
822	-1.009302	0.000000	0.159965	0.000517	22.7
823	-1.008958	0.000000	0.159965	0.000444	22.5
824	-1.008140	0.000000	0.159965	0.000575	22.9
825	-1.009441	0.000000	0.159965	0.000470	23.0
826	-1.008958	0.000000	0.159965	0.000654	22.7
827	-1.008973	0.000000	0.159965	0.000966	22.9
828	-1.009833	0.000000	0.159965	0.000906	22.9
829	-1.008632	1.000000	0.155547	0.000545	23.0
830	-1.009166	0.200000	0.159054	0.001051	22.5
831	-1.009229	0.000000	0.159965	0.000718	23.0
832	-1.009751	0.000000	0.159965	0.000600	22.9
833	-1.008898	0.000000	0.159965	0.001165	22.9
834	-1.009115	0.000000	0.159965	0.000815	22.9
835	-1.009109	0.000000	0.159965	0.000784	22.8
836	-1.009298	0.000000	0.159965	0.001173	22.8
837	-1.009208	1.000000	0.155547	0.000479	22.6
838	-1.009309	0.200000	0.159054	0.001203	22.7
839	-1.008855	1.200000	0.154702	0.000945	22.7
840	-1.010022	0.400000	0.158158	0.000745	22.9
841	-1.009096	0.000000	0.159965	0.000525	22.8
842	-1.009341	0.000000	0.159965	0.001043	22.9
843	-1.009598	0.000000	0.159965	0.000491	22.9
844	-1.009611	0.000000	0.159965	0.000790	22.7
845	-1.009457	0.999985	0.155547	0.000640	22.8
846	-1.008953	0.199990	0.159054	0.000716	22.6
847	-1.008393	0.000000	0.159965	0.000518	22.8
848	-1.008764	0.000000	0.159965	0.000923	22.6
849	-1.008555	0.000000	0.159965	0.000289	22.6
850	-1.008484	0.057379	0.159702	0.000839	22.6
851	-1.008406	0.917702	0.155898	0.000355	22.5
852	-1.009254	0.117783	0.159427	0.000778	22.6
853	-1.010083	0.000000	0.159965	0.001143	22.9
854	-1.009070	1.000000	0.155547	0.000778	22.7
855	-1.008946	0.200000	0.159054	0.000635	22.8
856	-1.008908	0.000000	0.159965	0.000827	22.7
857	-1.008478	0.000000	0.159965	0.000599	22.7
858	-1.008557	0.000000	0.159965	0.000772	22.6
859	-1.010027	0.000000	0.159965	0.000245	22.5
860	-1.008533	0.000000	0.159965	0.000994	22.9
861	-1.009386	0.998084	0.155555	0.000902	23.2
862	-1.008366	0.198084	0.159063	0.000917	23.1
863	-1.009944	0.000000	0.159965	0.001205	23.3
864	-1.008161	0.000000	0.159965	0.000514	23.3
865	-1.009197	0.000000	0.159965	0.000703	23.2
866	-1.009789	0.000000	0.159965	0.000625	23.3
867	-1.009322	0.000000	0.159965	0.000802	23.3
868	-1.008717	0.999990	0.155547	0.001355	23.4
869	-1.009422	0.199990	0.159054	0.000837	23.0
870	-1.008987	0.000000	0.159965	0.000740	23.1
871	-1.009694	0.000000	0.159965	0.000772	23.4
872	-1.009846	0.000000	0.159965	0.000430	23.1
873	-1.008449	0.000000	0.159965	0.001007	23.0
874	-1.010076	0.000000	0.159965	0.001354	23.2
875	-1.008786	0.000000	0.159965	0.000519	23.3
876	-1.009359	1.000000	0.155547	0.000793	23.3
877	-1.008426	1.999993	0.151440	0.001412	23.0
878	-1.010359	1.199993	0.154702	0.001133	23.2
879	-1.009456	0.399993	0.158158	0.000682	23.1
880	-1.009995	0.000000	0.159965	0.001306	23.2
881	-1.009154	0.000000	0.159965	0.000630	23.2
882	-1.009067	0.556609	0.157465	0.000881	23.2
883	-1.009387	0.000000	0.159965	0.000667	23.2
884	-1.009152	0.000000	0.159965	0.000705	23.2
885	-1.008933	0.000000	0.159965	0.000639	23.2
886	-1.009142	0.000000	0.159965	0.000311	23.2
887	-1.009168	0.000000	0.159965	0.000812	23.2
888	-1.008722	0.969786	0.155676	0.000884	23.1
889	-1.009504	0.169787	0.159191	0.000817	23.1
890	-1.009844	0.000000	0.159965	0.001110	23.1
891	-1.008353	0.000000	0.159965	0.000788	23.3
892	-1.009282	0.000000	0.159965	0.000646	23.0
893	-1.009001	0.000000	0.159965	0.000559	23.3
894	-1.009505	0.000000	0.159965	0.000639	23.1
895	-1.009468	0.999836	0.155548	0.000801	23.2
896	-1.009713	0.199836	0.159055	0.000807	23.1
897	-1.009190	0.000000	0.159965	0.000859	23.2
898	-1.009084	0.000000	0.159965	0.001082	23.2
899	-1.009104	0.000000	0.159965	0.000427	22.9
900	-1.008715	0.945720	0.155778	0.000597	23.0
901	-1.009660	0.145833	0.159300	0.001222	23.2
902	-1.009839	0.000000	0.159965	0.000800	23.1
903	-1.009111	0.000000	0.159965	0.000945	23.0
904	-1.008846	0.000000	0.159965	0.000604	23.2
905	-1.009002	0.998759	0.155552	0.000627	23.3
906	-1.009370	1.350037	0.154076	0.000833	23.2
907	-1.009214	0.550037	0.157494	0.000763	23.2
908	-1.009012	0.000000	0.159965	0.000915	23.3
909	-1.009130	0.999999	0.155547	0.000510	22.7
910	-1.009956	1.587205	0.153100	0.000691	22.9
911	-1.009656	1.268249	0.154416	0.000496	46.3
912	-1.008891	2.216855	0.150587	0.000733	29.4
913	-1.008751	1.417690	0.153796	0.001278	26.9
914	-1.009166	0.617690	0.157197	0.001252	22.8
915	-1.009126	0.000000	0.159965	0.000751	22.8
916	-1.008850	0.000000	0.159965	0.000454	22.9
917	-1.008434	0.000000	0.159965	0.000810	23.2
918	-1.009887	0.000000	0.159965	0.000472	23.1
919	-1.009371	0.000000	0.159965	0.001225	22.8
920	-1.009731	0.000000	0.159965	0.000756	22.9
921	-1.008990	0.000000	0.159965	0.001106	22.8
922	-1.009405	0.000000	0.159965	0.000325	22.7
923	-1.008251	0.000000	0.159965	0.001051	22.8
924	-1.008945	0.000000	0.159965	0.001219	22.8
925	-1.009293	0.000000	0.159965	0.000582	22.6
926	-1.009223	0.000000	0.159965	0.000830	22.7
927	-1.008888	0.000000	0.159965	0.000717	22.6
928	-1.008328	0.000000	0.159965	0.000444	22.5
929	-1.009135	0.000000	0.159965	0.000596	22.9
930	-1.009435	0.000000	0.159965	0.000877	22.9
931	-1.008349	0.000000	0.159965	0.000520	22.7
932	-1.009490	0.000000	0.159965	0.000402	22.9
933	-1.009754	0.819160	0.156322	0.000976	23.2
934	-1.008391	0.019160	0.159877	0.000658	23.2
935	-1.008805	1.006757	0.155518	0.000557	23.1
936	-1.008333	0.206757	0.159024	0.000676	23.2
937	-1.008989	0.297960	0.158614	0.000602	23.2
938	-1.009603	0.000000	0.159965	0.000647	23.3
939	-1.008470	0.000000	0.159965	0.000783	23.3
940	-1.008376	0.000000	0.159965	0.000660	23.2
941	-1.008606	1.000000	0.155547	0.000685	23.3
942	-1.009791	0.200000	0.159054	0.000724	23.2
943	-1.009346	0.000000	0.159965	0.000506	23.1
944	-1.009294	0.000000	0.159965	0.001187	22.8
945	-1.008931	0.000000	0.159965	0.000548	22.9
946	-1.008708	0.000000	0.159965	0.000694	22.9
947	-1.009097	0.000000	0.159965	0.000816	22.6
948	-1.008718	0.000000	0.159965	0.000710	22.6
949	-1.009602	0.000000	0.159965	0.000547	22.6
950	-1.008735	0.995157	0.155568	0.001178	22.9
951	-1.009388	0.198160	0.159063	0.000603	23.8
952	-1.008587	0.000000	0.159965	0.000500	24.2
953	-1.009200	0.000000	0.159965	0.000514	24.3
954	-1.010149	0.000000	0.159965	0.000670	24.3
955	-1.009050	0.000000	0.159965	0.000662	24.1
956	-1.010034	0.000000	0.159965	0.001351	24.2
957	-1.009795	0.000000	0.159965	0.000715	24.1
958	-1.009300	0.000000	0.159965	0.000894	24.1
959	-1.008954	0.000000	0.159965	0.000862	24.2
960	-1.008308	0.000000	0.159965	0.000843	24.0
961	-1.009054	0.000000	0.159965	0.000645	23.6
962	-1.009545	0.990482	0.155587	0.000738	23.5
963	-1.009140	0.190482	0.159097	0.000729	23.0
964	-1.009754	0.000000	0.159965	0.001004	23.1
965	-1.009280	1.000000	0.155547	0.001140	22.8
966	-1.009270	0.206919	0.159023	0.001073	22.7
967	-1.009752	0.000000	0.159965	0.000512	22.8
968	-1.009543	0.000000	0.159965	0.000517	23.0
969	-1.008847	0.000000	0.159965	0.000955	22.9
970	-1.009338	0.000000	0.159965	0.000884	22.8
971	-1.008756	0.000000	0.159965	0.000407	22.6
972	-1.008893	0.000000	0.159965	0.001027	22.5
973	-1.009544	0.000000	0.159965	0.000953	22.9
974	-1.009715	0.000000	0.159965	0.000718	23.2
975	-1.009431	0.000000	0.159965	0.000746	22.9
976	-1.009196	0.000000	0.159965	0.000652	23.0
977	-1.008909	0.000000	0.159965	0.000369	22.6
978	-1.009320	0.000000	0.159965	0.001021	22.7
979	-1.010208	0.992559	0.155579	0.001081	22.8
980	-1.009384	0.192559	0.159088	0.000829	22.6
981	-1.010169	0.000000	0.159965	0.000834	22.9
982	-1.008938	0.000000	0.159965	0.000828	23.0
983	-1.009367	0.000000	0.159965	0.000766	22.8
984	-1.008738	1.000000	0.155547	0.001095	22.9
985	-1.009547	0.200000	0.159054	0.000660	22.9
986	-1.008319	1.200000	0.154702	0.000728	22.9
987	-1.008616	0.400000	0.158158	0.000737	22.8
988	-1.009077	0.000000	0.159965	0.000816	22.8
989	-1.009168	0.000000	0.159965	0.000701	22.6
990	-1.008891	0.000000	0.159965	0.000684	22.5
991	-1.009157	0.000000	0.159965	0.001112	22.5
992	-1.008683	0.000000	0.159965	0.000431	22.8
993	-1.007968	0.000000	0.159965	0.000507	22.5
994	-1.008604	0.000000	0.159965	0.000698	22.8
995	-1.009728	0.000000	0.159965	0.000754	23.2
996	-1.009496	0.000000	0.159965	0.001063	22.9
997	-1.008993	1.000000	0.155547	0.000778	22.7
998	-1.009353	0.200000	0.159054	0.000691	22.9
999	-1.008117	0.000000	0.159965	0.000664	22.8
