1:ItNr	2:Metric	3a:Time	3b:StepSize	4:||Gradient||	Time[ms]
0	-1.010651	0.000000	0.159965	0.000757	40.7
1	-1.009793	0.000000	0.159965	0.000756	15.8
2	-1.010898	0.000000	0.159965	0.000591	12.6
3	-1.009872	0.000000	0.159965	0.000869	12.4
4	-1.010355	0.000000	0.159965	0.001005	12.4
5	-1.011219	0.000000	0.159965	0.000825	12.4
6	-1.010905	0.000000	0.159965	0.000816	12.4
7	-1.011508	0.000000	0.159965	0.000860	23.3
8	-1.010344	0.000000	0.159965	0.000696	18.6
9	-1.010501	0.000000	0.159965	0.000831	12.7
10	-1.010382	0.000000	0.159965	0.000941	12.6
11	-1.010441	0.000000	0.159965	0.000903	12.3
12	-1.010059	0.000000	0.159965	0.000704	12.8
13	-1.010389	0.000000	0.159965	0.000777	12.4
14	-1.010144	0.000000	0.159965	0.000812	12.2
15	-1.011003	0.000000	0.159965	0.000818	12.1
16	-1.010182	0.000000	0.159965	0.000798	12.2
17	-1.011007	0.000000	0.159965	0.000855	12.2
18	-1.009828	0.000000	0.159965	0.000793	12.2
19	-1.010642	0.000000	0.159965	0.000709	12.5
20	-1.010115	0.000000	0.159965	0.000548	12.5
21	-1.010483	0.000000	0.159965	0.000980	12.4
22	-1.010588	0.000000	0.159965	0.000757	12.4
23	-1.009927	0.000000	0.159965	0.000785	12.3
24	-1.010928	0.000000	0.159965	0.001007	12.4
25	-1.010903	0.000000	0.159965	0.000713	12.0
26	-1.011065	0.000000	0.159965	0.000712	12.1
27	-1.011056	0.000000	0.159965	0.000551	12.0
28	-1.010477	0.000000	0.159965	0.000725	12.0
29	-1.011044	0.000000	0.159965	0.001077	12.1
30	-1.011425	0.000000	0.159965	0.000669	12.0
31	-1.010342	0.000000	0.159965	0.000886	12.0
32	-1.009717	0.000000	0.159965	0.000759	12.1
33	-1.009723	0.000000	0.159965	0.000913	12.1
34	-1.009435	0.000000	0.159965	0.000577	12.1
35	-1.010286	0.000000	0.159965	0.000690	12.0
36	-1.010712	0.000000	0.159965	0.000681	12.1
37	-1.009767	0.000000	0.159965	0.000583	12.1
38	-1.010407	0.000000	0.159965	0.000804	12.1
39	-1.010362	0.000000	0.159965	0.000878	12.0
40	-1.010768	0.000000	0.159965	0.000650	12.0
41	-1.011878	0.000000	0.159965	0.000940	12.2
42	-1.010861	0.000000	0.159965	0.000736	12.2
43	-1.010796	0.000000	0.159965	0.000686	12.1
44	-1.010479	0.000000	0.159965	0.000877	12.1
45	-1.011434	0.000000	0.159965	0.000691	12.1
46	-1.010257	0.000000	0.159965	0.000859	12.1
47	-1.010462	0.000000	0.159965	0.000482	12.2
48	-1.010665	0.000000	0.159965	0.000899	12.3
49	-1.009881	0.000000	0.159965	0.000543	12.3
50	-1.010712	0.000000	0.159965	0.000691	12.2
51	-1.010592	0.000000	0.159965	0.000676	12.0
52	-1.011308	0.000000	0.159965	0.001201	11.9
53	-1.010274	0.000000	0.159965	0.000813	12.0
54	-1.011585	0.000000	0.159965	0.000623	12.5
55	-1.010991	0.000000	0.159965	0.000785	13.5
56	-1.010051	0.000000	0.159965	0.000804	14.6
57	-1.011200	0.000000	0.159965	0.000573	13.6
58	-1.010281	0.000000	0.159965	0.001070	12.4
59	-1.010949	0.000000	0.159965	0.000854	12.3
60	-1.011196	0.000000	0.159965	0.000773	12.6
61	-1.010437	0.000000	0.159965	0.000757	13.3
62	-1.010268	0.000000	0.159965	0.000621	13.3
63	-1.010673	0.000000	0.159965	0.000709	13.3
64	-1.010216	0.000000	0.159965	0.001093	13.5
65	-1.011428	0.000000	0.159965	0.000615	13.6
66	-1.009896	0.000000	0.159965	0.000803	12.7
67	-1.011384	0.000000	0.159965	0.000815	13.3
68	-1.010252	0.000000	0.159965	0.000602	13.2
69	-1.010376	0.000000	0.159965	0.000839	12.9
70	-1.011216	0.000000	0.159965	0.000855	13.2
71	-1.010846	0.000000	0.159965	0.000739	13.7
72	-1.010562	0.000000	0.159965	0.000629	14.4
73	-1.010912	0.000000	0.159965	0.000783	16.2
74	-1.010586	0.000000	0.159965	0.000793	14.5
75	-1.010615	0.000000	0.159965	0.000589	13.2
76	-1.010672	0.000000	0.159965	0.000774	14.5
77	-1.011842	0.000000	0.159965	0.000908	14.2
78	-1.010988	0.000000	0.159965	0.000942	13.8
79	-1.011275	0.000000	0.159965	0.000675	13.1
80	-1.010477	0.000000	0.159965	0.001045	12.5
81	-1.010704	0.000000	0.159965	0.000820	12.7
82	-1.011375	0.000000	0.159965	0.000837	12.6
83	-1.010655	0.000000	0.159965	0.000638	13.2
84	-1.010217	0.000000	0.159965	0.000709	13.3
85	-1.010050	0.000000	0.159965	0.000894	13.1
86	-1.010720	0.000000	0.159965	0.000896	12.9
87	-1.010145	0.000000	0.159965	0.000630	13.1
88	-1.010630	0.000000	0.159965	0.000568	12.7
89	-1.011058	0.000000	0.159965	0.000711	13.1
90	-1.011641	0.000000	0.159965	0.000905	12.8
91	-1.010481	0.000000	0.159965	0.000640	12.9
92	-1.010913	0.000000	0.159965	0.000626	12.6
93	-1.010030	0.000000	0.159965	0.000845	12.1
94	-1.010945	0.000000	0.159965	0.000895	12.2
95	-1.010476	0.000000	0.159965	0.000864	12.1
96	-1.010797	0.000000	0.159965	0.001119	12.0
97	-1.010450	0.000000	0.159965	0.000727	12.0
98	-1.010506	0.000000	0.159965	0.000696	12.2
99	-1.010464	0.000000	0.159965	0.000794	12.1
100	-1.010679	0.000000	0.159965	0.001025	12.1
101	-1.011112	0.000000	0.159965	0.000756	12.2
102	-1.010792	0.000000	0.159965	0.000954	12.4
103	-1.009622	0.000000	0.159965	0.000676	12.1
104	-1.010900	0.000000	0.159965	0.000772	12.2
105	-1.011376	0.000000	0.159965	0.000816	12.1
106	-1.010328	0.000000	0.159965	0.000753	12.1
107	-1.011092	0.000000	0.159965	0.000995	12.3
108	-1.010620	0.000000	0.159965	0.000984	12.0
109	-1.010444	0.000000	0.159965	0.000606	12.3
110	-1.011363	0.000000	0.159965	0.000935	12.2
111	-1.010381	0.000000	0.159965	0.000638	12.1
112	-1.010199	0.000000	0.159965	0.000644	11.8
113	-1.010778	0.000000	0.159965	0.000760	11.8
114	-1.010273	0.000000	0.159965	0.000577	11.9
115	-1.010802	0.000000	0.159965	0.001031	11.8
116	-1.011444	0.000000	0.159965	0.000691	11.9
117	-1.010872	0.000000	0.159965	0.000769	12.1
118	-1.010185	0.000000	0.159965	0.000685	12.1
119	-1.011536	0.000000	0.159965	0.000886	12.0
120	-1.010273	0.000000	0.159965	0.000733	12.0
121	-1.010861	0.000000	0.159965	0.000643	12.2
122	-1.011269	0.000000	0.159965	0.000942	12.2
123	-1.009602	0.000000	0.159965	0.000704	12.1
124	-1.010524	0.000000	0.159965	0.000700	11.9
125	-1.010869	0.000000	0.159965	0.000822	11.9
126	-1.011040	0.000000	0.159965	0.001063	11.8
127	-1.010815	0.000000	0.159965	0.000743	12.2
128	-1.009970	0.000000	0.159965	0.000766	11.9
129	-1.011076	0.000000	0.159965	0.001032	12.7
130	-1.011218	0.000000	0.159965	0.000760	12.4
131	-1.010547	0.000000	0.159965	0.000554	12.0
132	-1.010350	0.000000	0.159965	0.000783	11.8
133	-1.009841	0.000000	0.159965	0.000633	12.0
134	-1.010420	0.000000	0.159965	0.000643	12.1
135	-1.010799	0.000000	0.159965	0.000823	12.1
136	-1.011188	0.000000	0.159965	0.000645	11.9
137	-1.010492	0.000000	0.159965	0.000730	11.9
138	-1.011102	0.000000	0.159965	0.000716	12.0
139	-1.010789	0.000000	0.159965	0.001018	12.0
140	-1.010527	0.000000	0.159965	0.000723	11.9
141	-1.010467	0.000000	0.159965	0.000898	11.9
142	-1.011042	0.000000	0.159965	0.000989	11.9
143	-1.011161	0.000000	0.159965	0.000837	12.1
144	-1.010213	0.000000	0.159965	0.000634	11.9
145	-1.010601	0.000000	0.159965	0.000844	11.9
146	-1.011419	0.000000	0.159965	0.000751	12.1
147	-1.010239	0.000000	0.159965	0.000687	12.0
148	-1.010455	0.000000	0.159965	0.000677	12.0
149	-1.010020	0.000000	0.159965	0.000746	11.8
150	-1.011152	0.000000	0.159965	0.000933	11.9
151	-1.011307	0.000000	0.159965	0.000611	12.0
152	-1.010084	0.000000	0.159965	0.000949	11.9
153	-1.009917	0.000000	0.159965	0.000845	12.0
154	-1.010847	0.000000	0.159965	0.000777	11.9
155	-1.011816	0.000000	0.159965	0.000971	11.8
156	-1.010515	0.000000	0.159965	0.000894	11.9
157	-1.010379	0.000000	0.159965	0.000738	11.9
158	-1.010496	0.000000	0.159965	0.000894	11.9
159	-1.010795	0.000000	0.159965	0.000810	11.8
160	-1.010891	0.000000	0.159965	0.000771	12.0
161	-1.010487	0.000000	0.159965	0.000549	11.9
162	-1.010799	0.000000	0.159965	0.000856	11.9
163	-1.010811	0.000000	0.159965	0.000486	11.9
164	-1.010977	0.000000	0.159965	0.000664	11.9
165	-1.010122	0.000000	0.159965	0.000745	11.9
166	-1.010491	0.000000	0.159965	0.001145	11.8
167	-1.010076	0.000000	0.159965	0.000757	11.9
168	-1.011872	0.000000	0.159965	0.000882	12.0
169	-1.011087	0.000000	0.159965	0.001189	12.1
170	-1.010493	0.000000	0.159965	0.000805	12.0
171	-1.010487	0.000000	0.159965	0.000688	11.9
172	-1.010884	0.000000	0.159965	0.000584	11.8
173	-1.010926	0.000000	0.159965	0.000758	12.0
174	-1.011326	0.000000	0.159965	0.000773	11.8
175	-1.010609	0.000000	0.159965	0.000802	11.8
176	-1.010103	0.000000	0.159965	0.000771	11.9
177	-1.011353	0.000000	0.159965	0.000845	11.8
178	-1.010497	0.000000	0.159965	0.000649	11.8
179	-1.010267	0.000000	0.159965	0.000640	11.9
180	-1.010474	0.000000	0.159965	0.000813	11.8
181	-1.009766	0.000000	0.159965	0.000717	11.9
182	-1.010215	0.000000	0.159965	0.000554	11.8
183	-1.009880	0.000000	0.159965	0.000912	11.9
184	-1.011026	0.000000	0.159965	0.000959	11.8
185	-1.010821	0.000000	0.159965	0.000778	11.8
186	-1.010177	0.000000	0.159965	0.000754	11.8
187	-1.010540	0.000000	0.159965	0.000672	11.9
188	-1.011321	0.000000	0.159965	0.000771	11.8
189	-1.010879	0.000000	0.159965	0.000972	11.7
190	-1.011458	0.000000	0.159965	0.000520	11.8
191	-1.010349	0.000000	0.159965	0.000983	11.9
192	-1.010734	0.000000	0.159965	0.001169	12.0
193	-1.011121	0.000000	0.159965	0.000717	11.9
194	-1.011082	0.000000	0.159965	0.000820	12.0
195	-1.010491	0.000000	0.159965	0.001163	11.7
196	-1.009954	0.000000	0.159965	0.000938	11.8
197	-1.010506	0.000000	0.159965	0.000844	12.0
198	-1.010278	0.000000	0.159965	0.001039	11.9
199	-1.010538	0.000000	0.159965	0.000606	11.8
200	-1.010426	0.000000	0.159965	0.000869	12.0
201	-1.011101	0.000000	0.159965	0.000764	12.1
202	-1.010674	0.000000	0.159965	0.000803	12.2
203	-1.010629	0.000000	0.159965	0.000681	11.9
204	-1.010293	0.000000	0.159965	0.000847	11.9
205	-1.010264	0.000000	0.159965	0.000660	11.9
206	-1.009789	0.000000	0.159965	0.000868	11.9
207	-1.011191	0.000000	0.159965	0.000867	11.8
208	-1.011196	0.000000	0.159965	0.000792	11.8
209	-1.010307	0.000000	0.159965	0.000753	11.7
210	-1.010353	0.000000	0.159965	0.000797	11.7
211	-1.010453	0.000000	0.159965	0.000736	12.1
212	-1.010426	0.000000	0.159965	0.000843	11.8
213	-1.011129	0.000000	0.159965	0.000624	11.9
214	-1.010618	0.000000	0.159965	0.000626	11.9
215	-1.010282	0.000000	0.159965	0.000526	11.8
216	-1.011077	0.000000	0.159965	0.001150	12.0
217	-1.010693	0.000000	0.159965	0.000695	11.9
218	-1.010991	0.000000	0.159965	0.000800	11.9
219	-1.010145	0.000000	0.159965	0.000725	12.0
220	-1.011107	0.000000	0.159965	0.000738	12.0
221	-1.010491	0.000000	0.159965	0.000858	12.0
222	-1.009992	0.000000	0.159965	0.000536	11.9
223	-1.009760	0.000000	0.159965	0.000752	11.9
224	-1.010376	0.000000	0.159965	0.000849	11.8
225	-1.011026	0.000000	0.159965	0.000870	12.1
226	-1.011171	0.000000	0.159965	0.000817	11.8
227	-1.010462	0.000000	0.159965	0.000930	11.9
228	-1.010099	0.000000	0.159965	0.000803	11.8
229	-1.010405	0.000000	0.159965	0.000748	11.8
230	-1.010788	0.000000	0.159965	0.000682	12.0
231	-1.010337	0.000000	0.159965	0.000545	11.8
232	-1.010446	0.000000	0.159965	0.000804	11.9
233	-1.010310	0.000000	0.159965	0.000707	11.8
234	-1.010899	0.000000	0.159965	0.000748	11.8
235	-1.011231	0.000000	0.159965	0.001116	11.8
236	-1.010173	0.000000	0.159965	0.000709	12.0
237	-1.010907	0.000000	0.159965	0.000588	12.0
238	-1.011000	0.000000	0.159965	0.000859	11.8
239	-1.010225	0.000000	0.159965	0.000638	11.8
240	-1.010943	0.000000	0.159965	0.000842	11.9
241	-1.010397	0.000000	0.159965	0.000944	11.8
242	-1.010373	0.000000	0.159965	0.000867	11.9
243	-1.011000	0.000000	0.159965	0.000975	12.0
244	-1.010962	0.000000	0.159965	0.000892	12.0
245	-1.010741	0.000000	0.159965	0.000771	12.3
246	-1.010263	0.000000	0.159965	0.000913	12.8
247	-1.010736	0.000000	0.159965	0.000703	13.8
248	-1.009603	0.000000	0.159965	0.000779	12.6
249	-1.010477	0.000000	0.159965	0.000686	11.9
250	-1.010075	0.000000	0.159965	0.001011	12.2
251	-1.009841	0.000000	0.159965	0.000814	12.6
252	-1.010901	0.999951	0.155547	0.000921	11.9
253	-1.010431	0.199951	0.159055	0.000893	12.1
254	-1.010741	0.000000	0.159965	0.000882	11.9
255	-1.010481	0.000000	0.159965	0.000732	11.9
256	-1.009951	0.000000	0.159965	0.000709	12.1
257	-1.010859	0.000000	0.159965	0.000632	12.0
258	-1.009955	0.000000	0.159965	0.000935	12.0
259	-1.010441	0.000000	0.159965	0.000617	11.9
260	-1.010477	0.000000	0.159965	0.000731	12.0
261	-1.010824	0.000000	0.159965	0.000666	11.9
262	-1.010016	0.000000	0.159965	0.000829	12.2
263	-1.009729	0.000000	0.159965	0.000789	13.3
264	-1.010515	0.000000	0.159965	0.000703	13.9
265	-1.010003	0.000000	0.159965	0.000946	13.7
266	-1.010632	0.000000	0.159965	0.001207	13.4
267	-1.010031	0.000000	0.159965	0.000876	12.7
268	-1.010152	0.000000	0.159965	0.000995	12.7
269	-1.010915	0.000000	0.159965	0.000707	12.7
270	-1.010704	0.000000	0.159965	0.000552	13.1
271	-1.010906	0.000000	0.159965	0.000911	12.5
272	-1.010284	0.000000	0.159965	0.000690	12.7
273	-1.011383	0.000000	0.159965	0.000554	13.7
274	-1.011081	0.000000	0.159965	0.000626	13.4
275	-1.009699	0.000000	0.159965	0.000482	12.7
276	-1.011143	0.000000	0.159965	0.000876	12.7
277	-1.009725	0.000000	0.159965	0.000733	12.2
278	-1.010781	0.000000	0.159965	0.000852	12.3
279	-1.010852	0.000000	0.159965	0.000744	12.1
280	-1.010832	0.000000	0.159965	0.000785	11.8
281	-1.011280	0.000000	0.159965	0.000834	11.8
282	-1.010398	0.000000	0.159965	0.000773	11.8
283	-1.010968	0.000000	0.159965	0.000692	12.0
284	-1.011905	0.000000	0.159965	0.000756	12.0
285	-1.010822	0.000000	0.159965	0.000693	12.2
286	-1.010947	0.000000	0.159965	0.000924	12.3
287	-1.009395	0.000000	0.159965	0.000766	12.1
288	-1.009859	0.000000	0.159965	0.000608	11.9
289	-1.010564	0.000000	0.159965	0.000496	12.3
290	-1.010742	0.000000	0.159965	0.000704	12.6
291	-1.009926	0.000000	0.159965	0.000651	12.6
292	-1.011530	0.000000	0.159965	0.000778	12.0
293	-1.010443	0.000000	0.159965	0.000771	12.0
294	-1.010073	0.000000	0.159965	0.000528	12.1
295	-1.011083	0.000000	0.159965	0.000681	12.2
296	-1.010809	0.351830	0.158373	0.000754	11.8
297	-1.009318	0.000000	0.159965	0.000783	12.3
298	-1.010489	0.000000	0.159965	0.000960	12.5
299	-1.011201	0.000000	0.159965	0.000623	12.0
300	-1.010500	0.000000	0.159965	0.000894	12.0
301	-1.011366	0.000000	0.159965	0.000726	11.9
302	-1.010584	0.000000	0.159965	0.000774	11.9
303	-1.010228	0.000000	0.159965	0.000754	12.4
304	-1.010253	0.000000	0.159965	0.000898	12.0
305	-1.010448	0.000000	0.159965	0.000934	12.3
306	-1.010671	0.000000	0.159965	0.001038	12.4
307	-1.011093	0.000000	0.159965	0.001122	12.1
308	-1.010548	0.000000	0.159965	0.000664	12.0
309	-1.010067	0.000000	0.159965	0.000764	11.8
310	-1.009746	0.000000	0.159965	0.000631	11.8
311	-1.011518	0.000000	0.159965	0.000754	12.3
312	-1.010523	0.000000	0.159965	0.000612	11.7
313	-1.010936	0.000000	0.159965	0.000818	11.9
314	-1.010836	0.000000	0.159965	0.000585	11.8
315	-1.010818	0.000000	0.159965	0.001017	11.8
316	-1.010955	0.000000	0.159965	0.000969	11.7
317	-1.010954	0.000000	0.159965	0.000677	12.0
318	-1.010602	0.000000	0.159965	0.000910	12.2
319	-1.010018	0.000000	0.159965	0.001112	12.3
320	-1.010532	0.000000	0.159965	0.000653	12.3
321	-1.011196	0.000000	0.159965	0.000718	12.0
322	-1.010765	0.000000	0.159965	0.000787	11.9
323	-1.010721	0.000000	0.159965	0.000715	12.0
324	-1.010906	0.000000	0.159965	0.000682	11.8
325	-1.010752	0.000000	0.159965	0.000626	12.4
326	-1.010699	0.000000	0.159965	0.000704	12.3
327	-1.010878	0.000000	0.159965	0.000588	12.6
328	-1.009805	0.000000	0.159965	0.000811	11.9
329	-1.010772	0.000000	0.159965	0.000876	11.8
330	-1.010639	0.000000	0.159965	0.000939	12.0
331	-1.011203	0.000000	0.159965	0.000772	12.3
332	-1.010967	0.000000	0.159965	0.001081	11.8
333	-1.010504	0.000000	0.159965	0.000729	11.9
334	-1.011568	0.000000	0.159965	0.001161	11.8
335	-1.009869	0.000000	0.159965	0.000794	11.9
336	-1.010324	0.000000	0.159965	0.000725	12.0
337	-1.010304	0.000000	0.159965	0.000680	12.2
338	-1.009747	0.000000	0.159965	0.000690	12.7
339	-1.009904	0.000000	0.159965	0.000663	12.0
340	-1.009634	0.000000	0.159965	0.000991	11.8
341	-1.009758	0.000000	0.159965	0.001244	12.0
342	-1.010561	0.000000	0.159965	0.000768	11.9
343	-1.010401	0.000000	0.159965	0.000801	12.1
344	-1.010413	0.000000	0.159965	0.000655	11.8
345	-1.010523	0.000000	0.159965	0.000890	12.2
346	-1.011225	0.000000	0.159965	0.000979	12.3
347	-1.011389	0.000000	0.159965	0.000967	12.3
348	-1.010836	0.000000	0.159965	0.000943	11.9
349	-1.010617	0.000000	0.159965	0.000727	11.8
350	-1.010974	0.000000	0.159965	0.000740	12.1
351	-1.010804	0.000000	0.159965	0.001065	11.9
352	-1.009983	0.000000	0.159965	0.000891	11.9
353	-1.010701	0.000000	0.159965	0.000867	11.8
354	-1.011549	0.000000	0.159965	0.000832	12.0
355	-1.010628	0.000000	0.159965	0.000937	12.3
356	-1.010960	0.000000	0.159965	0.000711	12.4
357	-1.010421	0.000000	0.159965	0.001024	12.2
358	-1.010852	0.000000	0.159965	0.000957	11.9
359	-1.011142	0.000000	0.159965	0.000830	11.7
360	-1.011189	0.000000	0.159965	0.001088	11.9
361	-1.011272	0.000000	0.159965	0.000961	12.3
362	-1.010130	0.000000	0.159965	0.000605	11.8
363	-1.010359	0.000000	0.159965	0.000698	11.9
364	-1.011305	0.000000	0.159965	0.001145	11.8
365	-1.010118	0.000000	0.159965	0.001024	11.9
366	-1.011239	0.000000	0.159965	0.000761	11.8
367	-1.011149	0.000000	0.159965	0.000854	11.9
368	-1.010184	0.000000	0.159965	0.000656	11.9
369	-1.011276	0.000000	0.159965	0.000740	11.9
370	-1.010654	0.000000	0.159965	0.000653	11.9
371	-1.010749	0.000000	0.159965	0.001029	11.8
372	-1.011351	0.000000	0.159965	0.000823	11.8
373	-1.011182	0.000000	0.159965	0.000934	11.8
374	-1.009593	0.000000	0.159965	0.000781	11.8
375	-1.009958	0.000000	0.159965	0.000742	12.1
376	-1.010487	0.000000	0.159965	0.000728	11.8
377	-1.009737	0.000000	0.159965	0.000927	12.3
378	-1.010147	0.000000	0.159965	0.001096	12.3
379	-1.011003	0.000000	0.159965	0.000934	12.2
380	-1.011235	0.000000	0.159965	0.000835	11.8
381	-1.010767	0.000000	0.159965	0.000707	11.9
382	-1.010783	0.000000	0.159965	0.000883	12.2
383	-1.011479	0.000000	0.159965	0.000712	12.1
384	-1.011403	0.000000	0.159965	0.000911	11.9
385	-1.010335	0.000000	0.159965	0.000849	11.9
386	-1.009195	0.000000	0.159965	0.000948	12.0
387	-1.010291	0.000000	0.159965	0.000623	11.8
388	-1.010324	0.000000	0.159965	0.000935	11.9
389	-1.011157	0.000000	0.159965	0.001096	11.8
390	-1.010916	0.000000	0.159965	0.001034	11.9
391	-1.011756	0.000000	0.159965	0.000627	11.8
392	-1.010691	0.000000	0.159965	0.000617	11.8
393	-1.010510	0.000000	0.159965	0.000712	11.9
394	-1.010701	0.000000	0.159965	0.000881	11.8
395	-1.011073	0.000000	0.159965	0.000587	11.8
396	-1.011084	0.000000	0.159965	0.000870	11.8
397	-1.010211	0.000000	0.159965	0.000824	11.8
398	-1.010676	0.000000	0.159965	0.000743	11.8
399	-1.010496	0.000000	0.159965	0.000903	11.9
400	-1.010152	0.000000	0.159965	0.000551	12.0
401	-1.011087	0.000000	0.159965	0.001230	12.1
402	-1.010783	0.000000	0.159965	0.000832	11.9
403	-1.011112	0.000000	0.159965	0.000773	11.8
404	-1.011042	0.000000	0.159965	0.000868	11.8
405	-1.010025	0.000000	0.159965	0.000758	12.1
406	-1.011904	0.000000	0.159965	0.000832	12.2
407	-1.010645	0.000000	0.159965	0.000583	12.4
408	-1.011314	0.000000	0.159965	0.000695	11.9
409	-1.010856	0.000000	0.159965	0.000809	11.9
410	-1.010976	0.000000	0.159965	0.000758	11.8
411	-1.010844	0.000000	0.159965	0.000748	12.0
412	-1.010418	0.000000	0.159965	0.000978	12.0
413	-1.010070	0.000000	0.159965	0.000620	11.8
414	-1.010954	0.000000	0.159965	0.000976	11.9
415	-1.011214	0.000000	0.159965	0.000705	12.2
416	-1.009410	0.000000	0.159965	0.000751	12.7
417	-1.010424	0.000000	0.159965	0.000738	11.9
418	-1.010438	0.000000	0.159965	0.000798	11.9
419	-1.010718	0.000000	0.159965	0.000632	11.8
420	-1.011814	0.000000	0.159965	0.000750	12.1
421	-1.010056	0.000000	0.159965	0.000829	11.9
422	-1.011011	0.000000	0.159965	0.000667	12.1
423	-1.010196	0.000000	0.159965	0.000685	11.8
424	-1.011121	0.000000	0.159965	0.000988	11.8
425	-1.011465	0.000000	0.159965	0.000741	11.9
426	-1.010114	0.000000	0.159965	0.000734	11.9
427	-1.010485	0.000000	0.159965	0.001094	11.9
428	-1.010632	0.000000	0.159965	0.000639	11.9
429	-1.010331	0.000000	0.159965	0.000830	11.9
430	-1.010816	0.000000	0.159965	0.001014	11.9
431	-1.010247	0.000000	0.159965	0.000984	11.8
432	-1.010253	0.000000	0.159965	0.000631	11.9
433	-1.010677	0.000000	0.159965	0.000742	11.9
434	-1.011367	0.000000	0.159965	0.000780	12.1
435	-1.011023	0.000000	0.159965	0.000663	12.2
436	-1.011346	0.000000	0.159965	0.000988	12.4
437	-1.009368	0.000000	0.159965	0.000770	11.9
438	-1.010832	0.000000	0.159965	0.000777	12.0
439	-1.011367	0.000000	0.159965	0.000957	12.0
440	-1.011354	0.000000	0.159965	0.000845	11.9
441	-1.011403	0.000000	0.159965	0.000775	12.0
442	-1.010566	0.000000	0.159965	0.000848	12.0
443	-1.010910	0.000000	0.159965	0.000943	12.0
444	-1.010733	0.000000	0.159965	0.000756	12.0
445	-1.010808	0.000000	0.159965	0.000809	11.8
446	-1.010578	0.000000	0.159965	0.000510	11.8
447	-1.009831	0.000000	0.159965	0.000656	12.2
448	-1.010459	0.000000	0.159965	0.000700	12.5
449	-1.010473	0.000000	0.159965	0.000534	12.1
450	-1.010124	0.000000	0.159965	0.000788	12.2
451	-1.010352	0.000000	0.159965	0.000913	12.0
452	-1.011316	0.000000	0.159965	0.000621	11.8
453	-1.010452	0.000000	0.159965	0.001048	12.1
454	-1.010278	0.000000	0.159965	0.001026	11.8
455	-1.009977	0.000000	0.159965	0.000567	11.8
456	-1.011150	0.000000	0.159965	0.000721	12.0
457	-1.010797	0.000000	0.159965	0.000562	12.2
458	-1.010761	0.000000	0.159965	0.000575	12.6
459	-1.010609	0.000000	0.159965	0.001157	11.9
460	-1.009583	0.000000	0.159965	0.000660	11.9
461	-1.010230	0.000000	0.159965	0.000686	11.9
462	-1.011045	0.000000	0.159965	0.000628	12.0
463	-1.010667	0.000000	0.159965	0.001012	11.9
464	-1.010561	0.000000	0.159965	0.000749	12.0
465	-1.010763	0.000000	0.159965	0.000948	11.7
466	-1.011059	0.000000	0.159965	0.000820	12.2
467	-1.010260	0.000000	0.159965	0.000991	12.1
468	-1.010354	0.000000	0.159965	0.000820	12.1
469	-1.010184	0.000000	0.159965	0.000674	12.1
470	-1.010781	0.000000	0.159965	0.000689	11.9
471	-1.009701	0.000000	0.159965	0.000641	11.9
472	-1.010396	0.000000	0.159965	0.000861	12.1
473	-1.010063	0.000000	0.159965	0.000779	11.9
474	-1.010447	0.000000	0.159965	0.000788	11.8
475	-1.011231	0.000000	0.159965	0.000938	11.9
476	-1.011183	0.000000	0.159965	0.000794	12.0
477	-1.010649	0.000000	0.159965	0.000875	11.8
478	-1.009881	0.000000	0.159965	0.000712	11.8
479	-1.011240	0.000000	0.159965	0.000557	11.8
480	-1.010298	0.000000	0.159965	0.000982	11.9
481	-1.010007	0.000000	0.159965	0.000756	11.8
482	-1.010117	0.000000	0.159965	0.000558	12.0
483	-1.011986	0.000000	0.159965	0.001162	12.4
484	-1.010393	0.000000	0.159965	0.001005	11.9
485	-1.009622	0.000000	0.159965	0.000574	11.9
486	-1.011018	0.000000	0.159965	0.001069	12.2
487	-1.011157	0.000000	0.159965	0.000817	12.5
488	-1.011085	0.000000	0.159965	0.001314	12.0
489	-1.010380	0.000000	0.159965	0.000862	11.8
490	-1.010700	0.000000	0.159965	0.000734	11.8
491	-1.011461	0.000000	0.159965	0.000753	11.8
492	-1.010739	0.000000	0.159965	0.001038	11.7
493	-1.011303	0.000000	0.159965	0.000654	11.9
494	-1.011367	0.000000	0.159965	0.000780	12.0
495	-1.010487	0.000000	0.159965	0.000999	12.2
496	-1.010794	0.000000	0.159965	0.000714	12.5
497	-1.010942	0.000000	0.159965	0.000835	11.9
498	-1.011192	0.000000	0.159965	0.000753	12.0
499	-1.009912	0.000000	0.159965	0.000620	11.8
500	-1.011452	0.000000	0.159965	0.000859	11.8
501	-1.010537	0.000000	0.159965	0.000683	12.0
502	-1.010781	0.000000	0.159965	0.000978	11.9
503	-1.010091	0.000000	0.159965	0.000636	11.9
504	-1.010865	0.000000	0.159965	0.000540	12.0
505	-1.010539	0.000000	0.159965	0.000899	11.9
506	-1.011449	0.000000	0.159965	0.000555	11.8
507	-1.011116	0.000000	0.159965	0.001173	11.9
508	-1.011381	0.000000	0.159965	0.000967	12.0
509	-1.010522	0.000000	0.159965	0.000613	11.9
510	-1.010950	0.000000	0.159965	0.000765	12.0
511	-1.010195	0.000000	0.159965	0.000546	12.4
512	-1.009561	0.000000	0.159965	0.000587	13.4
513	-1.010287	0.000000	0.159965	0.000791	12.0
514	-1.011242	0.000000	0.159965	0.000891	12.0
515	-1.010337	0.000000	0.159965	0.000542	11.8
516	-1.011081	0.000000	0.159965	0.000631	11.9
517	-1.010587	0.000000	0.159965	0.000912	12.0
518	-1.011011	0.000000	0.159965	0.000672	12.0
519	-1.010778	0.000000	0.159965	0.000661	11.8
520	-1.010618	0.000000	0.159965	0.000946	11.8
521	-1.011205	0.000000	0.159965	0.000759	11.9
522	-1.009740	0.000000	0.159965	0.000827	12.0
523	-1.011236	0.000000	0.159965	0.000851	11.8
524	-1.010583	0.000000	0.159965	0.000831	11.9
525	-1.011414	0.000000	0.159965	0.000630	12.2
526	-1.010206	0.000000	0.159965	0.000618	11.9
527	-1.010798	0.000000	0.159965	0.000619	11.9
528	-1.010122	0.000000	0.159965	0.000877	11.8
529	-1.011536	0.000000	0.159965	0.000662	11.8
530	-1.010620	0.000000	0.159965	0.000931	11.9
531	-1.009847	0.000000	0.159965	0.000840	11.9
532	-1.010898	0.000000	0.159965	0.000738	11.8
533	-1.010688	0.000000	0.159965	0.000852	11.9
534	-1.010784	0.000000	0.159965	0.000752	11.8
535	-1.011064	0.000000	0.159965	0.000644	11.9
536	-1.010570	0.000000	0.159965	0.001011	11.7
537	-1.010304	0.000000	0.159965	0.000789	11.8
538	-1.011351	0.000000	0.159965	0.000725	11.8
539	-1.010622	0.000000	0.159965	0.000810	12.0
540	-1.009962	0.000000	0.159965	0.001009	12.2
541	-1.011333	0.000000	0.159965	0.000868	12.5
542	-1.011101	0.000000	0.159965	0.000765	11.8
543	-1.010167	0.000000	0.159965	0.000752	11.9
544	-1.010750	0.000000	0.159965	0.000686	11.8
545	-1.009912	0.000000	0.159965	0.000655	11.9
546	-1.011623	0.000000	0.159965	0.000478	12.0
547	-1.010014	0.000000	0.159965	0.000802	11.9
548	-1.010707	0.000000	0.159965	0.000812	12.0
549	-1.010524	0.000000	0.159965	0.000848	12.0
550	-1.010858	0.000000	0.159965	0.000816	11.9
551	-1.010415	0.000000	0.159965	0.000661	11.9
552	-1.011028	0.000000	0.159965	0.000880	12.2
553	-1.010146	0.000000	0.159965	0.000724	12.0
554	-1.011656	0.000000	0.159965	0.001057	12.1
555	-1.010630	0.000000	0.159965	0.000701	11.9
556	-1.010925	0.000000	0.159965	0.000803	12.1
557	-1.011632	0.000000	0.159965	0.000770	12.3
558	-1.010888	0.000000	0.159965	0.000768	12.2
559	-1.010478	0.000000	0.159965	0.000953	12.0
560	-1.011042	0.000000	0.159965	0.000969	12.2
561	-1.010815	0.000000	0.159965	0.000760	12.1
562	-1.010482	0.000000	0.159965	0.000790	11.9
563	-1.011001	0.000000	0.159965	0.000799	11.8
564	-1.010281	0.000000	0.159965	0.000661	11.8
565	-1.010045	0.000000	0.159965	0.000753	11.8
566	-1.010629	0.000000	0.159965	0.000539	12.0
567	-1.009904	0.000000	0.159965	0.000851	12.4
568	-1.011064	0.000000	0.159965	0.000934	12.6
569	-1.011060	0.000000	0.159965	0.000932	12.0
570	-1.011220	0.000000	0.159965	0.000705	11.9
571	-1.010752	0.000000	0.159965	0.000969	11.9
572	-1.011297	0.000000	0.159965	0.000607	11.9
573	-1.011181	0.000000	0.159965	0.000626	12.3
574	-1.011184	0.000000	0.159965	0.000820	12.6
575	-1.010451	0.000000	0.159965	0.000795	11.9
576	-1.010734	0.000000	0.159965	0.000584	11.9
577	-1.009862	0.000000	0.159965	0.000622	11.9
578	-1.011134	0.000000	0.159965	0.001078	11.8
579	-1.009976	0.000000	0.159965	0.000697	12.2
580	-1.010829	0.000000	0.159965	0.000672	11.8
581	-1.011543	0.000000	0.159965	0.000599	12.1
582	-1.010046	0.000000	0.159965	0.000971	12.0
583	-1.010448	0.000000	0.159965	0.000867	11.8
584	-1.009747	0.000000	0.159965	0.000643	11.9
585	-1.010540	0.000000	0.159965	0.000725	11.8
586	-1.010972	0.000000	0.159965	0.000904	11.8
587	-1.010424	0.000000	0.159965	0.000860	11.8
588	-1.010694	0.000000	0.159965	0.001055	12.0
589	-1.010909	0.000000	0.159965	0.000648	12.1
590	-1.010507	0.000000	0.159965	0.000912	12.5
591	-1.010473	0.000000	0.159965	0.000732	12.1
592	-1.010649	0.000000	0.159965	0.000735	11.9
593	-1.011033	0.000000	0.159965	0.000852	11.9
594	-1.010287	0.000000	0.159965	0.000855	12.0
595	-1.010305	0.000000	0.159965	0.000696	12.2
596	-1.010749	0.000000	0.159965	0.000686	12.2
597	-1.011154	0.000000	0.159965	0.000717	12.2
598	-1.010122	0.000000	0.159965	0.000710	11.9
599	-1.010909	0.000000	0.159965	0.000774	11.9
600	-1.010684	0.000000	0.159965	0.000812	11.9
601	-1.009571	0.000000	0.159965	0.001178	12.0
602	-1.011062	0.000000	0.159965	0.000850	11.9
603	-1.010368	0.000000	0.159965	0.000805	11.9
604	-1.010476	0.000000	0.159965	0.000734	12.0
605	-1.011254	0.000000	0.159965	0.000758	11.8
606	-1.011499	0.000000	0.159965	0.000798	11.9
607	-1.010987	0.000000	0.159965	0.001010	12.1
608	-1.010360	0.000000	0.159965	0.000853	12.0
609	-1.010821	0.000000	0.159965	0.000951	12.0
610	-1.010024	0.000000	0.159965	0.000851	11.8
611	-1.011754	0.000000	0.159965	0.000794	12.0
612	-1.010520	0.000000	0.159965	0.000624	12.2
613	-1.011285	0.000000	0.159965	0.000860	12.3
614	-1.010152	0.000000	0.159965	0.000859	11.9
615	-1.009833	0.000000	0.159965	0.000711	11.9
616	-1.010437	0.000000	0.159965	0.000925	12.0
617	-1.009705	0.000000	0.159965	0.000791	11.9
618	-1.010324	0.000000	0.159965	0.000824	11.9
619	-1.010870	0.000000	0.159965	0.000739	11.7
620	-1.010631	0.000000	0.159965	0.000659	11.8
621	-1.011643	0.000000	0.159965	0.000809	11.8
622	-1.010926	0.000000	0.159965	0.000698	11.8
623	-1.010612	0.000000	0.159965	0.001020	12.0
624	-1.010754	0.000000	0.159965	0.000613	11.9
625	-1.010806	0.000000	0.159965	0.000640	11.9
626	-1.011993	0.000000	0.159965	0.001052	11.7
627	-1.011334	0.000000	0.159965	0.001131	11.8
628	-1.010494	0.000000	0.159965	0.000704	11.8
629	-1.010812	0.000000	0.159965	0.000860	11.8
630	-1.010543	0.000000	0.159965	0.000914	12.0
631	-1.010765	0.000000	0.159965	0.000773	12.0
632	-1.009284	0.000000	0.159965	0.000804	11.9
633	-1.011010	0.000000	0.159965	0.000631	11.9
634	-1.010393	0.000000	0.159965	0.000847	11.9
635	-1.011421	0.000000	0.159965	0.000914	12.0
636	-1.010864	0.000000	0.159965	0.001048	11.9
637	-1.010848	0.000000	0.159965	0.000920	11.8
638	-1.010548	0.000000	0.159965	0.000565	11.8
639	-1.010952	0.000000	0.159965	0.000876	11.8
640	-1.010640	0.000000	0.159965	0.000838	12.1
641	-1.010778	0.000000	0.159965	0.000676	12.0
642	-1.011076	0.000000	0.159965	0.000761	11.9
643	-1.010406	0.000000	0.159965	0.000903	11.9
644	-1.009962	0.000000	0.159965	0.000820	11.8
645	-1.010089	0.000000	0.159965	0.000917	11.9
646	-1.011038	0.000000	0.159965	0.000968	11.8
647	-1.010776	0.000000	0.159965	0.000787	11.8
648	-1.011171	0.000000	0.159965	0.000893	11.8
649	-1.010495	0.000000	0.159965	0.000756	12.2
650	-1.010374	0.000000	0.159965	0.000931	12.5
651	-1.010789	0.000000	0.159965	0.000789	12.2
652	-1.010596	0.000000	0.159965	0.000794	12.0
653	-1.010317	0.000000	0.159965	0.001098	12.0
654	-1.010774	0.000000	0.159965	0.000613	11.8
655	-1.009794	0.000000	0.159965	0.000853	11.9
656	-1.010263	0.000000	0.159965	0.000499	11.9
657	-1.010607	0.000000	0.159965	0.000785	11.9
658	-1.011662	0.000000	0.159965	0.000870	11.9
659	-1.010377	0.000000	0.159965	0.000849	11.8
660	-1.011105	0.000000	0.159965	0.000859	11.8
661	-1.010643	0.000000	0.159965	0.000831	11.8
662	-1.010361	0.000000	0.159965	0.000900	11.9
663	-1.010126	0.000000	0.159965	0.000897	12.2
664	-1.010646	0.000000	0.159965	0.000851	12.5
665	-1.010182	0.000000	0.159965	0.000677	11.9
666	-1.010447	0.000000	0.159965	0.000920	12.0
667	-1.011196	0.000000	0.159965	0.000768	11.9
668	-1.009842	0.000000	0.159965	0.000606	11.9
669	-1.010713	0.000000	0.159965	0.000562	11.7
670	-1.009835	0.000000	0.159965	0.000757	11.8
671	-1.010895	0.000000	0.159965	0.000738	11.9
672	-1.010973	0.000000	0.159965	0.000567	11.9
673	-1.011432	0.000000	0.159965	0.000663	11.8
674	-1.010785	0.000000	0.159965	0.000620	11.9
675	-1.009994	0.000000	0.159965	0.000726	11.9
676	-1.010941	0.000000	0.159965	0.000787	12.0
677	-1.010525	0.000000	0.159965	0.000693	12.2
678	-1.011160	0.000000	0.159965	0.000824	11.8
679	-1.011057	0.000000	0.159965	0.000865	12.0
680	-1.010744	0.000000	0.159965	0.000732	12.5
681	-1.011302	0.000000	0.159965	0.001079	12.6
682	-1.009933	0.000000	0.159965	0.000805	11.9
683	-1.012082	0.000000	0.159965	0.000892	12.0
684	-1.011081	0.000000	0.159965	0.000847	11.8
685	-1.010050	0.000000	0.159965	0.000834	11.8
686	-1.010688	0.000000	0.159965	0.000806	11.7
687	-1.011412	0.000000	0.159965	0.000932	12.0
688	-1.010797	0.000000	0.159965	0.000583	11.9
689	-1.010750	0.000000	0.159965	0.000813	11.8
690	-1.010356	0.000000	0.159965	0.001071	11.8
691	-1.010515	0.000000	0.159965	0.000947	12.1
692	-1.010837	0.000000	0.159965	0.000778	12.2
693	-1.009852	0.000000	0.159965	0.000873	12.0
694	-1.010341	0.000000	0.159965	0.000806	11.7
695	-1.010088	0.000000	0.159965	0.000917	12.1
696	-1.010138	0.000000	0.159965	0.000758	12.4
697	-1.011338	0.000000	0.159965	0.000762	12.2
698	-1.010336	0.000000	0.159965	0.000954	11.9
699	-1.010797	0.000000	0.159965	0.000988	11.9
700	-1.010696	0.000000	0.159965	0.000799	12.1
701	-1.009926	0.000000	0.159965	0.000560	11.9
702	-1.010787	0.000000	0.159965	0.001049	11.8
703	-1.010197	0.000000	0.159965	0.000694	12.0
704	-1.011910	0.000000	0.159965	0.000625	11.9
705	-1.010401	0.000000	0.159965	0.000820	11.9
706	-1.011038	0.000000	0.159965	0.000909	11.8
707	-1.011128	0.000000	0.159965	0.000875	11.8
708	-1.010500	0.000000	0.159965	0.000961	11.9
709	-1.011042	0.000000	0.159965	0.000713	11.8
710	-1.010470	0.000000	0.159965	0.000722	11.7
711	-1.011218	0.000000	0.159965	0.001082	12.0
712	-1.011179	0.000000	0.159965	0.000871	12.0
713	-1.010760	0.000000	0.159965	0.001025	11.8
714	-1.011216	0.000000	0.159965	0.000787	12.0
715	-1.010461	0.000000	0.159965	0.000940	12.1
716	-1.010943	0.000000	0.159965	0.000781	12.5
717	-1.010367	0.000000	0.159965	0.001158	12.3
718	-1.010178	0.000000	0.159965	0.000639	11.9
719	-1.010251	0.000000	0.159965	0.000626	12.0
720	-1.009843	0.000000	0.159965	0.000675	11.8
721	-1.011414	0.000000	0.159965	0.001018	11.9
722	-1.010379	0.000000	0.159965	0.000838	11.9
723	-1.010832	0.000000	0.159965	0.000601	11.8
724	-1.010286	0.000000	0.159965	0.000638	11.9
725	-1.010225	0.000000	0.159965	0.000651	12.1
726	-1.010450	0.000000	0.159965	0.000603	11.8
727	-1.010561	0.000000	0.159965	0.000753	11.9
728	-1.010683	0.000000	0.159965	0.000957	11.8
729	-1.011454	0.000000	0.159965	0.000749	11.8
730	-1.010201	0.000000	0.159965	0.000922	11.9
731	-1.009996	0.000000	0.159965	0.001384	11.9
732	-1.010426	0.000000	0.159965	0.001223	11.9
733	-1.009763	0.000000	0.159965	0.000694	12.0
734	-1.010577	0.000000	0.159965	0.000924	11.8
735	-1.010365	0.000000	0.159965	0.000595	12.0
736	-1.010832	0.000000	0.159965	0.000897	11.9
737	-1.010988	0.000000	0.159965	0.000748	12.1
738	-1.010568	0.000000	0.159965	0.000667	12.7
739	-1.010678	0.000000	0.159965	0.000812	11.9
740	-1.009947	0.000000	0.159965	0.000621	12.1
741	-1.010588	0.000000	0.159965	0.000700	12.0
742	-1.010621	0.000000	0.159965	0.000948	11.9
743	-1.010005	0.000000	0.159965	0.001176	11.8
744	-1.010368	0.000000	0.159965	0.000742	11.9
745	-1.009875	0.000000	0.159965	0.000815	12.0
746	-1.010708	0.000000	0.159965	0.000770	11.8
747	-1.009749	0.000000	0.159965	0.000792	12.2
748	-1.010781	0.000000	0.159965	0.000991	12.5
749	-1.010989	0.000000	0.159965	0.000788	11.9
750	-1.010243	0.000000	0.159965	0.000718	12.0
751	-1.011097	0.000000	0.159965	0.000718	11.9
752	-1.011246	0.000000	0.159965	0.000771	11.8
753	-1.010210	0.000000	0.159965	0.000919	12.3
754	-1.010198	0.000000	0.159965	0.000655	12.2
755	-1.010067	0.000000	0.159965	0.000592	12.2
756	-1.010723	0.000000	0.159965	0.000706	12.1
757	-1.010904	0.000000	0.159965	0.000822	11.9
758	-1.010060	0.000000	0.159965	0.000743	11.9
759	-1.010137	0.000000	0.159965	0.000883	12.0
760	-1.010866	0.000000	0.159965	0.000797	11.9
761	-1.011022	0.000000	0.159965	0.000940	11.9
762	-1.010528	0.000000	0.159965	0.000724	11.9
763	-1.010006	0.000000	0.159965	0.000677	11.8
764	-1.009795	0.000000	0.159965	0.000727	11.9
765	-1.010843	0.000000	0.159965	0.000510	11.9
766	-1.010634	0.000000	0.159965	0.000838	12.0
767	-1.011069	0.000000	0.159965	0.000754	11.8
768	-1.011797	0.000000	0.159965	0.001037	11.9
769	-1.010996	0.000000	0.159965	0.000717	11.9
770	-1.010849	0.000000	0.159965	0.000814	12.0
771	-1.011380	0.000000	0.159965	0.001074	12.0
772	-1.010674	0.000000	0.159965	0.000601	11.9
773	-1.010270	0.000000	0.159965	0.000800	11.9
774	-1.011356	0.000000	0.159965	0.000758	12.0
775	-1.010337	0.000000	0.159965	0.000897	11.9
776	-1.010228	0.000000	0.159965	0.000651	11.8
777	-1.010362	0.000000	0.159965	0.001233	11.9
778	-1.010856	0.000000	0.159965	0.000822	11.8
779	-1.010827	0.000000	0.159965	0.000786	11.9
780	-1.010334	0.000000	0.159965	0.000815	11.8
781	-1.010914	0.000000	0.159965	0.000939	11.8
782	-1.010345	0.000000	0.159965	0.001016	11.8
783	-1.010542	0.000000	0.159965	0.000657	12.0
784	-1.010607	0.000000	0.159965	0.000891	11.9
785	-1.010218	0.000000	0.159965	0.000742	11.9
786	-1.011119	0.000000	0.159965	0.000671	11.8
787	-1.010192	0.000000	0.159965	0.001080	12.2
788	-1.010614	0.000000	0.159965	0.000760	12.2
789	-1.011286	0.000000	0.159965	0.000725	12.1
790	-1.010678	0.000000	0.159965	0.000889	11.9
791	-1.010829	0.000000	0.159965	0.000626	12.0
792	-1.010577	0.000000	0.159965	0.000803	12.0
793	-1.010020	0.000000	0.159965	0.000723	11.9
794	-1.010821	0.000000	0.159965	0.000723	11.9
795	-1.010237	0.000000	0.159965	0.000914	11.8
796	-1.010512	0.000000	0.159965	0.001010	12.0
797	-1.010632	0.000000	0.159965	0.000850	11.9
798	-1.009631	0.000000	0.159965	0.000532	12.0
799	-1.010404	0.000000	0.159965	0.000889	12.1
800	-1.010398	0.000000	0.159965	0.000670	12.0
801	-1.011004	0.000000	0.159965	0.000821	11.9
802	-1.010125	0.000000	0.159965	0.000703	12.1
803	-1.010061	0.000000	0.159965	0.000989	11.9
804	-1.011163	0.000000	0.159965	0.000646	11.9
805	-1.009889	0.000000	0.159965	0.000821	11.8
806	-1.010929	0.000000	0.159965	0.001142	11.8
807	-1.010900	0.000000	0.159965	0.000965	11.9
808	-1.010597	0.000000	0.159965	0.000762	11.9
809	-1.011056	0.000000	0.159965	0.000829	11.9
810	-1.010644	0.000000	0.159965	0.000877	11.9
811	-1.010473	0.000000	0.159965	0.000687	11.8
812	-1.010837	0.000000	0.159965	0.000763	11.8
813	-1.010735	0.000000	0.159965	0.001014	11.8
814	-1.010373	0.000000	0.159965	0.000632	11.8
815	-1.011031	0.000000	0.159965	0.000813	11.8
816	-1.009281	0.000000	0.159965	0.000823	11.8
817	-1.010081	0.000000	0.159965	0.001089	11.8
818	-1.009427	0.000000	0.159965	0.000893	11.9
819	-1.010968	0.000000	0.159965	0.001236	11.9
820	-1.009810	0.000000	0.159965	0.000907	11.9
821	-1.010147	0.000000	0.159965	0.000899	12.0
822	-1.010585	0.000000	0.159965	0.000921	11.7
823	-1.011124	0.000000	0.159965	0.000952	11.8
824	-1.010697	0.000000	0.159965	0.000822	12.2
825	-1.010656	0.000000	0.159965	0.001098	12.0
826	-1.010874	0.000000	0.159965	0.000790	11.8
827	-1.010976	0.000000	0.159965	0.000679	11.9
828	-1.010789	0.000000	0.159965	0.000736	12.0
829	-1.010321	0.000000	0.159965	0.000846	11.8
830	-1.010460	0.000000	0.159965	0.000453	11.8
831	-1.010293	0.000000	0.159965	0.000645	11.9
832	-1.010816	0.000000	0.159965	0.000879	11.8
833	-1.010068	0.000000	0.159965	0.000960	11.8
834	-1.011024	0.000000	0.159965	0.000860	11.8
835	-1.010377	0.000000	0.159965	0.000905	11.8
836	-1.010082	0.000000	0.159965	0.000885	11.8
837	-1.010312	0.000000	0.159965	0.000867	11.9
838	-1.010295	0.000000	0.159965	0.001063	12.1
839	-1.010774	0.000000	0.159965	0.000614	11.9
840	-1.010818	0.000000	0.159965	0.000695	12.0
841	-1.010254	0.000000	0.159965	0.000914	11.9
842	-1.011720	0.000000	0.159965	0.000807	11.8
843	-1.011231	0.000000	0.159965	0.000746	11.8
844	-1.010886	0.000000	0.159965	0.000787	11.9
845	-1.009729	0.000000	0.159965	0.000823	12.1
846	-1.010744	0.000000	0.159965	0.000891	11.9
847	-1.010725	0.000000	0.159965	0.000761	11.8
848	-1.010010	0.000000	0.159965	0.000829	11.9
849	-1.011333	0.000000	0.159965	0.000746	11.8
850	-1.009658	0.000000	0.159965	0.000731	11.9
851	-1.010943	0.000000	0.159965	0.000783	11.8
852	-1.011104	0.000000	0.159965	0.000843	11.8
853	-1.010787	0.000000	0.159965	0.000987	11.8
854	-1.011260	0.000000	0.159965	0.000896	12.1
855	-1.011459	0.000000	0.159965	0.000673	12.3
856	-1.010026	0.000000	0.159965	0.000931	12.2
857	-1.009768	0.000000	0.159965	0.000971	12.0
858	-1.010665	0.000000	0.159965	0.000646	11.9
859	-1.010674	0.000000	0.159965	0.000810	12.0
860	-1.010220	0.000000	0.159965	0.000975	11.9
861	-1.011001	0.000000	0.159965	0.000743	12.1
862	-1.010049	0.000000	0.159965	0.000795	11.9
863	-1.010431	0.000000	0.159965	0.000802	11.8
864	-1.010400	0.000000	0.159965	0.000771	11.7
865	-1.011019	0.000000	0.159965	0.001194	11.8
866	-1.010688	0.000000	0.159965	0.000893	11.9
867	-1.011088	0.000000	0.159965	0.000721	11.8
868	-1.011711	0.000000	0.159965	0.000637	11.8
869	-1.010395	0.000000	0.159965	0.000789	11.9
870	-1.011559	0.000000	0.159965	0.000767	11.9
871	-1.011581	0.000000	0.159965	0.000849	25.9
872	-1.010261	0.000000	0.159965	0.000812	25.8
873	-1.010505	0.000000	0.159965	0.000685	21.4
874	-1.010791	0.000000	0.159965	0.000783	12.8
875	-1.011338	0.000000	0.159965	0.000845	11.9
876	-1.009945	0.000000	0.159965	0.000790	12.0
877	-1.009989	0.000000	0.159965	0.000662	12.1
878	-1.010123	0.000000	0.159965	0.001025	12.0
879	-1.010532	0.000000	0.159965	0.000628	12.0
880	-1.010452	0.000000	0.159965	0.000930	12.1
881	-1.010546	0.000000	0.159965	0.000724	11.8
882	-1.009799	0.000000	0.159965	0.000661	12.0
883	-1.010679	0.000000	0.159965	0.000800	14.7
884	-1.011062	0.000000	0.159965	0.000848	12.1
885	-1.010512	0.000000	0.159965	0.000810	12.0
886	-1.010965	0.000000	0.159965	0.000551	12.0
887	-1.011379	0.000000	0.159965	0.001266	12.1
888	-1.010629	0.000000	0.159965	0.000584	12.5
889	-1.010530	0.000000	0.159965	0.000961	12.0
890	-1.010201	0.000000	0.159965	0.000654	11.8
891	-1.011962	0.000000	0.159965	0.000876	11.8
892	-1.010360	0.000000	0.159965	0.000890	12.1
893	-1.010471	0.000000	0.159965	0.000981	11.9
894	-1.010318	0.000000	0.159965	0.000760	11.8
895	-1.011274	0.000000	0.159965	0.000641	11.8
896	-1.010496	0.000000	0.159965	0.001013	11.8
897	-1.011055	0.000000	0.159965	0.000917	12.5
898	-1.011007	0.000000	0.159965	0.000751	12.0
899	-1.010856	0.000000	0.159965	0.000977	11.8
900	-1.010438	0.000000	0.159965	0.000944	11.8
901	-1.010877	0.000000	0.159965	0.000709	12.3
902	-1.010268	0.000000	0.159965	0.001009	12.1
903	-1.010891	0.000000	0.159965	0.000912	11.9
904	-1.011373	0.000000	0.159965	0.000804	12.3
905	-1.010677	0.000000	0.159965	0.000902	12.2
906	-1.010636	0.000000	0.159965	0.000782	12.8
907	-1.009688	0.000000	0.159965	0.000883	12.2
908	-1.010010	0.000000	0.159965	0.001004	11.8
909	-1.010660	0.000000	0.159965	0.000803	11.9
910	-1.010247	0.000000	0.159965	0.000877	12.2
911	-1.010587	0.000000	0.159965	0.000871	11.8
912	-1.010610	0.000000	0.159965	0.000915	12.2
913	-1.010538	0.000000	0.159965	0.000940	11.8
914	-1.009882	0.000000	0.159965	0.000640	11.9
915	-1.010152	0.000000	0.159965	0.000686	11.9
916	-1.010941	0.000000	0.159965	0.000821	11.8
917	-1.011100	0.000000	0.159965	0.000809	12.0
918	-1.009945	0.000000	0.159965	0.000752	11.8
919	-1.010556	0.000000	0.159965	0.000790	11.9
920	-1.009820	0.000000	0.159965	0.000687	11.9
921	-1.009683	0.000000	0.159965	0.000897	12.3
922	-1.011361	0.000000	0.159965	0.000719	12.7
923	-1.010429	0.000000	0.159965	0.001062	13.0
924	-1.010971	0.000000	0.159965	0.001142	11.8
925	-1.010398	0.000000	0.159965	0.000750	11.9
926	-1.010244	0.000000	0.159965	0.000483	12.0
927	-1.010274	0.000000	0.159965	0.000618	12.0
928	-1.011025	0.000000	0.159965	0.000898	11.8
929	-1.010804	0.000000	0.159965	0.000851	11.9
930	-1.010369	0.000000	0.159965	0.000707	11.8
931	-1.010922	0.000000	0.159965	0.000765	11.8
932	-1.011343	0.000000	0.159965	0.000773	11.8
933	-1.011020	0.000000	0.159965	0.000715	11.9
934	-1.011333	0.000000	0.159965	0.000946	29.1
935	-1.010305	0.000000	0.159965	0.000752	18.4
936	-1.010556	0.000000	0.159965	0.000803	18.4
937	-1.010217	0.000000	0.159965	0.000793	12.6
938	-1.010887	0.000000	0.159965	0.000670	11.8
939	-1.010013	0.000000	0.159965	0.000890	11.8
940	-1.011370	0.000000	0.159965	0.000850	12.0
941	-1.011079	0.000000	0.159965	0.000796	12.1
942	-1.009751	0.000000	0.159965	0.000864	11.9
943	-1.011351	0.000000	0.159965	0.000755	11.9
944	-1.010192	0.000000	0.159965	0.000832	11.9
945	-1.010802	0.000000	0.159965	0.000958	11.7
946	-1.010356	0.000000	0.159965	0.001124	11.9
947	-1.010267	0.000000	0.159965	0.000774	11.8
948	-1.009677	0.000000	0.159965	0.000635	11.8
949	-1.010797	0.000000	0.159965	0.000849	11.8
950	-1.010259	0.000000	0.159965	0.000682	11.8
951	-1.011392	0.000000	0.159965	0.000733	11.9
952	-1.011103	0.000000	0.159965	0.000847	11.8
953	-1.010047	0.000000	0.159965	0.000759	11.9
954	-1.011289	0.000000	0.159965	0.000785	11.8
955	-1.009904	0.000000	0.159965	0.000541	11.8
956	-1.011148	0.000000	0.159965	0.001049	11.8
957	-1.011312	0.000000	0.159965	0.000965	11.9
958	-1.009705	0.000000	0.159965	0.000634	11.8
959	-1.010556	0.000000	0.159965	0.000801	12.0
960	-1.010616	0.000000	0.159965	0.000911	12.0
961	-1.010962	0.000000	0.159965	0.000862	11.9
962	-1.010680	0.000000	0.159965	0.000941	11.8
963	-1.010358	0.000000	0.159965	0.000543	12.0
964	-1.010061	0.000000	0.159965	0.000807	11.8
965	-1.010494	0.000000	0.159965	0.000635	12.3
966	-1.010898	0.000000	0.159965	0.000778	12.3
967	-1.011018	0.000000	0.159965	0.000801	12.6
968	-1.010281	0.000000	0.159965	0.000758	13.3
969	-1.010521	0.000000	0.159965	0.000799	12.4
970	-1.010758	0.000000	0.159965	0.001026	11.9
971	-1.011066	0.000000	0.159965	0.000891	12.0
972	-1.010326	0.000000	0.159965	0.000685	11.8
973	-1.010305	0.000000	0.159965	0.000585	11.8
974	-1.010473	0.000000	0.159965	0.000798	11.8
975	-1.010991	0.000000	0.159965	0.000590	12.3
976	-1.010292	0.000000	0.159965	0.000843	11.8
977	-1.011580	0.000000	0.159965	0.000838	12.0
978	-1.010020	0.000000	0.159965	0.000825	12.3
979	-1.011345	0.000000	0.159965	0.000913	12.0
980	-1.010700	0.000000	0.159965	0.000815	11.9
981	-1.010366	0.000000	0.159965	0.000693	11.8
982	-1.010328	0.000000	0.159965	0.000980	11.9
983	-1.010353	0.000000	0.159965	0.000710	11.8
984	-1.010290	0.000000	0.159965	0.000540	11.8
985	-1.010553	0.000000	0.159965	0.001013	12.2
986	-1.010549	0.000000	0.159965	0.000754	11.9
987	-1.010820	0.000000	0.159965	0.000848	12.2
988	-1.010621	0.000000	0.159965	0.000811	11.8
989	-1.010459	0.000000	0.159965	0.000814	11.8
990	-1.010425	0.000000	0.159965	0.000607	11.7
991	-1.010267	0.000000	0.159965	0.000910	11.8
992	-1.010544	0.000000	0.159965	0.000841	11.7
993	-1.010739	0.000000	0.159965	0.000772	12.0
994	-1.010509	0.000000	0.159965	0.000766	11.9
995	-1.009937	0.000000	0.159965	0.000788	11.9
996	-1.010977	0.000000	0.159965	0.000834	11.9
997	-1.010789	0.000000	0.159965	0.000395	11.9
998	-1.011289	0.000000	0.159965	0.001348	12.1
999	-1.011004	0.000000	0.159965	0.000902	12.2
