1:ItNr	2:Metric	3a:Time	3b:StepSize	4:||Gradient||	Time[ms]
0	-0.032675	0.000000	0.159965	0.003235	546.5
1	-0.030880	0.000000	0.159965	0.003131	3.6
2	-0.029812	1.000000	0.155547	0.002059	3.5
3	-0.031934	0.200000	0.159054	0.002798	3.6
4	-0.033423	0.000000	0.159965	0.004114	3.9
5	-0.029800	0.000000	0.159965	0.003618	3.9
6	-0.031959	0.000000	0.159965	0.002697	4.3
7	-0.030823	1.000000	0.155547	0.006502	4.4
8	-0.034091	2.000000	0.151440	0.003276	4.9
9	-0.030478	1.200000	0.154702	0.004773	4.9
10	-0.033780	0.400000	0.158158	0.003060	5.7
11	-0.029928	0.000000	0.159965	0.004370	5.9
12	-0.030338	0.000000	0.159965	0.004748	5.7
13	-0.029403	0.000000	0.159965	0.006601	5.8
14	-0.030973	1.000000	0.155547	0.006211	5.8
15	-0.031266	2.000000	0.151440	0.004114	5.8
16	-0.030358	1.200000	0.154702	0.003655	5.9
17	-0.035469	0.400000	0.158158	0.003825	6.0
18	-0.033613	0.000000	0.159965	0.004848	5.8
19	-0.030196	0.000000	0.159965	0.004067	5.1
20	-0.031237	0.000000	0.159965	0.007738	5.5
21	-0.031622	0.000000	0.159965	0.002957	6.3
22	-0.032365	0.000000	0.159965	0.002197	5.7
23	-0.032231	0.000000	0.159965	0.002747	5.2
24	-0.032227	0.000000	0.159965	0.002097	5.8
25	-0.032579	0.000000	0.159965	0.002990	5.9
26	-0.029637	0.000000	0.159965	0.002709	6.0
27	-0.030796	0.000000	0.159965	0.003748	5.3
28	-0.031242	0.000000	0.159965	0.003790	5.3
29	-0.031102	0.000000	0.159965	0.003605	5.7
30	-0.033061	0.000000	0.159965	0.005792	4.8
31	-0.029675	0.000000	0.159965	0.006002	6.0
32	-0.032325	0.000000	0.159965	0.002829	6.0
33	-0.030719	0.000000	0.159965	0.002694	4.8
34	-0.032274	0.000000	0.159965	0.005134	4.9
35	-0.031677	0.000000	0.159965	0.003112	5.9
36	-0.028528	1.000000	0.155547	0.002809	5.7
37	-0.032731	0.200000	0.159054	0.006876	6.2
38	-0.030505	0.000000	0.159965	0.004941	5.4
39	-0.030855	0.000000	0.159965	0.002887	5.1
40	-0.030793	0.000000	0.159965	0.002997	5.9
41	-0.031371	0.000000	0.159965	0.001815	4.9
42	-0.029943	0.000000	0.159965	0.004430	5.0
43	-0.031487	0.000000	0.159965	0.003756	5.2
44	-0.029568	1.000000	0.155547	0.005123	5.8
45	-0.030457	0.200000	0.159054	0.003251	5.9
46	-0.030202	1.200000	0.154702	0.004763	5.5
47	-0.031063	0.400000	0.158158	0.003114	5.4
48	-0.028216	0.000000	0.159965	0.002260	5.2
49	-0.029777	0.000000	0.159965	0.003497	4.9
50	-0.029578	0.000000	0.159965	0.003369	5.9
51	-0.030873	0.000000	0.159965	0.002241	5.8
52	-0.030599	0.000000	0.159965	0.001948	5.8
53	-0.032480	0.000000	0.159965	0.002043	5.6
54	-0.034235	0.000000	0.159965	0.004887	5.8
55	-0.030532	0.000000	0.159965	0.003831	5.6
56	-0.030141	0.000000	0.159965	0.004371	5.6
57	-0.034585	1.000000	0.155547	0.003636	5.9
58	-0.030999	2.000000	0.151440	0.004201	5.8
59	-0.033782	1.200000	0.154702	0.004249	5.3
60	-0.033316	0.400000	0.158158	0.004717	5.8
61	-0.033412	0.000000	0.159965	0.005418	5.9
62	-0.032634	0.000000	0.159965	0.002406	5.3
63	-0.032476	0.000000	0.159965	0.003587	5.7
64	-0.030572	0.000000	0.159965	0.003480	6.0
65	-0.031073	0.000000	0.159965	0.004324	5.7
66	-0.031253	0.000000	0.159965	0.001850	5.6
67	-0.030572	0.000000	0.159965	0.005774	5.6
68	-0.031295	0.000000	0.159965	0.003184	5.9
69	-0.031473	0.000000	0.159965	0.003933	4.8
70	-0.031358	1.000000	0.155547	0.004922	6.1
71	-0.031132	0.200000	0.159054	0.003967	6.0
72	-0.034275	1.200000	0.154702	0.005074	6.0
73	-0.031409	0.400000	0.158158	0.003004	6.1
74	-0.027380	1.400000	0.153869	0.004955	6.0
75	-0.031334	2.400000	0.149876	0.001343	6.0
76	-0.029892	1.600000	0.153048	0.004447	6.0
77	-0.031624	0.800000	0.156404	0.006599	5.8
78	-0.029825	0.000000	0.159965	0.003121	4.9
79	-0.031505	0.000000	0.159965	0.002575	5.0
80	-0.033492	0.000000	0.159965	0.005205	5.9
81	-0.029677	0.000000	0.159965	0.004522	6.0
82	-0.028148	0.000000	0.159965	0.003129	6.1
83	-0.029618	0.000000	0.159965	0.003947	5.9
84	-0.030104	0.000000	0.159965	0.002112	5.2
85	-0.030069	0.000000	0.159965	0.003991	6.0
86	-0.027879	1.000000	0.155547	0.002442	6.1
87	-0.030512	2.000000	0.151440	0.002904	6.1
88	-0.031802	1.200000	0.154702	0.004900	6.1
89	-0.030035	0.400000	0.158158	0.004887	6.1
90	-0.030461	0.000000	0.159965	0.007614	6.4
91	-0.034137	0.000000	0.159965	0.004638	6.3
92	-0.033202	0.000000	0.159965	0.003283	6.1
93	-0.031951	1.000000	0.155547	0.004390	6.4
94	-0.029789	2.000000	0.151440	0.003081	6.2
95	-0.030724	1.200000	0.154702	0.002971	6.2
96	-0.032657	0.400000	0.158158	0.006584	6.2
97	-0.031045	0.000000	0.159965	0.004248	5.5
98	-0.030571	0.000000	0.159965	0.004947	4.9
99	-0.034521	0.000000	0.159965	0.008080	5.2
100	-0.031236	0.000000	0.159965	0.003131	5.3
101	-0.031813	0.000000	0.159965	0.003370	6.0
102	-0.032292	0.000000	0.159965	0.005906	5.1
103	-0.033223	0.000000	0.159965	0.006253	5.2
104	-0.029280	0.000000	0.159965	0.003778	6.6
105	-0.030466	0.000000	0.159965	0.002252	5.3
106	-0.031959	1.000000	0.155547	0.003277	5.2
107	-0.031357	2.000000	0.151440	0.006377	5.2
108	-0.032131	1.200000	0.154702	0.004020	5.6
109	-0.028699	2.200000	0.150652	0.005060	5.4
110	-0.031987	1.400000	0.153869	0.005708	4.7
111	-0.029841	0.600000	0.157275	0.003232	4.7
112	-0.035094	0.000000	0.159965	0.003643	4.9
113	-0.032390	0.000000	0.159965	0.002107	5.4
114	-0.031071	0.000000	0.159965	0.003639	5.3
115	-0.030184	0.000000	0.159965	0.005193	5.0
116	-0.030173	0.000000	0.159965	0.005049	5.2
117	-0.033312	0.000000	0.159965	0.002657	5.7
118	-0.033950	0.000000	0.159965	0.005484	4.8
119	-0.031240	0.000000	0.159965	0.002833	4.8
120	-0.035528	0.000000	0.159965	0.001813	4.8
121	-0.031640	0.000000	0.159965	0.003590	5.4
122	-0.033929	1.000000	0.155547	0.005666	5.8
123	-0.028821	0.200000	0.159054	0.004808	6.0
124	-0.031366	0.000000	0.159965	0.005622	5.9
125	-0.030285	0.000000	0.159965	0.006550	5.5
126	-0.031909	0.000000	0.159965	0.004889	5.7
127	-0.030902	1.000000	0.155547	0.004511	4.8
128	-0.031057	0.200000	0.159054	0.003171	4.9
129	-0.034300	0.000000	0.159965	0.005004	4.7
130	-0.030585	0.000000	0.159965	0.004294	4.6
131	-0.032879	0.000000	0.159965	0.002061	4.7
132	-0.030852	1.000000	0.155547	0.004210	4.7
133	-0.030208	0.200000	0.159054	0.004463	4.7
134	-0.029312	0.000000	0.159965	0.003818	4.5
135	-0.029346	0.000000	0.159965	0.005016	4.5
136	-0.032174	0.000000	0.159965	0.003326	5.0
137	-0.032073	0.000000	0.159965	0.006582	4.4
138	-0.028904	0.000000	0.159965	0.002319	5.6
139	-0.034749	0.000000	0.159965	0.003269	5.7
140	-0.029269	0.000000	0.159965	0.002450	5.4
141	-0.033816	1.000000	0.155547	0.006416	5.8
142	-0.030101	2.000000	0.151440	0.005747	6.0
143	-0.033284	1.200000	0.154702	0.004994	6.1
144	-0.028827	0.400000	0.158158	0.002988	5.9
145	-0.031171	0.000000	0.159965	0.001618	6.0
146	-0.030397	0.000000	0.159965	0.003301	5.9
147	-0.028996	0.000000	0.159965	0.003808	5.5
148	-0.032934	0.000000	0.159965	0.002794	5.7
149	-0.032758	0.000000	0.159965	0.002084	6.0
150	-0.033441	0.000000	0.159965	0.002767	6.3
151	-0.033489	0.000000	0.159965	0.003677	6.2
152	-0.031434	0.000000	0.159965	0.004002	6.2
153	-0.031152	0.000000	0.159965	0.002554	5.7
154	-0.026768	1.000000	0.155547	0.002273	5.8
155	-0.034961	2.000000	0.151440	0.007184	5.8
156	-0.029161	3.000000	0.147609	0.001746	5.0
157	-0.031345	2.200000	0.150652	0.002354	4.3
158	-0.027800	1.400000	0.153869	0.003602	4.1
159	-0.030420	0.600000	0.157275	0.004865	5.3
160	-0.028466	0.000000	0.159965	0.003483	5.5
161	-0.032077	0.000000	0.159965	0.001575	5.6
162	-0.030768	0.000000	0.159965	0.002556	5.5
163	-0.030349	0.000000	0.159965	0.004133	5.5
164	-0.030005	0.999995	0.155547	0.005225	5.2
165	-0.030197	0.199995	0.159054	0.002359	5.2
166	-0.033035	0.000000	0.159965	0.004522	4.7
167	-0.033583	1.000000	0.155547	0.008112	4.7
168	-0.034034	2.000000	0.151440	0.003668	4.5
169	-0.031450	1.200000	0.154702	0.004648	4.6
170	-0.031672	0.400000	0.158158	0.003365	4.9
171	-0.032755	0.000000	0.159965	0.006055	4.1
172	-0.031589	0.000000	0.159965	0.002526	4.4
173	-0.030715	0.000000	0.159965	0.001581	4.6
174	-0.030802	0.000000	0.159965	0.006057	5.3
175	-0.032729	0.000000	0.159965	0.003380	4.5
176	-0.032194	0.000000	0.159965	0.006413	4.4
177	-0.030012	0.000000	0.159965	0.003092	4.4
178	-0.031662	0.000000	0.159965	0.003168	4.6
179	-0.030358	0.000000	0.159965	0.002256	4.4
180	-0.030568	1.000000	0.155547	0.003431	4.6
181	-0.031822	2.000000	0.151440	0.003910	4.4
182	-0.029505	1.200000	0.154702	0.002933	5.6
183	-0.030849	0.400000	0.158158	0.001792	5.5
184	-0.031304	0.000000	0.159965	0.005758	5.8
185	-0.029667	0.000000	0.159965	0.003009	4.9
186	-0.033903	1.000000	0.155547	0.002479	5.1
187	-0.032176	0.200000	0.159054	0.000970	5.8
188	-0.029103	0.000000	0.159965	0.002417	5.8
189	-0.029753	0.000000	0.159965	0.004869	5.7
190	-0.030168	0.000000	0.159965	0.004286	5.1
191	-0.032371	0.000000	0.159965	0.002383	4.9
192	-0.030554	1.000000	0.155547	0.003221	4.7
193	-0.031408	2.000000	0.151440	0.002973	5.7
194	-0.032231	1.200000	0.154702	0.002856	5.4
195	-0.031777	2.200000	0.150652	0.005429	5.4
196	-0.033027	3.200000	0.146873	0.003696	5.5
197	-0.029662	2.400000	0.149876	0.002399	4.9
198	-0.029467	1.600000	0.153048	0.003745	5.1
199	-0.030189	0.800000	0.156404	0.003298	6.0
200	-0.030887	0.000000	0.159965	0.004062	5.7
201	-0.028853	0.000000	0.159965	0.004774	6.0
202	-0.030904	0.000000	0.159965	0.004153	6.1
203	-0.031004	0.000000	0.159965	0.003876	6.0
204	-0.033969	0.000000	0.159965	0.003283	5.6
205	-0.034620	0.000000	0.159965	0.002452	5.2
206	-0.030514	1.000000	0.155547	0.003403	4.7
207	-0.031882	0.200000	0.159054	0.003721	5.3
208	-0.032562	0.000000	0.159965	0.005378	5.9
209	-0.031879	0.000000	0.159965	0.002776	5.9
210	-0.033556	0.000000	0.159965	0.001792	5.9
211	-0.033723	0.000000	0.159965	0.004247	5.8
212	-0.029674	1.000000	0.155547	0.002782	5.9
213	-0.030751	0.200000	0.159054	0.002070	5.9
214	-0.031579	0.000000	0.159965	0.003116	6.0
215	-0.031387	0.000000	0.159965	0.002188	5.1
216	-0.028908	0.000000	0.159965	0.003614	4.8
217	-0.034626	0.000000	0.159965	0.001970	5.3
218	-0.029486	0.000000	0.159965	0.004610	5.2
219	-0.029938	0.000000	0.159965	0.003905	5.7
220	-0.030465	0.000000	0.159965	0.005332	5.6
221	-0.033299	0.000000	0.159965	0.008111	5.4
222	-0.034083	0.000000	0.159965	0.001708	5.3
223	-0.031550	1.000000	0.155547	0.004837	5.7
224	-0.029899	0.200000	0.159054	0.001013	5.7
225	-0.033721	0.000000	0.159965	0.005727	5.6
226	-0.035125	1.000000	0.155547	0.005373	5.0
227	-0.032081	0.200000	0.159054	0.002317	5.0
228	-0.031197	0.000000	0.159965	0.004529	5.7
229	-0.031007	0.000000	0.159965	0.005359	4.6
230	-0.030253	0.000000	0.159965	0.002805	4.7
231	-0.034660	0.000000	0.159965	0.003217	4.5
232	-0.033076	0.000000	0.159965	0.003946	4.8
233	-0.032874	0.000000	0.159965	0.004500	5.7
234	-0.029433	0.000000	0.159965	0.004957	5.7
235	-0.033757	0.000000	0.159965	0.002112	5.0
236	-0.029595	0.000000	0.159965	0.003428	4.6
237	-0.031377	0.000000	0.159965	0.005825	4.7
238	-0.034055	0.000000	0.159965	0.006665	5.5
239	-0.030222	0.000000	0.159965	0.001802	5.8
240	-0.031262	0.000000	0.159965	0.002443	5.6
241	-0.030465	0.000000	0.159965	0.003959	4.9
242	-0.033594	0.000000	0.159965	0.001230	5.9
243	-0.030861	1.000000	0.155547	0.003929	5.8
244	-0.029001	2.000000	0.151440	0.002138	5.9
245	-0.030184	1.200000	0.154702	0.003072	5.8
246	-0.030614	0.400000	0.158158	0.004516	5.7
247	-0.033285	0.000000	0.159965	0.008071	5.8
248	-0.030507	0.000000	0.159965	0.004575	5.6
249	-0.032120	0.000000	0.159965	0.001295	5.7
250	-0.030022	0.000000	0.159965	0.004528	5.8
251	-0.031030	0.000000	0.159965	0.001767	5.2
252	-0.032240	0.000000	0.159965	0.003579	5.9
253	-0.033337	0.000000	0.159965	0.003301	6.1
254	-0.030559	0.000000	0.159965	0.002625	5.9
255	-0.032574	0.000000	0.159965	0.008438	5.5
256	-0.031170	0.000000	0.159965	0.001689	4.7
257	-0.030121	1.000000	0.155547	0.004272	5.7
258	-0.028623	2.000000	0.151440	0.004179	5.8
259	-0.033818	1.200000	0.154702	0.003745	5.8
260	-0.028944	0.400000	0.158158	0.004991	5.7
261	-0.031500	0.000000	0.159965	0.004203	5.7
262	-0.033050	0.000000	0.159965	0.004661	5.0
263	-0.032458	0.000000	0.159965	0.004639	5.0
264	-0.033436	0.000000	0.159965	0.002791	4.7
265	-0.031225	0.000000	0.159965	0.003945	4.7
266	-0.030091	0.000000	0.159965	0.005752	5.4
267	-0.030071	0.000000	0.159965	0.003267	5.1
268	-0.031923	0.000000	0.159965	0.002033	5.9
269	-0.030460	0.000000	0.159965	0.007058	5.7
270	-0.032661	0.000000	0.159965	0.004777	5.7
271	-0.033207	0.000000	0.159965	0.002433	5.3
272	-0.033569	1.000000	0.155547	0.004120	6.0
273	-0.034498	2.000000	0.151440	0.002515	6.0
274	-0.032668	1.200000	0.154702	0.003470	5.4
275	-0.030933	0.400000	0.158158	0.001901	4.9
276	-0.032472	0.000000	0.159965	0.005380	5.4
277	-0.030266	0.000000	0.159965	0.002282	5.8
278	-0.030722	0.000000	0.159965	0.006070	5.3
279	-0.032458	0.000000	0.159965	0.003956	5.1
280	-0.029960	0.000000	0.159965	0.003249	5.7
281	-0.030143	1.000000	0.155547	0.003174	5.6
282	-0.031756	0.200000	0.159054	0.001836	5.8
283	-0.028906	1.200000	0.154702	0.002549	5.8
284	-0.031677	0.400000	0.158158	0.001368	5.5
285	-0.029221	0.000000	0.159965	0.003561	5.5
286	-0.031674	1.000000	0.155547	0.004047	6.0
287	-0.031208	0.200000	0.159054	0.004024	5.7
288	-0.030634	0.000000	0.159965	0.004786	5.5
289	-0.032938	0.000000	0.159965	0.004877	5.9
290	-0.030712	0.000000	0.159965	0.004667	4.8
291	-0.030493	0.000000	0.159965	0.003905	4.9
292	-0.029511	0.000000	0.159965	0.006616	4.8
293	-0.032440	1.000000	0.155547	0.002108	5.9
294	-0.031510	2.000000	0.151440	0.004179	5.9
295	-0.036550	1.200000	0.154702	0.005034	6.0
296	-0.033182	0.400000	0.158158	0.002344	5.1
297	-0.033746	0.000000	0.159965	0.003933	5.7
298	-0.029991	1.000000	0.155547	0.005890	5.6
299	-0.031217	0.200000	0.159054	0.003990	5.9
300	-0.029792	0.000000	0.159965	0.002883	5.4
301	-0.031606	0.000000	0.159965	0.006285	5.8
302	-0.033569	0.000000	0.159965	0.002371	4.7
303	-0.030439	0.000000	0.159965	0.005832	4.9
304	-0.033515	0.000000	0.159965	0.004475	5.9
305	-0.030066	1.000000	0.155547	0.002747	4.9
306	-0.030779	0.200000	0.159054	0.001922	4.8
307	-0.030000	0.000000	0.159965	0.001635	4.2
308	-0.030407	0.000000	0.159965	0.003447	4.3
309	-0.033161	0.000000	0.159965	0.003568	4.2
310	-0.030659	0.000000	0.159965	0.005391	4.2
311	-0.030737	0.000000	0.159965	0.004067	5.6
312	-0.033014	0.000000	0.159965	0.003606	5.6
313	-0.031200	0.000000	0.159965	0.002941	4.6
314	-0.030513	0.000000	0.159965	0.006349	4.6
315	-0.029048	0.000000	0.159965	0.002976	4.8
316	-0.032493	0.000000	0.159965	0.003428	5.7
317	-0.032539	1.000000	0.155547	0.005137	5.7
318	-0.031031	0.200000	0.159054	0.007787	4.6
319	-0.028861	0.000000	0.159965	0.002368	4.8
320	-0.034452	0.000000	0.159965	0.002474	4.9
321	-0.033043	0.000000	0.159965	0.002533	5.1
322	-0.033394	0.000000	0.159965	0.005490	4.7
323	-0.027798	0.000000	0.159965	0.004619	4.7
324	-0.029451	0.000000	0.159965	0.002598	4.6
325	-0.033028	1.000000	0.155547	0.002857	4.4
326	-0.030437	0.200000	0.159054	0.005568	4.3
327	-0.030708	0.000000	0.159965	0.005099	4.2
328	-0.031286	0.000000	0.159965	0.004170	4.3
329	-0.030748	0.000000	0.159965	0.006755	4.3
330	-0.032086	0.000000	0.159965	0.003078	5.7
331	-0.032475	0.000000	0.159965	0.004528	5.5
332	-0.030960	0.000000	0.159965	0.003600	5.5
333	-0.032790	1.000000	0.155547	0.004969	5.8
334	-0.033518	2.000000	0.151440	0.003536	5.4
335	-0.031445	1.200000	0.154702	0.001699	4.7
336	-0.030786	0.400000	0.158158	0.002666	4.8
337	-0.031858	0.000000	0.159965	0.003387	5.1
338	-0.031581	0.000000	0.159965	0.002759	5.0
339	-0.031227	0.000000	0.159965	0.004200	4.9
340	-0.030683	0.000000	0.159965	0.001913	4.5
341	-0.031705	0.000000	0.159965	0.003339	4.4
342	-0.032157	0.000000	0.159965	0.003804	4.6
343	-0.029766	0.000000	0.159965	0.004557	4.3
344	-0.028550	0.000000	0.159965	0.002713	4.2
345	-0.032666	0.000000	0.159965	0.008717	4.2
346	-0.028457	0.000000	0.159965	0.003064	4.1
347	-0.027283	0.000000	0.159965	0.004444	4.1
348	-0.033093	0.000000	0.159965	0.003491	4.2
349	-0.031485	0.000000	0.159965	0.005763	4.3
350	-0.029798	1.000000	0.155547	0.003230	4.2
351	-0.033417	0.200000	0.159054	0.003866	4.7
352	-0.033866	0.000000	0.159965	0.002876	4.2
353	-0.033400	0.000000	0.159965	0.002386	4.2
354	-0.033403	0.000000	0.159965	0.002428	4.3
355	-0.031937	1.000000	0.155547	0.003718	5.3
356	-0.030945	0.200000	0.159054	0.005349	4.2
357	-0.028673	0.000000	0.159965	0.001709	4.9
358	-0.030494	0.000000	0.159965	0.003467	5.5
359	-0.029825	0.000000	0.159965	0.002945	6.0
360	-0.032353	0.000000	0.159965	0.003361	5.0
361	-0.028835	1.000000	0.155547	0.002175	5.7
362	-0.030167	0.200000	0.159054	0.004222	6.1
363	-0.031947	1.200000	0.154702	0.003534	5.8
364	-0.033266	0.400000	0.158158	0.004048	5.6
365	-0.030583	0.000000	0.159965	0.002192	5.8
366	-0.031636	0.000000	0.159965	0.002294	5.2
367	-0.030769	1.000000	0.155547	0.003527	5.8
368	-0.029000	0.200000	0.159054	0.002571	5.5
369	-0.031435	0.000000	0.159965	0.002245	5.9
370	-0.030413	0.000000	0.159965	0.003930	5.8
371	-0.030138	0.000000	0.159965	0.006357	6.0
372	-0.026233	0.000000	0.159965	0.004539	6.0
373	-0.031295	0.000000	0.159965	0.002480	6.0
374	-0.033308	0.000000	0.159965	0.001585	6.3
375	-0.028745	1.000000	0.155547	0.005511	6.1
376	-0.031475	0.200000	0.159054	0.003183	6.2
377	-0.032715	0.000000	0.159965	0.003721	5.2
378	-0.033215	0.000000	0.159965	0.001431	5.0
379	-0.030888	1.000000	0.155547	0.003397	5.9
380	-0.032107	2.000000	0.151440	0.005224	5.9
381	-0.030049	1.200000	0.154702	0.003621	5.8
382	-0.033376	0.400000	0.158158	0.002906	5.6
383	-0.029094	0.000000	0.159965	0.003767	5.2
384	-0.032072	0.000000	0.159965	0.008679	5.9
385	-0.032059	0.000000	0.159965	0.002606	5.2
386	-0.029199	1.000000	0.155547	0.003855	5.0
387	-0.030666	2.000000	0.151440	0.003601	5.6
388	-0.028195	1.200000	0.154702	0.005546	5.6
389	-0.030219	0.400000	0.158158	0.002507	5.2
390	-0.030008	0.000000	0.159965	0.002967	4.5
391	-0.028378	0.000000	0.159965	0.002243	4.7
392	-0.030989	0.000000	0.159965	0.001673	5.6
393	-0.030127	0.000000	0.159965	0.001637	5.2
394	-0.032370	0.000000	0.159965	0.003937	5.8
395	-0.031286	0.000000	0.159965	0.003298	5.6
396	-0.032412	0.000000	0.159965	0.002678	5.9
397	-0.031889	0.000000	0.159965	0.003762	5.7
398	-0.032144	0.000000	0.159965	0.002186	5.2
399	-0.031951	0.000000	0.159965	0.003368	6.2
400	-0.029302	0.000000	0.159965	0.005030	5.4
401	-0.029180	0.000000	0.159965	0.001551	5.9
402	-0.030940	0.000000	0.159965	0.006539	5.6
403	-0.035449	0.000000	0.159965	0.003365	6.0
404	-0.032473	0.000000	0.159965	0.002720	6.0
405	-0.031366	0.000000	0.159965	0.004214	5.8
406	-0.028912	0.000000	0.159965	0.003696	4.7
407	-0.030698	0.000000	0.159965	0.004801	5.3
408	-0.033383	0.000000	0.159965	0.005029	5.0
409	-0.032887	0.000000	0.159965	0.003227	5.4
410	-0.030054	0.000000	0.159965	0.004537	5.0
411	-0.030160	0.000000	0.159965	0.004061	4.6
412	-0.031310	0.000000	0.159965	0.002996	5.1
413	-0.031704	1.000000	0.155547	0.003869	5.8
414	-0.030175	0.200000	0.159054	0.002855	5.7
415	-0.035429	0.000000	0.159965	0.004139	5.1
416	-0.034980	1.000000	0.155547	0.003040	5.5
417	-0.031030	0.200000	0.159054	0.003923	5.9
418	-0.031013	0.000000	0.159965	0.006130	5.5
419	-0.029484	0.000000	0.159965	0.004616	5.3
420	-0.031326	1.000000	0.155547	0.003766	5.1
421	-0.033524	2.000000	0.151440	0.003605	5.7
422	-0.030751	1.200000	0.154702	0.001809	5.8
423	-0.030511	0.400000	0.158158	0.003087	5.2
424	-0.032016	0.000000	0.159965	0.001598	5.8
425	-0.030339	0.000000	0.159965	0.002967	5.8
426	-0.030938	0.000000	0.159965	0.003885	5.3
427	-0.027119	1.000000	0.155547	0.003185	5.1
428	-0.030182	0.200000	0.159054	0.003539	4.8
429	-0.031104	0.000000	0.159965	0.005843	4.6
430	-0.032131	0.000000	0.159965	0.001431	4.8
431	-0.030063	1.000000	0.155547	0.005189	5.8
432	-0.029116	0.200000	0.159054	0.004364	5.7
433	-0.032766	0.000000	0.159965	0.004899	5.9
434	-0.030567	0.000000	0.159965	0.003354	6.0
435	-0.030064	0.000000	0.159965	0.002347	5.5
436	-0.033365	0.000000	0.159965	0.002169	5.7
437	-0.035384	1.000000	0.155547	0.003336	6.0
438	-0.031497	2.000000	0.151440	0.002327	5.9
439	-0.032483	3.000000	0.147609	0.006005	5.9
440	-0.033095	4.000000	0.144026	0.003255	6.0
441	-0.031674	3.200000	0.146873	0.004567	6.0
442	-0.035021	2.400000	0.149876	0.005463	5.8
443	-0.030780	1.600000	0.153048	0.003521	5.9
444	-0.031402	0.800000	0.156404	0.006210	5.9
445	-0.031358	0.000000	0.159965	0.003363	5.8
446	-0.029280	0.000000	0.159965	0.004075	5.5
447	-0.032317	1.000000	0.155547	0.004673	5.6
448	-0.033022	2.000000	0.151440	0.002726	5.8
449	-0.032367	1.200000	0.154702	0.001561	5.9
450	-0.032494	0.400000	0.158158	0.002760	5.8
451	-0.031040	0.000000	0.159965	0.002775	5.9
452	-0.031681	0.000000	0.159965	0.005202	5.8
453	-0.033120	0.000000	0.159965	0.003626	5.7
454	-0.033698	0.000000	0.159965	0.005024	6.1
455	-0.029565	0.000000	0.159965	0.004717	6.1
456	-0.030104	0.000000	0.159965	0.002088	6.3
457	-0.035638	0.000000	0.159965	0.003136	5.8
458	-0.031872	0.000000	0.159965	0.001964	6.0
459	-0.030972	0.000000	0.159965	0.004629	5.7
460	-0.034977	0.000000	0.159965	0.004281	6.1
461	-0.034207	0.000000	0.159965	0.005426	6.4
462	-0.030786	0.000000	0.159965	0.002349	6.1
463	-0.032536	0.000000	0.159965	0.004539	6.3
464	-0.032178	1.000000	0.155547	0.003444	6.3
465	-0.028342	0.200000	0.159054	0.001812	5.6
466	-0.032760	0.000000	0.159965	0.004501	5.3
467	-0.032530	0.000000	0.159965	0.003277	4.9
468	-0.028854	0.000000	0.159965	0.003617	4.7
469	-0.030744	0.000000	0.159965	0.001973	5.0
470	-0.033046	0.000000	0.159965	0.003740	5.2
471	-0.029625	1.000000	0.155547	0.002381	5.8
472	-0.032474	0.200000	0.159054	0.003857	5.0
473	-0.030010	0.000000	0.159965	0.004689	5.3
474	-0.034286	0.000000	0.159965	0.006183	5.5
475	-0.031706	0.000000	0.159965	0.003028	5.0
476	-0.030830	0.000000	0.159965	0.003988	6.1
477	-0.029143	0.000000	0.159965	0.002335	5.8
478	-0.033303	0.000000	0.159965	0.001560	5.7
479	-0.032472	1.000000	0.155547	0.004475	4.9
480	-0.028878	2.000000	0.151440	0.004928	5.6
481	-0.032242	1.200000	0.154702	0.004395	6.2
482	-0.031186	0.400000	0.158158	0.003404	6.3
483	-0.031469	0.000000	0.159965	0.003886	5.0
484	-0.033661	0.000000	0.159965	0.003316	6.1
485	-0.031181	0.000000	0.159965	0.005103	5.7
486	-0.031072	0.000000	0.159965	0.003628	6.0
487	-0.032890	0.000000	0.159965	0.002852	5.8
488	-0.033367	0.000000	0.159965	0.006866	5.4
489	-0.029258	0.000000	0.159965	0.003013	5.6
490	-0.032281	0.000000	0.159965	0.003486	5.8
491	-0.031263	0.000000	0.159965	0.003218	5.9
492	-0.033225	0.000000	0.159965	0.006228	6.2
493	-0.032349	0.000000	0.159965	0.007833	6.0
494	-0.031211	0.000000	0.159965	0.003623	5.8
495	-0.030184	0.000000	0.159965	0.002595	5.3
496	-0.032817	0.000000	0.159965	0.005864	5.9
497	-0.031446	0.000000	0.159965	0.003470	5.9
498	-0.031113	0.000000	0.159965	0.006699	6.5
499	-0.033970	0.000000	0.159965	0.001779	6.0
500	-0.031899	0.000000	0.159965	0.005083	5.9
501	-0.030812	0.000000	0.159965	0.003545	5.9
502	-0.030798	0.000000	0.159965	0.005354	5.8
503	-0.032190	0.000000	0.159965	0.003437	5.6
504	-0.034802	1.000000	0.155547	0.005296	5.8
505	-0.032007	0.200000	0.159054	0.003605	5.0
506	-0.032894	0.000000	0.159965	0.002878	6.0
507	-0.033418	1.000000	0.155547	0.004393	5.0
508	-0.034555	2.000000	0.151440	0.002041	4.9
509	-0.032206	1.200000	0.154702	0.003127	5.6
510	-0.033820	0.400000	0.158158	0.003025	4.6
511	-0.029486	0.000000	0.159965	0.002495	5.0
512	-0.033504	0.000000	0.159965	0.005211	6.1
513	-0.029501	1.000000	0.155547	0.002114	5.1
514	-0.030652	2.000000	0.151440	0.005685	4.6
515	-0.031802	1.200000	0.154702	0.003071	5.0
516	-0.029608	0.400000	0.158158	0.002969	5.5
517	-0.031407	0.000000	0.159965	0.001811	4.8
518	-0.029034	0.000000	0.159965	0.001609	5.6
519	-0.030200	0.000000	0.159965	0.004333	5.6
520	-0.026875	0.000000	0.159965	0.002891	6.0
521	-0.030952	0.000000	0.159965	0.004522	5.8
522	-0.029553	0.000000	0.159965	0.003167	6.3
523	-0.029427	0.000000	0.159965	0.002980	6.1
524	-0.032047	0.000000	0.159965	0.006753	4.6
525	-0.032770	0.000000	0.159965	0.003208	5.0
526	-0.029867	0.000000	0.159965	0.004988	5.2
527	-0.031428	0.000000	0.159965	0.004619	4.8
528	-0.028030	0.000000	0.159965	0.005908	5.3
529	-0.034689	0.000000	0.159965	0.002187	5.2
530	-0.031657	1.000000	0.155547	0.003947	5.7
531	-0.033498	0.781282	0.156485	0.006052	5.9
532	-0.029622	0.000000	0.159965	0.004236	6.0
533	-0.031996	0.000000	0.159965	0.006466	6.0
534	-0.029651	0.000000	0.159965	0.004310	5.5
535	-0.032184	0.000000	0.159965	0.003098	5.1
536	-0.031860	0.000000	0.159965	0.003548	4.7
537	-0.031146	1.000000	0.155547	0.003420	5.6
538	-0.027471	0.200000	0.159054	0.002985	5.4
539	-0.034201	1.200000	0.154702	0.007665	5.3
540	-0.031227	2.200000	0.150652	0.003816	4.9
541	-0.031769	1.400000	0.153869	0.005532	5.1
542	-0.030468	0.600000	0.157275	0.001978	5.2
543	-0.031238	0.000000	0.159965	0.004124	5.3
544	-0.031591	0.000000	0.159965	0.005024	4.7
545	-0.030146	0.000000	0.159965	0.002831	4.5
546	-0.030918	0.000000	0.159965	0.004133	5.8
547	-0.029520	1.000000	0.155547	0.003232	5.7
548	-0.030794	2.000000	0.151440	0.002827	5.1
549	-0.028055	1.200000	0.154702	0.002170	5.6
550	-0.031645	0.400000	0.158158	0.005285	5.2
551	-0.032079	0.000000	0.159965	0.001905	5.8
552	-0.031957	1.000000	0.155547	0.003128	5.8
553	-0.031076	2.000000	0.151440	0.002669	6.0
554	-0.029759	1.200121	0.154701	0.004270	6.3
555	-0.034364	0.400121	0.158157	0.003480	6.3
556	-0.031693	0.000000	0.159965	0.002545	5.7
557	-0.031668	0.000000	0.159965	0.005687	5.9
558	-0.031058	0.000000	0.159965	0.004942	5.1
559	-0.032251	0.000000	0.159965	0.003474	5.9
560	-0.032588	0.000000	0.159965	0.003690	5.8
561	-0.030451	0.000000	0.159965	0.003359	5.6
562	-0.033757	0.000000	0.159965	0.003949	5.4
563	-0.030125	0.000000	0.159965	0.002987	5.6
564	-0.034334	0.000000	0.159965	0.005948	5.6
565	-0.031207	0.000000	0.159965	0.002545	5.9
566	-0.031604	0.000000	0.159965	0.003028	6.0
567	-0.033782	0.000000	0.159965	0.003440	5.9
568	-0.033541	1.000000	0.155547	0.003867	5.9
569	-0.032488	2.000000	0.151440	0.005125	6.1
570	-0.032711	1.200000	0.154702	0.001104	5.9
571	-0.027110	0.400000	0.158158	0.002068	4.7
572	-0.029842	0.000000	0.159965	0.004561	4.8
573	-0.033669	0.000000	0.159965	0.003385	4.9
574	-0.032647	0.000000	0.159965	0.005481	6.1
575	-0.033220	0.000000	0.159965	0.001257	6.1
576	-0.030113	0.000000	0.159965	0.004962	5.9
577	-0.034547	0.000000	0.159965	0.003463	4.9
578	-0.029676	0.000000	0.159965	0.003793	5.0
579	-0.032518	0.000000	0.159965	0.004080	5.8
580	-0.031569	0.000000	0.159965	0.001481	5.8
581	-0.032843	1.000000	0.155547	0.004448	5.4
582	-0.031683	2.000000	0.151440	0.004461	5.7
583	-0.033089	1.200000	0.154702	0.002822	6.0
584	-0.031577	2.200000	0.150652	0.004245	6.0
585	-0.034801	3.200000	0.146873	0.002112	5.9
586	-0.032127	4.200000	0.143337	0.002237	5.9
587	-0.030874	3.400000	0.146147	0.004152	5.9
588	-0.030921	2.600000	0.149110	0.005893	6.2
589	-0.032558	1.800000	0.152238	0.004109	6.1
590	-0.031420	1.000000	0.155547	0.002893	5.9
591	-0.030571	0.200000	0.159054	0.006273	6.1
592	-0.032682	0.000000	0.159965	0.004856	6.1
593	-0.032726	0.000000	0.159965	0.003167	6.3
594	-0.029755	0.000000	0.159965	0.004413	6.2
595	-0.031997	0.000000	0.159965	0.005619	6.0
596	-0.031100	1.000000	0.155547	0.002363	5.7
597	-0.030560	2.000000	0.151440	0.004190	5.5
598	-0.031329	1.200000	0.154702	0.003854	5.9
599	-0.031087	0.400000	0.158158	0.003018	6.0
600	-0.029458	0.000000	0.159965	0.002357	5.9
601	-0.033157	0.000000	0.159965	0.004933	5.9
602	-0.027480	1.000000	0.155547	0.001847	5.8
603	-0.033917	0.200000	0.159054	0.002985	6.1
604	-0.028887	0.000000	0.159965	0.002051	6.2
605	-0.030952	0.000000	0.159965	0.003845	5.6
606	-0.032308	0.000000	0.159965	0.003103	5.1
607	-0.030499	0.000000	0.159965	0.003725	5.0
608	-0.030561	0.000000	0.159965	0.006930	5.7
609	-0.030687	0.000000	0.159965	0.004770	5.1
610	-0.031386	0.000000	0.159965	0.004468	5.8
611	-0.032556	0.000000	0.159965	0.003650	5.8
612	-0.035359	0.000000	0.159965	0.003877	5.8
613	-0.033574	0.000000	0.159965	0.006055	5.4
614	-0.031769	0.000000	0.159965	0.007235	5.7
615	-0.030453	0.000000	0.159965	0.003667	5.2
616	-0.029209	0.000000	0.159965	0.002623	5.6
617	-0.032534	0.000000	0.159965	0.002431	5.1
618	-0.032074	0.000000	0.159965	0.002565	5.4
619	-0.029243	0.000000	0.159965	0.005082	5.8
620	-0.031336	0.000000	0.159965	0.004946	5.7
621	-0.030010	0.000000	0.159965	0.003067	5.8
622	-0.030962	0.000000	0.159965	0.004508	5.5
623	-0.032798	0.000000	0.159965	0.002158	6.0
624	-0.029413	0.000000	0.159965	0.002503	6.0
625	-0.030868	0.000000	0.159965	0.003043	6.0
626	-0.034895	1.000000	0.155547	0.005317	5.9
627	-0.031680	2.000000	0.151440	0.002301	6.0
628	-0.032517	1.200000	0.154702	0.004863	5.9
629	-0.031958	0.400000	0.158158	0.003847	6.0
630	-0.032408	0.000000	0.159965	0.003094	6.1
631	-0.029149	0.000000	0.159965	0.004832	5.6
632	-0.031090	0.000000	0.159965	0.003732	5.8
633	-0.031210	0.000000	0.159965	0.004462	5.3
634	-0.031822	0.000000	0.159965	0.002327	5.6
635	-0.031921	0.000000	0.159965	0.002941	5.6
636	-0.031247	0.000000	0.159965	0.002343	5.5
637	-0.031415	0.000000	0.159965	0.004739	5.7
638	-0.030184	0.000000	0.159965	0.004975	5.7
639	-0.032601	0.000000	0.159965	0.003477	5.6
640	-0.032956	0.000000	0.159965	0.004541	5.3
641	-0.029764	0.000000	0.159965	0.003537	5.4
642	-0.035635	1.000000	0.155547	0.005563	4.7
643	-0.037090	2.000000	0.151440	0.002122	4.7
644	-0.033155	1.200000	0.154702	0.003971	4.6
645	-0.032797	2.200000	0.150652	0.002114	5.7
646	-0.032038	3.200000	0.146873	0.004209	4.5
647	-0.033071	2.400000	0.149876	0.003666	4.8
648	-0.030615	1.600000	0.153048	0.006999	5.7
649	-0.027418	2.600000	0.149110	0.001687	4.8
650	-0.034025	1.800000	0.152238	0.004807	4.9
651	-0.033458	1.000000	0.155547	0.005661	5.8
652	-0.035426	0.200000	0.159054	0.001511	5.3
653	-0.034366	0.000000	0.159965	0.004582	4.7
654	-0.030421	0.000000	0.159965	0.001939	5.7
655	-0.032675	0.000000	0.159965	0.004245	5.3
656	-0.034018	0.000000	0.159965	0.002582	4.9
657	-0.031612	0.000000	0.159965	0.003276	5.9
658	-0.030336	0.000000	0.159965	0.003022	5.8
659	-0.035203	0.000000	0.159965	0.002777	5.7
660	-0.034005	0.000000	0.159965	0.003513	5.9
661	-0.031836	0.000000	0.159965	0.002385	5.9
662	-0.031196	0.000000	0.159965	0.005368	5.8
663	-0.031294	0.000000	0.159965	0.003659	5.3
664	-0.032436	0.000000	0.159965	0.005593	5.6
665	-0.030755	1.000000	0.155547	0.003666	5.1
666	-0.033498	2.000000	0.151440	0.002520	5.5
667	-0.030871	1.200000	0.154702	0.003650	5.5
668	-0.030465	0.400000	0.158158	0.005538	5.8
669	-0.028750	0.000000	0.159965	0.002002	6.3
670	-0.030967	0.000000	0.159965	0.002834	6.2
671	-0.026017	0.000000	0.159965	0.002605	5.8
672	-0.028323	1.000000	0.155547	0.004247	6.2
673	-0.031915	0.200000	0.159054	0.005699	6.0
674	-0.030725	0.000000	0.159965	0.004195	6.1
675	-0.036248	0.000000	0.159965	0.004020	6.2
676	-0.033336	0.000000	0.159965	0.003832	5.2
677	-0.031312	0.000000	0.159965	0.003135	5.2
678	-0.031401	0.000000	0.159965	0.003149	4.8
679	-0.029028	1.000000	0.155547	0.002881	4.6
680	-0.033942	2.000000	0.151440	0.005494	4.3
681	-0.031918	1.200000	0.154702	0.003620	5.6
682	-0.031792	0.400000	0.158158	0.001660	4.5
683	-0.028795	0.000000	0.159965	0.002228	4.3
684	-0.032502	1.000000	0.155547	0.004159	4.9
685	-0.032806	2.000000	0.151440	0.006279	5.3
686	-0.032715	3.000000	0.147609	0.002711	5.9
687	-0.030060	2.200000	0.150652	0.003559	5.6
688	-0.030408	1.400000	0.153869	0.003990	6.1
689	-0.034151	0.600000	0.157275	0.004866	5.6
690	-0.030044	1.600000	0.153048	0.003524	6.0
691	-0.030970	0.800000	0.156404	0.006503	5.9
692	-0.032129	0.000000	0.159965	0.005197	5.6
693	-0.031111	0.000000	0.159965	0.002536	6.0
694	-0.033424	1.000000	0.155547	0.005249	5.9
695	-0.032216	0.200000	0.159054	0.002521	5.8
696	-0.032267	0.000000	0.159965	0.004053	5.6
697	-0.030527	0.000000	0.159965	0.004689	5.5
698	-0.030043	0.000000	0.159965	0.004224	5.0
699	-0.030530	0.000000	0.159965	0.001915	6.1
700	-0.030622	0.000000	0.159965	0.003314	6.1
701	-0.029447	0.000000	0.159965	0.003797	5.1
702	-0.032585	0.000000	0.159965	0.006326	4.9
703	-0.031022	0.000000	0.159965	0.003694	5.9
704	-0.029743	0.000000	0.159965	0.002976	5.0
705	-0.029373	0.000000	0.159965	0.005727	5.9
706	-0.029640	0.000000	0.159965	0.004169	5.9
707	-0.029962	0.000000	0.159965	0.002374	6.2
708	-0.032118	1.000000	0.155547	0.006829	6.2
709	-0.030911	2.000000	0.151440	0.004720	4.9
710	-0.031366	1.200000	0.154702	0.003106	5.3
711	-0.033295	0.400000	0.158158	0.001703	6.1
712	-0.031601	0.000000	0.159965	0.004736	5.8
713	-0.027738	0.000000	0.159965	0.003398	5.9
714	-0.029680	0.000000	0.159965	0.002941	6.1
715	-0.030462	0.000000	0.159965	0.003170	5.6
716	-0.033662	0.000000	0.159965	0.002467	5.4
717	-0.031978	0.000000	0.159965	0.003866	6.1
718	-0.030883	0.000000	0.159965	0.006590	5.9
719	-0.030774	1.000000	0.155547	0.003811	5.4
720	-0.030941	2.000000	0.151440	0.005196	5.3
721	-0.031480	1.200000	0.154702	0.002390	5.8
722	-0.030530	0.400000	0.158158	0.003573	6.0
723	-0.033672	0.000000	0.159965	0.003014	5.9
724	-0.033125	0.000000	0.159965	0.004049	6.0
725	-0.031238	0.000000	0.159965	0.003141	5.8
726	-0.031389	0.000000	0.159965	0.003029	5.6
727	-0.030017	0.000000	0.159965	0.006778	4.9
728	-0.032495	0.000000	0.159965	0.002732	5.6
729	-0.033858	0.000000	0.159965	0.003935	6.0
730	-0.031067	0.000000	0.159965	0.001521	5.4
731	-0.031636	1.000000	0.155547	0.004737	5.7
732	-0.027714	2.000000	0.151440	0.003818	5.8
733	-0.033645	1.200000	0.154702	0.004505	5.1
734	-0.032383	2.200000	0.150652	0.004214	5.6
735	-0.034463	1.400000	0.153869	0.002873	4.9
736	-0.031114	2.400000	0.149876	0.004431	5.8
737	-0.031587	1.600000	0.153048	0.002759	6.7
738	-0.034584	0.800000	0.156404	0.004425	6.2
739	-0.032254	1.800000	0.152238	0.002257	5.1
740	-0.029464	2.800000	0.148354	0.003574	5.2
741	-0.030281	2.000000	0.151440	0.006798	6.0
742	-0.030074	1.200000	0.154702	0.002995	5.2
743	-0.029073	0.400000	0.158158	0.003085	5.8
744	-0.031247	0.000000	0.159965	0.004611	5.9
745	-0.030731	0.000000	0.159965	0.003832	5.9
746	-0.033351	0.000000	0.159965	0.002920	5.9
747	-0.032574	0.000000	0.159965	0.005523	6.0
748	-0.028839	0.000000	0.159965	0.003307	5.8
749	-0.030553	0.000000	0.159965	0.003568	5.9
750	-0.029308	1.000000	0.155547	0.002802	5.8
751	-0.030753	0.200000	0.159054	0.003473	5.4
752	-0.031077	0.000000	0.159965	0.003748	5.7
753	-0.032185	0.000000	0.159965	0.002633	6.1
754	-0.030773	0.000000	0.159965	0.004287	6.0
755	-0.034432	0.000000	0.159965	0.003368	6.0
756	-0.030290	1.000000	0.155547	0.008063	6.0
757	-0.032998	0.200000	0.159054	0.005072	6.0
758	-0.031324	1.200000	0.154702	0.002183	6.3
759	-0.032582	0.400000	0.158158	0.004169	5.2
760	-0.033373	0.000000	0.159965	0.003126	5.2
761	-0.032860	0.000000	0.159965	0.003610	6.0
762	-0.032740	0.000000	0.159965	0.001767	5.9
763	-0.031581	0.000000	0.159965	0.003731	6.0
764	-0.032038	0.000000	0.159965	0.005563	6.0
765	-0.033772	0.000000	0.159965	0.002699	5.3
766	-0.031264	0.000000	0.159965	0.004393	5.0
767	-0.031285	0.000000	0.159965	0.002871	5.4
768	-0.029328	0.000000	0.159965	0.002610	5.6
769	-0.032943	0.000000	0.159965	0.003844	5.4
770	-0.030398	0.000000	0.159965	0.004748	5.9
771	-0.031376	1.000000	0.155547	0.005329	5.9
772	-0.029679	2.000000	0.151440	0.001909	5.9
773	-0.031536	3.000000	0.147609	0.003012	5.9
774	-0.030991	4.000000	0.144026	0.003632	4.9
775	-0.031124	3.200000	0.146873	0.002176	4.8
776	-0.033569	2.400000	0.149876	0.002891	6.1
777	-0.029169	1.600000	0.153048	0.003300	5.9
778	-0.034137	0.800000	0.156404	0.004249	5.2
779	-0.027296	0.000000	0.159965	0.002493	5.5
780	-0.028175	0.000000	0.159965	0.003197	5.4
781	-0.032709	0.000000	0.159965	0.005735	4.9
782	-0.033955	0.000000	0.159965	0.003898	5.7
783	-0.030689	0.000000	0.159965	0.007344	5.4
784	-0.031089	0.000000	0.159965	0.003369	5.4
785	-0.032836	0.000000	0.159965	0.005143	5.8
786	-0.032519	0.000000	0.159965	0.004552	5.3
787	-0.033240	0.000000	0.159965	0.005467	6.0
788	-0.033564	0.000000	0.159965	0.003915	6.0
789	-0.031209	0.000000	0.159965	0.004982	5.8
790	-0.033024	1.000000	0.155547	0.002895	5.7
791	-0.034572	0.200000	0.159054	0.002687	5.2
792	-0.030064	1.200000	0.154702	0.003167	5.1
793	-0.031824	0.400000	0.158158	0.003335	4.9
794	-0.031982	0.000000	0.159965	0.002224	5.6
795	-0.032920	0.000000	0.159965	0.004421	4.6
796	-0.028411	0.000000	0.159965	0.003610	4.8
797	-0.030305	0.000000	0.159965	0.005800	4.4
798	-0.030096	1.000000	0.155547	0.004507	4.3
799	-0.035825	2.000000	0.151440	0.005669	4.2
800	-0.030343	1.200000	0.154702	0.003719	4.2
801	-0.029595	0.400000	0.158158	0.003017	4.3
802	-0.034491	0.000000	0.159965	0.005802	5.7
803	-0.030789	0.000000	0.159965	0.003956	5.4
804	-0.029110	0.000000	0.159965	0.003620	4.4
805	-0.036039	0.000000	0.159965	0.002363	5.6
806	-0.034598	0.000000	0.159965	0.003659	5.1
807	-0.031784	0.000000	0.159965	0.003016	5.1
808	-0.030848	0.000000	0.159965	0.003199	4.9
809	-0.031788	1.000000	0.155547	0.004058	4.9
810	-0.032517	0.200000	0.159054	0.003479	4.7
811	-0.032593	0.000000	0.159965	0.004668	4.8
812	-0.030654	1.000000	0.155547	0.003154	5.8
813	-0.031659	0.200000	0.159054	0.003918	5.4
814	-0.030792	0.000000	0.159965	0.004297	5.1
815	-0.031227	0.000000	0.159965	0.002403	5.1
816	-0.034030	0.000000	0.159965	0.009304	4.9
817	-0.034843	0.000000	0.159965	0.002837	4.7
818	-0.033450	0.000000	0.159965	0.004603	4.5
819	-0.032713	0.000000	0.159965	0.007758	4.5
820	-0.030679	0.000000	0.159965	0.004697	4.4
821	-0.033780	0.000000	0.159965	0.002750	5.2
822	-0.032721	0.000000	0.159965	0.005098	5.5
823	-0.034099	1.000000	0.155547	0.003621	5.3
824	-0.033140	0.200000	0.159054	0.007433	4.9
825	-0.031800	0.000000	0.159965	0.002315	4.8
826	-0.031284	1.000000	0.155547	0.002260	4.8
827	-0.030225	2.000000	0.151440	0.004087	5.7
828	-0.030513	1.200000	0.154702	0.003434	5.6
829	-0.031663	0.400000	0.158158	0.001544	5.7
830	-0.031622	0.000000	0.159965	0.005350	5.5
831	-0.029226	0.000000	0.159965	0.001862	5.9
832	-0.032650	0.000000	0.159965	0.000956	5.7
833	-0.033982	1.000000	0.155547	0.004116	5.9
834	-0.028796	2.000000	0.151440	0.005954	5.8
835	-0.030470	1.200000	0.154702	0.003912	5.8
836	-0.032133	0.400000	0.158158	0.004958	5.2
837	-0.028382	0.000000	0.159965	0.005906	5.9
838	-0.033015	0.000000	0.159965	0.003429	6.1
839	-0.029593	0.000000	0.159965	0.004639	5.7
840	-0.032069	0.000000	0.159965	0.004713	5.9
841	-0.032970	0.000000	0.159965	0.001432	5.9
842	-0.033318	0.000000	0.159965	0.006610	5.6
843	-0.030802	0.000000	0.159965	0.005246	5.2
844	-0.031180	1.000000	0.155547	0.003743	4.9
845	-0.031449	0.200000	0.159054	0.003269	4.7
846	-0.030865	0.000000	0.159965	0.005386	5.0
847	-0.033521	0.000000	0.159965	0.004863	4.9
848	-0.032374	0.000000	0.159965	0.002252	4.7
849	-0.031522	1.000000	0.155547	0.005244	4.8
850	-0.033479	1.999996	0.151440	0.005583	5.6
851	-0.030930	1.199996	0.154702	0.003785	5.7
852	-0.029630	0.399996	0.158158	0.004404	5.6
853	-0.031606	0.000000	0.159965	0.002833	5.0
854	-0.032359	0.000000	0.159965	0.003998	6.0
855	-0.032792	0.000000	0.159965	0.006226	6.0
856	-0.030977	0.000000	0.159965	0.007038	6.0
857	-0.033375	0.000000	0.159965	0.004361	6.0
858	-0.031197	0.000000	0.159965	0.005630	5.4
859	-0.034663	0.000000	0.159965	0.001440	5.2
860	-0.033024	0.000000	0.159965	0.004201	4.9
861	-0.032665	0.000000	0.159965	0.004776	4.8
862	-0.033128	0.000000	0.159965	0.004159	5.7
863	-0.034153	0.000000	0.159965	0.003785	5.8
864	-0.035894	0.000000	0.159965	0.004455	5.6
865	-0.030289	0.000000	0.159965	0.003765	5.6
866	-0.031150	0.000000	0.159965	0.004016	5.6
867	-0.032019	0.000000	0.159965	0.002105	5.5
868	-0.030263	0.000000	0.159965	0.006817	4.9
869	-0.033320	0.000000	0.159965	0.002323	4.9
870	-0.033564	1.000000	0.155547	0.002009	4.6
871	-0.033051	0.200000	0.159054	0.004136	4.8
872	-0.029475	1.200000	0.154702	0.004394	4.3
873	-0.028703	0.400000	0.158158	0.002140	4.7
874	-0.031884	0.000000	0.159965	0.003804	4.3
875	-0.034621	1.000000	0.155547	0.003399	4.3
876	-0.033670	2.000000	0.151440	0.004687	4.2
877	-0.033387	3.000000	0.147609	0.006978	4.5
878	-0.030917	2.200000	0.150652	0.002880	4.2
879	-0.031146	3.200000	0.146873	0.004800	4.1
880	-0.033773	2.400000	0.149876	0.005175	4.2
881	-0.034021	3.400000	0.146147	0.002790	4.2
882	-0.030721	4.400000	0.142656	0.003619	5.7
883	-0.028170	3.600000	0.145431	0.001619	5.5
884	-0.030288	4.600000	0.141984	0.002228	5.7
885	-0.029677	3.800000	0.144724	0.005204	5.1
886	-0.031388	3.000000	0.147609	0.003919	5.7
887	-0.034532	2.200000	0.150652	0.005901	5.0
888	-0.031513	1.400000	0.153869	0.006687	4.9
889	-0.031594	0.600000	0.157275	0.004985	4.6
890	-0.028738	1.600000	0.153048	0.002331	6.0
891	-0.033942	2.600000	0.149110	0.003877	5.7
892	-0.031724	3.600000	0.145431	0.006403	4.8
893	-0.033626	2.800000	0.148354	0.004725	5.9
894	-0.031065	2.000000	0.151440	0.003220	5.8
895	-0.029485	1.200000	0.154702	0.001636	5.6
896	-0.034001	0.400000	0.158158	0.005712	5.1
897	-0.034013	0.000000	0.159965	0.004004	5.1
898	-0.031473	0.000000	0.159965	0.004872	5.4
899	-0.030574	0.000000	0.159965	0.002446	5.1
900	-0.030436	0.000000	0.159965	0.004387	4.8
901	-0.027215	0.000000	0.159965	0.002142	4.6
902	-0.028774	0.000000	0.159965	0.003730	4.5
903	-0.030687	0.000000	0.159965	0.002137	4.5
904	-0.029691	0.000000	0.159965	0.002443	4.2
905	-0.031346	0.000000	0.159965	0.005253	4.1
906	-0.035748	0.000000	0.159965	0.004087	4.2
907	-0.029500	0.000000	0.159965	0.003193	5.4
908	-0.032677	0.000000	0.159965	0.006513	4.3
909	-0.029823	0.000000	0.159965	0.003068	4.3
910	-0.033080	0.000000	0.159965	0.005795	4.6
911	-0.029873	0.000000	0.159965	0.005039	4.1
912	-0.030032	0.000000	0.159965	0.003325	5.4
913	-0.030054	0.000000	0.159965	0.004827	5.7
914	-0.030054	0.000000	0.159965	0.003229	5.2
915	-0.030272	0.000000	0.159965	0.003814	4.5
916	-0.030629	1.000000	0.155547	0.004524	4.5
917	-0.030912	0.200000	0.159054	0.004363	5.0
918	-0.033548	0.000000	0.159965	0.002930	4.9
919	-0.032972	1.000000	0.155547	0.004983	5.6
920	-0.031109	0.200000	0.159054	0.002750	4.7
921	-0.030094	0.000000	0.159965	0.004821	5.1
922	-0.032401	1.000000	0.155547	0.002877	5.1
923	-0.033260	2.000000	0.151440	0.005070	5.7
924	-0.028166	3.000000	0.147609	0.002893	5.8
925	-0.032182	2.200000	0.150652	0.001262	5.5
926	-0.032472	3.200000	0.146873	0.003771	5.8
927	-0.031395	4.200000	0.143337	0.003779	5.7
928	-0.033366	3.400000	0.146147	0.005535	5.9
929	-0.032218	2.600000	0.149110	0.002867	6.5
930	-0.029819	3.600000	0.145431	0.002864	5.5
931	-0.032402	2.800000	0.148354	0.004069	6.0
932	-0.031055	2.000000	0.151440	0.006916	5.8
933	-0.031950	1.200000	0.154702	0.003832	5.8
934	-0.030768	0.400000	0.158158	0.003213	5.4
935	-0.034150	0.000000	0.159965	0.006263	5.1
936	-0.031327	1.000000	0.155547	0.001516	4.8
937	-0.027900	0.200000	0.159054	0.002710	4.6
938	-0.032812	0.000000	0.159965	0.004938	4.9
939	-0.033778	0.000000	0.159965	0.002945	5.3
940	-0.031326	1.000000	0.155547	0.006141	4.6
941	-0.033448	0.200000	0.159054	0.005171	5.8
942	-0.031841	0.000000	0.159965	0.004657	4.9
943	-0.029857	1.000000	0.155547	0.003097	5.2
944	-0.033360	0.200000	0.159054	0.002926	5.5
945	-0.031685	1.200000	0.154702	0.002163	5.6
946	-0.031589	0.400000	0.158158	0.004954	5.7
947	-0.033243	0.000000	0.159965	0.004353	6.0
948	-0.030292	0.000000	0.159965	0.002855	5.9
949	-0.032275	0.000000	0.159965	0.001988	5.8
950	-0.033845	0.000000	0.159965	0.004493	5.9
951	-0.029686	0.000000	0.159965	0.006585	5.8
952	-0.033539	0.000000	0.159965	0.006345	5.6
953	-0.032887	0.000000	0.159965	0.007931	5.3
954	-0.033235	0.000000	0.159965	0.006384	5.2
955	-0.030055	0.000000	0.159965	0.002432	5.8
956	-0.036857	0.000000	0.159965	0.003588	5.7
957	-0.033814	0.000000	0.159965	0.003603	5.7
958	-0.031035	0.000000	0.159965	0.003113	5.8
959	-0.029090	0.000000	0.159965	0.002462	5.8
960	-0.035638	0.000000	0.159965	0.003612	5.9
961	-0.033710	0.000000	0.159965	0.002577	5.5
962	-0.031329	1.000000	0.155547	0.006162	5.0
963	-0.031886	2.000000	0.151440	0.005666	4.6
964	-0.030193	1.200000	0.154702	0.003125	4.6
965	-0.033685	2.200000	0.150652	0.005614	4.4
966	-0.030253	1.400000	0.153869	0.003041	4.5
967	-0.032626	0.600000	0.157275	0.002706	4.3
968	-0.034305	1.600000	0.153048	0.003054	4.5
969	-0.031603	2.593799	0.149134	0.003953	4.2
970	-0.030216	3.593799	0.145453	0.002439	4.2
971	-0.031612	4.593799	0.142005	0.002263	5.6
972	-0.032001	3.793799	0.144746	0.002568	5.7
973	-0.029940	2.993799	0.147632	0.002608	5.5
974	-0.034291	2.193799	0.150677	0.002954	4.9
975	-0.031925	1.393799	0.153894	0.003569	4.7
976	-0.033804	0.593799	0.157302	0.003628	4.4
977	-0.035451	0.000000	0.159965	0.005261	4.3
978	-0.031462	0.000000	0.159965	0.004753	4.4
979	-0.031859	0.000000	0.159965	0.002533	4.2
980	-0.029867	0.000000	0.159965	0.005271	4.2
981	-0.031973	0.000000	0.159965	0.001684	4.3
982	-0.031490	0.000000	0.159965	0.002993	5.7
983	-0.029434	0.000000	0.159965	0.003646	4.5
984	-0.029420	0.000000	0.159965	0.005522	4.3
985	-0.029070	1.000000	0.155547	0.002982	4.5
986	-0.030261	2.000000	0.151440	0.003667	4.4
987	-0.032170	3.000000	0.147609	0.004404	4.7
988	-0.035380	2.200000	0.150652	0.003329	5.4
989	-0.031513	1.400000	0.153869	0.002690	4.5
990	-0.031940	0.600000	0.157275	0.002406	4.9
991	-0.031020	0.000000	0.159965	0.004884	4.6
992	-0.033707	0.000000	0.159965	0.004342	4.5
993	-0.033141	0.000000	0.159965	0.002273	4.4
994	-0.031596	0.000000	0.159965	0.004281	4.6
995	-0.033197	0.000000	0.159965	0.002646	5.6
996	-0.032744	0.000000	0.159965	0.004852	5.7
997	-0.031843	0.000000	0.159965	0.003597	5.6
998	-0.032673	0.000000	0.159965	0.003360	5.4
999	-0.032579	0.000000	0.159965	0.003508	4.7
