1:ItNr	2:Metric	3a:Time	3b:StepSize	4:||Gradient||	Time[ms]
0	-0.039048	0.000000	0.159965	0.003794	68.6
1	-0.037422	0.000000	0.159965	0.005943	5.0
2	-0.036564	0.000000	0.159965	0.002937	5.4
3	-0.036006	0.000000	0.159965	0.005897	5.4
4	-0.037735	0.000000	0.159965	0.003280	5.8
5	-0.038434	0.000000	0.159965	0.004152	5.3
6	-0.039357	0.000000	0.159965	0.003216	4.6
7	-0.039506	0.000000	0.159965	0.003023	4.1
8	-0.038860	0.000000	0.159965	0.002645	3.7
9	-0.034092	0.000000	0.159965	0.003413	3.6
10	-0.036694	0.000000	0.159965	0.004011	3.7
11	-0.038966	0.000000	0.159965	0.003114	3.8
12	-0.036006	0.000000	0.159965	0.002967	3.7
13	-0.038306	0.000000	0.159965	0.004894	3.9
14	-0.039137	0.000000	0.159965	0.004525	3.8
15	-0.036616	0.000000	0.159965	0.004411	4.6
16	-0.040623	0.000000	0.159965	0.005852	3.9
17	-0.041248	0.000000	0.159965	0.005028	3.6
18	-0.034611	0.000000	0.159965	0.004197	3.8
19	-0.044541	0.000000	0.159965	0.004489	3.9
20	-0.036955	0.000000	0.159965	0.002916	4.2
21	-0.036355	0.000000	0.159965	0.003442	4.2
22	-0.038114	0.000000	0.159965	0.004071	4.9
23	-0.038746	0.000000	0.159965	0.005597	4.5
24	-0.036605	0.000000	0.159965	0.004129	4.4
25	-0.039197	0.000000	0.159965	0.003822	4.2
26	-0.037839	0.000000	0.159965	0.002984	4.3
27	-0.033751	0.000000	0.159965	0.003555	4.5
28	-0.035488	0.000000	0.159965	0.004633	3.8
29	-0.039866	0.000000	0.159965	0.004208	3.8
30	-0.039354	0.000000	0.159965	0.004114	3.9
31	-0.036139	0.000000	0.159965	0.001956	4.7
32	-0.034966	0.000000	0.159965	0.003913	4.0
33	-0.037756	0.000000	0.159965	0.002820	4.0
34	-0.036030	0.000000	0.159965	0.005896	5.1
35	-0.037967	0.000000	0.159965	0.004754	4.2
36	-0.037144	0.000000	0.159965	0.003889	4.3
37	-0.038743	0.000000	0.159965	0.004596	4.8
38	-0.040510	0.000000	0.159965	0.002693	4.8
39	-0.035108	0.000000	0.159965	0.003016	4.8
40	-0.040444	0.000000	0.159965	0.004504	4.0
41	-0.037490	0.000000	0.159965	0.003801	4.4
42	-0.039862	0.000000	0.159965	0.003996	4.9
43	-0.038579	0.000000	0.159965	0.002846	5.4
44	-0.041926	0.000000	0.159965	0.006205	5.1
45	-0.036635	0.000000	0.159965	0.005193	5.2
46	-0.037475	0.000000	0.159965	0.003459	5.0
47	-0.033059	0.000000	0.159965	0.006739	4.8
48	-0.035618	0.000000	0.159965	0.004129	4.1
49	-0.037950	0.000000	0.159965	0.007387	4.8
50	-0.038757	0.000000	0.159965	0.004150	4.4
51	-0.041753	0.000000	0.159965	0.003423	4.1
52	-0.035465	0.000000	0.159965	0.001653	4.9
53	-0.040236	0.000000	0.159965	0.003940	5.0
54	-0.034854	0.000000	0.159965	0.003094	4.5
55	-0.039629	0.000000	0.159965	0.004314	6.1
56	-0.038436	0.000000	0.159965	0.003543	5.5
57	-0.035015	0.000000	0.159965	0.005707	5.3
58	-0.036317	0.000000	0.159965	0.003302	5.3
59	-0.038691	0.000000	0.159965	0.005120	5.1
60	-0.041540	0.000000	0.159965	0.003934	5.1
61	-0.040545	0.000000	0.159965	0.002815	4.2
62	-0.043489	0.000000	0.159965	0.006124	4.1
63	-0.038911	0.000000	0.159965	0.005746	4.7
64	-0.036801	0.000000	0.159965	0.004452	4.4
65	-0.037648	0.000000	0.159965	0.003442	4.5
66	-0.037273	0.000000	0.159965	0.004571	4.9
67	-0.037630	0.000000	0.159965	0.004284	4.9
68	-0.034774	0.000000	0.159965	0.005480	4.8
69	-0.039141	0.000000	0.159965	0.004720	4.4
70	-0.037394	0.000000	0.159965	0.004391	4.3
71	-0.039112	0.000000	0.159965	0.007137	4.2
72	-0.037373	0.000000	0.159965	0.004054	4.2
73	-0.036080	0.000000	0.159965	0.005191	4.4
74	-0.037317	0.000000	0.159965	0.003461	4.4
75	-0.034008	0.000000	0.159965	0.006524	4.2
76	-0.038058	0.000000	0.159965	0.002874	5.0
77	-0.036092	0.000000	0.159965	0.005748	5.1
78	-0.035818	0.000000	0.159965	0.005439	5.0
79	-0.034101	0.000000	0.159965	0.003677	5.1
80	-0.036969	0.000000	0.159965	0.003211	5.3
81	-0.033900	0.000000	0.159965	0.002750	5.2
82	-0.036868	0.000000	0.159965	0.004649	5.1
83	-0.037017	0.000000	0.159965	0.002568	5.1
84	-0.034204	0.000000	0.159965	0.004367	5.1
85	-0.042021	0.000000	0.159965	0.004418	5.3
86	-0.035785	0.000000	0.159965	0.005384	4.8
87	-0.035817	0.000000	0.159965	0.004623	5.0
88	-0.035341	0.000000	0.159965	0.003079	5.1
89	-0.034666	0.000000	0.159965	0.002919	5.1
90	-0.036735	0.000000	0.159965	0.003058	4.9
91	-0.033781	0.000000	0.159965	0.005411	4.8
92	-0.039721	0.000000	0.159965	0.002898	4.8
93	-0.037910	0.000000	0.159965	0.003019	6.0
94	-0.041535	1.000000	0.155547	0.006262	4.8
95	-0.034900	2.000000	0.151440	0.003952	4.0
96	-0.034405	1.200000	0.154702	0.004083	4.3
97	-0.035892	0.400000	0.158158	0.004026	5.3
98	-0.037821	0.000000	0.159965	0.004752	5.1
99	-0.038114	0.000000	0.159965	0.003682	5.3
100	-0.038675	0.000000	0.159965	0.003157	5.2
101	-0.036818	0.000000	0.159965	0.004975	5.0
102	-0.036184	0.000000	0.159965	0.003474	5.0
103	-0.039178	0.000000	0.159965	0.006184	4.8
104	-0.039478	0.000000	0.159965	0.005284	4.4
105	-0.039334	0.000000	0.159965	0.004963	4.3
106	-0.038753	0.000000	0.159965	0.004792	4.0
107	-0.039072	0.000000	0.159965	0.006762	4.6
108	-0.036947	0.000000	0.159965	0.004882	4.8
109	-0.035765	0.000000	0.159965	0.003113	4.7
110	-0.038402	0.000000	0.159965	0.005081	4.2
111	-0.038918	0.000000	0.159965	0.004596	4.8
112	-0.039572	0.000000	0.159965	0.003330	4.2
113	-0.034666	0.000000	0.159965	0.002987	4.2
114	-0.035380	0.000000	0.159965	0.003722	4.0
115	-0.038535	0.000000	0.159965	0.005693	3.9
116	-0.036266	0.000000	0.159965	0.004431	4.1
117	-0.039158	0.000000	0.159965	0.006156	4.9
118	-0.037746	0.000000	0.159965	0.003857	3.9
119	-0.035040	0.000000	0.159965	0.006593	3.8
120	-0.038190	0.000000	0.159965	0.005813	3.8
121	-0.038903	0.000000	0.159965	0.004099	3.8
122	-0.040753	0.000000	0.159965	0.005044	3.6
123	-0.040038	0.000000	0.159965	0.004041	3.7
124	-0.037747	0.000000	0.159965	0.005631	3.5
125	-0.040043	0.000000	0.159965	0.005430	3.7
126	-0.035381	0.000000	0.159965	0.003443	4.8
127	-0.039475	0.000000	0.159965	0.003277	3.8
128	-0.035078	0.000000	0.159965	0.005334	3.8
129	-0.036504	0.000000	0.159965	0.004623	4.5
130	-0.037088	0.000000	0.159965	0.004105	4.3
131	-0.038176	0.000000	0.159965	0.004736	4.2
132	-0.041250	0.000000	0.159965	0.006734	5.0
133	-0.034894	0.000000	0.159965	0.003705	4.5
134	-0.037845	0.000000	0.159965	0.006754	4.1
135	-0.037237	0.000000	0.159965	0.005346	4.2
136	-0.037450	0.000000	0.159965	0.004697	4.1
137	-0.037777	0.000000	0.159965	0.003553	4.4
138	-0.038908	0.000000	0.159965	0.004655	5.1
139	-0.036755	0.000000	0.159965	0.004498	5.1
140	-0.035812	0.000000	0.159965	0.002613	5.0
141	-0.038015	0.000000	0.159965	0.004495	4.9
142	-0.038794	0.000000	0.159965	0.003385	5.0
143	-0.033576	0.000000	0.159965	0.003745	5.0
144	-0.036918	0.000000	0.159965	0.004047	4.9
145	-0.040581	0.000000	0.159965	0.002934	4.3
146	-0.035711	0.000000	0.159965	0.005881	4.4
147	-0.039027	0.000000	0.159965	0.003971	5.0
148	-0.038689	0.000000	0.159965	0.006370	4.9
149	-0.039494	0.000000	0.159965	0.004377	4.9
150	-0.037486	0.000000	0.159965	0.004410	5.0
151	-0.042812	0.000000	0.159965	0.005397	5.0
152	-0.033888	0.000000	0.159965	0.004276	5.0
153	-0.038405	0.000000	0.159965	0.003296	5.0
154	-0.035009	0.000000	0.159965	0.002765	4.9
155	-0.037047	0.000000	0.159965	0.005216	4.9
156	-0.036979	0.000000	0.159965	0.005875	5.2
157	-0.039354	0.000000	0.159965	0.003400	5.1
158	-0.041127	0.000000	0.159965	0.005316	5.3
159	-0.036082	0.000000	0.159965	0.005595	5.3
160	-0.035270	0.000000	0.159965	0.004303	5.2
161	-0.037998	0.000000	0.159965	0.003665	5.4
162	-0.037406	0.000000	0.159965	0.005799	4.9
163	-0.037725	0.000000	0.159965	0.002771	4.8
164	-0.041475	0.000000	0.159965	0.004209	4.5
165	-0.033057	0.000000	0.159965	0.003345	5.1
166	-0.037135	0.000000	0.159965	0.003868	4.9
167	-0.041839	0.000000	0.159965	0.005806	5.1
168	-0.037380	0.000000	0.159965	0.002945	5.1
169	-0.037972	0.000000	0.159965	0.003839	5.0
170	-0.040476	0.000000	0.159965	0.004895	5.1
171	-0.036521	0.000000	0.159965	0.003419	4.6
172	-0.037807	0.000000	0.159965	0.006513	4.2
173	-0.035696	0.000000	0.159965	0.002187	4.3
174	-0.038836	0.000000	0.159965	0.005656	3.9
175	-0.040945	0.000000	0.159965	0.006885	4.0
176	-0.037229	0.000000	0.159965	0.006717	4.9
177	-0.036720	0.000000	0.159965	0.002401	4.8
178	-0.038637	0.000000	0.159965	0.004042	4.5
179	-0.034922	0.000000	0.159965	0.006356	3.9
180	-0.038539	0.000000	0.159965	0.003618	3.9
181	-0.040862	0.000000	0.159965	0.004595	4.3
182	-0.037943	0.000000	0.159965	0.003866	3.8
183	-0.036060	0.000000	0.159965	0.005069	4.4
184	-0.035740	0.000000	0.159965	0.006219	4.6
185	-0.037417	0.000000	0.159965	0.003303	4.2
186	-0.041556	0.000000	0.159965	0.003357	4.6
187	-0.037453	0.000000	0.159965	0.003308	4.2
188	-0.040320	0.000000	0.159965	0.005554	5.0
189	-0.034764	0.000000	0.159965	0.005834	5.2
190	-0.036622	0.000000	0.159965	0.001965	5.1
191	-0.040427	0.000000	0.159965	0.005890	4.8
192	-0.039298	0.000000	0.159965	0.003064	5.1
193	-0.037037	0.000000	0.159965	0.002633	4.7
194	-0.038410	0.000000	0.159965	0.003903	4.7
195	-0.034747	0.000000	0.159965	0.004053	4.3
196	-0.036492	0.000000	0.159965	0.002270	4.8
197	-0.036492	0.000000	0.159965	0.003387	4.9
198	-0.036589	0.000000	0.159965	0.004660	4.5
199	-0.033466	0.000000	0.159965	0.004071	5.0
200	-0.036073	0.000000	0.159965	0.003602	4.7
201	-0.037184	0.000000	0.159965	0.006043	4.9
202	-0.044633	0.000000	0.159965	0.004674	5.3
203	-0.037740	0.000000	0.159965	0.005985	5.1
204	-0.038479	0.000000	0.159965	0.003486	5.0
205	-0.036881	0.000000	0.159965	0.004784	5.0
206	-0.036446	0.000000	0.159965	0.005898	4.9
207	-0.039251	0.000000	0.159965	0.002894	4.9
208	-0.039798	0.000000	0.159965	0.005175	5.2
209	-0.035929	0.000000	0.159965	0.005761	4.9
210	-0.038737	0.000000	0.159965	0.003313	4.7
211	-0.034720	0.000000	0.159965	0.003808	4.9
212	-0.040362	0.000000	0.159965	0.004500	5.2
213	-0.039398	0.000000	0.159965	0.004525	4.7
214	-0.036906	0.000000	0.159965	0.004460	4.3
215	-0.038501	0.000000	0.159965	0.003137	4.5
216	-0.040935	0.000000	0.159965	0.002910	4.9
217	-0.039296	0.000000	0.159965	0.004585	4.4
218	-0.037552	0.000000	0.159965	0.003315	5.1
219	-0.039677	0.000000	0.159965	0.003891	5.1
220	-0.039354	0.000000	0.159965	0.002550	5.2
221	-0.040523	0.000000	0.159965	0.004380	5.0
222	-0.035448	0.000000	0.159965	0.002293	5.0
223	-0.036436	0.000000	0.159965	0.002660	5.2
224	-0.037992	0.000000	0.159965	0.003209	5.0
225	-0.036670	0.000000	0.159965	0.004875	5.3
226	-0.036024	0.000000	0.159965	0.003711	5.3
227	-0.037423	0.000000	0.159965	0.005374	5.2
228	-0.037293	0.000000	0.159965	0.005496	5.0
229	-0.038314	0.000000	0.159965	0.002514	4.3
230	-0.041783	0.000000	0.159965	0.003410	4.2
231	-0.035255	0.000000	0.159965	0.003700	4.1
232	-0.036436	0.000000	0.159965	0.007196	4.1
233	-0.037950	0.000000	0.159965	0.007328	5.6
234	-0.034686	0.000000	0.159965	0.004270	5.4
235	-0.039472	0.000000	0.159965	0.007031	5.1
236	-0.036975	0.000000	0.159965	0.005993	4.4
237	-0.036155	0.000000	0.159965	0.002638	5.1
238	-0.038647	0.000000	0.159965	0.004546	4.4
239	-0.033857	0.000000	0.159965	0.006601	4.5
240	-0.038967	0.000000	0.159965	0.002809	5.0
241	-0.035832	0.000000	0.159965	0.005311	4.8
242	-0.037258	0.000000	0.159965	0.004009	4.9
243	-0.041113	0.000000	0.159965	0.006237	5.0
244	-0.042050	0.000000	0.159965	0.004846	4.1
245	-0.037701	0.000000	0.159965	0.006325	4.4
246	-0.036524	0.000000	0.159965	0.003696	4.4
247	-0.038117	0.000000	0.159965	0.005417	4.6
248	-0.037287	0.000000	0.159965	0.005058	4.4
249	-0.043366	0.000000	0.159965	0.005600	5.0
250	-0.037094	0.000000	0.159965	0.003839	4.3
251	-0.038391	0.000000	0.159965	0.002588	4.9
252	-0.037581	0.000000	0.159965	0.005398	5.2
253	-0.036433	0.000000	0.159965	0.003170	4.9
254	-0.038858	0.000000	0.159965	0.002693	4.9
255	-0.039793	0.000000	0.159965	0.005719	5.1
256	-0.039926	0.000000	0.159965	0.004100	5.1
257	-0.043934	0.000000	0.159965	0.008086	5.1
258	-0.034091	0.000000	0.159965	0.003906	5.0
259	-0.036972	0.000000	0.159965	0.003953	5.2
260	-0.035872	0.000000	0.159965	0.004377	5.4
261	-0.037580	0.000000	0.159965	0.003231	5.4
262	-0.039386	0.000000	0.159965	0.006217	4.6
263	-0.036769	0.000000	0.159965	0.002617	4.7
264	-0.037716	0.000000	0.159965	0.004264	4.7
265	-0.038573	0.000000	0.159965	0.004864	5.2
266	-0.034717	0.000000	0.159965	0.006397	5.2
267	-0.037401	0.000000	0.159965	0.004115	5.0
268	-0.036718	0.000000	0.159965	0.004775	4.9
269	-0.034695	0.000000	0.159965	0.004623	5.0
270	-0.040342	0.000000	0.159965	0.003654	5.1
271	-0.038248	0.000000	0.159965	0.006476	5.0
272	-0.035394	0.000000	0.159965	0.005514	4.3
273	-0.040866	0.000000	0.159965	0.004827	4.2
274	-0.035977	0.000000	0.159965	0.004564	4.2
275	-0.039467	0.000000	0.159965	0.002567	4.9
276	-0.036575	0.000000	0.159965	0.003656	4.7
277	-0.039945	0.000000	0.159965	0.002291	4.1
278	-0.032860	0.000000	0.159965	0.004175	4.4
279	-0.036331	0.000000	0.159965	0.002169	4.5
280	-0.036954	0.000000	0.159965	0.004886	4.5
281	-0.039563	0.000000	0.159965	0.002862	4.6
282	-0.034398	0.000000	0.159965	0.003200	4.5
283	-0.036373	0.000000	0.159965	0.002874	4.0
284	-0.036157	0.000000	0.159965	0.004289	4.2
285	-0.038140	0.000000	0.159965	0.005765	5.0
286	-0.034430	0.000000	0.159965	0.003957	5.0
287	-0.038527	0.000000	0.159965	0.002703	4.8
288	-0.037815	0.000000	0.159965	0.003991	4.1
289	-0.039003	0.000000	0.159965	0.004176	4.1
290	-0.038910	0.000000	0.159965	0.004605	4.8
291	-0.037027	0.000000	0.159965	0.005614	5.1
292	-0.036651	0.000000	0.159965	0.007488	5.0
293	-0.039923	0.000000	0.159965	0.003666	4.9
294	-0.035801	0.000000	0.159965	0.004231	4.6
295	-0.038353	0.000000	0.159965	0.002928	4.6
296	-0.034715	0.000000	0.159965	0.005695	4.3
297	-0.039974	1.000000	0.155547	0.004922	4.4
298	-0.036989	0.200000	0.159054	0.001843	4.4
299	-0.039420	0.000000	0.159965	0.003597	5.0
300	-0.039602	0.000000	0.159965	0.005379	4.9
301	-0.034959	0.000000	0.159965	0.003581	4.7
302	-0.040865	0.000000	0.159965	0.004950	4.9
303	-0.040530	0.000000	0.159965	0.001304	4.9
304	-0.040537	1.000000	0.155547	0.004248	5.0
305	-0.037273	0.200000	0.159054	0.005779	4.6
306	-0.038448	0.000000	0.159965	0.005296	4.3
307	-0.036319	0.000000	0.159965	0.004119	4.5
308	-0.041188	0.000000	0.159965	0.006772	4.0
309	-0.037438	0.000000	0.159965	0.004340	4.1
310	-0.038541	0.000000	0.159965	0.006838	4.1
311	-0.038277	0.000000	0.159965	0.004874	4.9
312	-0.038680	0.000000	0.159965	0.003892	4.5
313	-0.037640	0.000000	0.159965	0.006379	4.3
314	-0.039387	0.000000	0.159965	0.002093	4.8
315	-0.042574	0.000000	0.159965	0.004435	4.8
316	-0.040002	0.000000	0.159965	0.003929	5.0
317	-0.038610	0.000000	0.159965	0.004200	4.6
318	-0.039038	0.000000	0.159965	0.003906	4.9
319	-0.037967	0.000000	0.159965	0.006763	5.0
320	-0.034775	0.000000	0.159965	0.005502	5.0
321	-0.038726	0.000000	0.159965	0.005405	4.2
322	-0.037091	0.000000	0.159965	0.002195	4.3
323	-0.035358	0.000000	0.159965	0.002729	5.3
324	-0.036463	0.000000	0.159965	0.003615	5.4
325	-0.035063	0.000000	0.159965	0.003979	5.5
326	-0.037175	0.000000	0.159965	0.003157	4.7
327	-0.035852	0.000000	0.159965	0.002689	5.3
328	-0.034314	0.000000	0.159965	0.003766	4.3
329	-0.037947	0.000000	0.159965	0.005016	4.0
330	-0.039021	0.000000	0.159965	0.002197	4.0
331	-0.036368	0.000000	0.159965	0.003959	3.8
332	-0.036740	0.000000	0.159965	0.007056	3.7
333	-0.039337	0.000000	0.159965	0.005412	3.7
334	-0.038521	0.000000	0.159965	0.005170	3.6
335	-0.037520	0.000000	0.159965	0.002748	3.7
336	-0.035921	0.000000	0.159965	0.003416	3.6
337	-0.036488	0.000000	0.159965	0.006270	3.9
338	-0.036324	0.000000	0.159965	0.004573	4.7
339	-0.038114	0.000000	0.159965	0.003655	3.8
340	-0.040778	0.000000	0.159965	0.005098	3.7
341	-0.037476	0.000000	0.159965	0.005048	3.7
342	-0.037911	0.000000	0.159965	0.003858	4.0
343	-0.038550	0.000000	0.159965	0.004118	4.8
344	-0.040214	0.000000	0.159965	0.006052	3.9
345	-0.040246	0.000000	0.159965	0.006216	4.7
346	-0.038257	0.000000	0.159965	0.005046	3.9
347	-0.037580	0.000000	0.159965	0.004406	3.9
348	-0.040993	0.000000	0.159965	0.003154	3.8
349	-0.042162	0.000000	0.159965	0.004045	3.9
350	-0.036698	0.000000	0.159965	0.004995	4.0
351	-0.040996	0.000000	0.159965	0.004842	4.0
352	-0.038762	0.000000	0.159965	0.004480	4.0
353	-0.036503	0.000000	0.159965	0.003506	5.0
354	-0.037857	0.000000	0.159965	0.003545	4.2
355	-0.035716	0.000000	0.159965	0.005628	3.9
356	-0.041588	0.000000	0.159965	0.003873	4.2
357	-0.037388	0.000000	0.159965	0.005704	4.3
358	-0.038841	0.000000	0.159965	0.006248	5.0
359	-0.040053	0.000000	0.159965	0.003907	4.1
360	-0.038520	0.000000	0.159965	0.005729	3.8
361	-0.035393	0.000000	0.159965	0.003755	4.3
362	-0.038543	0.000000	0.159965	0.004411	4.8
363	-0.041672	0.000000	0.159965	0.001243	4.9
364	-0.036265	0.000000	0.159965	0.003607	4.4
365	-0.038846	0.000000	0.159965	0.004066	4.5
366	-0.041041	0.000000	0.159965	0.003835	4.5
367	-0.038380	0.000000	0.159965	0.002606	4.5
368	-0.035289	0.000000	0.159965	0.004180	5.6
369	-0.038506	0.000000	0.159965	0.003218	5.2
370	-0.037226	0.000000	0.159965	0.002992	5.3
371	-0.038294	0.000000	0.159965	0.004673	5.6
372	-0.035082	0.000000	0.159965	0.003650	5.3
373	-0.038710	0.000000	0.159965	0.005938	5.4
374	-0.039645	0.000000	0.159965	0.005158	5.0
375	-0.034995	0.000000	0.159965	0.002141	4.9
376	-0.036349	0.000000	0.159965	0.004742	5.0
377	-0.043743	0.000000	0.159965	0.004709	4.9
378	-0.038589	0.000000	0.159965	0.006712	5.2
379	-0.034206	0.000000	0.159965	0.003173	5.3
380	-0.033511	0.000000	0.159965	0.002875	5.2
381	-0.037465	0.000000	0.159965	0.003738	5.1
382	-0.037374	0.631961	0.157135	0.006668	4.9
383	-0.040877	0.000000	0.159965	0.002804	5.0
384	-0.034907	0.000000	0.159965	0.004469	5.0
385	-0.039704	0.000000	0.159965	0.005083	4.9
386	-0.039048	0.000000	0.159965	0.002985	5.0
387	-0.041021	0.000000	0.159965	0.004864	4.9
388	-0.037881	0.000000	0.159965	0.003226	4.3
389	-0.040587	0.000000	0.159965	0.003382	5.0
390	-0.039551	0.000000	0.159965	0.007095	4.7
391	-0.036830	0.000000	0.159965	0.003890	5.1
392	-0.042225	0.000000	0.159965	0.003910	5.1
393	-0.040531	0.000000	0.159965	0.006758	5.0
394	-0.040407	0.000000	0.159965	0.003291	5.2
395	-0.037753	0.000000	0.159965	0.002979	4.8
396	-0.037511	0.000000	0.159965	0.002734	5.0
397	-0.036068	0.000000	0.159965	0.007012	5.1
398	-0.037314	0.000000	0.159965	0.003614	5.2
399	-0.038303	0.000000	0.159965	0.002372	5.1
400	-0.037591	0.000000	0.159965	0.004633	4.7
401	-0.037857	1.000000	0.155547	0.006966	5.2
402	-0.036714	0.200000	0.159054	0.002429	5.0
403	-0.036952	0.000000	0.159965	0.002972	5.1
404	-0.038606	0.000000	0.159965	0.004749	5.0
405	-0.036546	0.000000	0.159965	0.002332	5.1
406	-0.039266	0.000000	0.159965	0.006753	5.0
407	-0.037763	0.000000	0.159965	0.003855	4.9
408	-0.035802	0.000000	0.159965	0.002394	5.0
409	-0.039439	0.000000	0.159965	0.004370	4.3
410	-0.036593	0.000000	0.159965	0.002396	4.4
411	-0.039919	0.000000	0.159965	0.005582	5.0
412	-0.037975	0.000000	0.159965	0.003663	5.0
413	-0.039081	0.000000	0.159965	0.002586	5.0
414	-0.041019	0.000000	0.159965	0.005723	5.2
415	-0.038590	0.000000	0.159965	0.004501	5.2
416	-0.036605	0.000000	0.159965	0.003139	5.3
417	-0.037007	0.000000	0.159965	0.003069	4.7
418	-0.039190	0.000000	0.159965	0.005513	4.5
419	-0.038751	0.000000	0.159965	0.003594	4.2
420	-0.037776	0.000000	0.159965	0.002818	4.0
421	-0.038709	0.000000	0.159965	0.004193	4.5
422	-0.037116	0.000000	0.159965	0.004661	4.7
423	-0.039610	0.000000	0.159965	0.004150	4.8
424	-0.038068	0.000000	0.159965	0.005642	4.3
425	-0.035580	0.000000	0.159965	0.003662	4.2
426	-0.040089	0.000000	0.159965	0.002808	4.3
427	-0.038835	0.000000	0.159965	0.004269	4.3
428	-0.039718	0.000000	0.159965	0.005022	4.6
429	-0.038531	0.000000	0.159965	0.004819	5.1
430	-0.034754	0.000000	0.159965	0.003854	5.0
431	-0.040793	0.000000	0.159965	0.004813	4.8
432	-0.038857	0.000000	0.159965	0.002785	4.7
433	-0.037232	0.000000	0.159965	0.004732	4.7
434	-0.032610	0.000000	0.159965	0.004490	4.9
435	-0.037142	0.000000	0.159965	0.002925	4.8
436	-0.036609	0.000000	0.159965	0.003406	5.1
437	-0.045675	0.000000	0.159965	0.005837	5.1
438	-0.037456	0.000000	0.159965	0.003673	5.0
439	-0.040266	0.000000	0.159965	0.003234	4.9
440	-0.033330	0.000000	0.159965	0.005101	5.0
441	-0.038359	1.000000	0.155547	0.002547	5.0
442	-0.036931	0.200000	0.159054	0.003269	5.1
443	-0.038798	0.000000	0.159965	0.004325	5.1
444	-0.039326	0.000000	0.159965	0.003359	5.0
445	-0.037213	0.000000	0.159965	0.003775	5.0
446	-0.034837	0.000000	0.159965	0.003989	4.7
447	-0.039574	0.000000	0.159965	0.002758	5.1
448	-0.040459	0.000000	0.159965	0.006515	5.1
449	-0.036204	0.000000	0.159965	0.004362	4.9
450	-0.038762	0.000000	0.159965	0.005269	5.2
451	-0.042038	0.000000	0.159965	0.004500	5.1
452	-0.041691	0.000000	0.159965	0.004488	5.2
453	-0.038003	0.000000	0.159965	0.002446	5.3
454	-0.040243	0.000000	0.159965	0.004434	5.1
455	-0.039172	1.000000	0.155547	0.004025	5.0
456	-0.038837	0.200000	0.159054	0.003486	4.8
457	-0.039858	0.000000	0.159965	0.006178	4.9
458	-0.038313	0.000000	0.159965	0.004118	4.4
459	-0.039130	0.000000	0.159965	0.004642	4.3
460	-0.038251	0.000000	0.159965	0.004268	4.0
461	-0.037886	0.000000	0.159965	0.004310	4.8
462	-0.040471	0.000000	0.159965	0.005360	4.8
463	-0.039465	0.000000	0.159965	0.006164	5.1
464	-0.038448	0.000000	0.159965	0.005948	4.2
465	-0.039515	0.000000	0.159965	0.003287	4.2
466	-0.038594	0.000000	0.159965	0.003190	4.4
467	-0.035157	0.000000	0.159965	0.003167	5.2
468	-0.037945	0.000000	0.159965	0.004213	4.4
469	-0.041013	0.000000	0.159965	0.005308	4.2
470	-0.035661	0.000000	0.159965	0.004093	4.0
471	-0.037700	0.000000	0.159965	0.004584	3.9
472	-0.037080	0.000000	0.159965	0.004394	4.0
473	-0.037654	0.000000	0.159965	0.004927	5.0
474	-0.038859	0.000000	0.159965	0.004801	4.6
475	-0.038612	0.000000	0.159965	0.004590	4.1
476	-0.038198	0.000000	0.159965	0.003327	4.0
477	-0.040504	0.000000	0.159965	0.003228	4.0
478	-0.033408	0.000000	0.159965	0.003695	4.1
479	-0.036284	0.000000	0.159965	0.007100	4.7
480	-0.039302	0.000000	0.159965	0.002448	4.7
481	-0.035809	0.000000	0.159965	0.003917	4.6
482	-0.035353	0.000000	0.159965	0.003396	4.3
483	-0.034452	0.000000	0.159965	0.003158	4.2
484	-0.036514	0.000000	0.159965	0.003327	4.2
485	-0.037296	0.000000	0.159965	0.004958	4.3
486	-0.038232	0.000000	0.159965	0.002425	4.8
487	-0.040377	0.000000	0.159965	0.006571	5.4
488	-0.037401	0.000000	0.159965	0.005457	5.2
489	-0.036438	0.000000	0.159965	0.004775	5.2
490	-0.035394	0.000000	0.159965	0.002613	4.7
491	-0.041592	0.000000	0.159965	0.004542	5.0
492	-0.040854	0.000000	0.159965	0.004775	4.6
493	-0.037820	0.000000	0.159965	0.003526	4.2
494	-0.036689	0.000000	0.159965	0.003028	4.2
495	-0.038562	0.000000	0.159965	0.005067	3.8
496	-0.036096	0.000000	0.159965	0.005103	4.1
497	-0.037882	0.000000	0.159965	0.002082	4.1
498	-0.034635	0.000000	0.159965	0.004235	4.7
499	-0.039180	0.000000	0.159965	0.002455	3.8
500	-0.037161	0.000000	0.159965	0.004119	3.9
501	-0.037710	0.000000	0.159965	0.004453	4.7
502	-0.035010	0.000000	0.159965	0.002610	4.4
503	-0.033552	0.000000	0.159965	0.003081	4.2
504	-0.039841	0.000000	0.159965	0.003711	3.8
505	-0.037389	0.000000	0.159965	0.004527	3.9
506	-0.037035	0.000000	0.159965	0.004277	4.0
507	-0.037359	0.000000	0.159965	0.004468	4.6
508	-0.037824	0.000000	0.159965	0.005810	3.7
509	-0.036063	0.000000	0.159965	0.006812	3.9
510	-0.040056	0.000000	0.159965	0.004956	3.9
511	-0.038199	0.000000	0.159965	0.003430	3.7
512	-0.042069	0.000000	0.159965	0.004180	3.7
513	-0.038318	0.000000	0.159965	0.004600	3.5
514	-0.035746	0.000000	0.159965	0.004452	3.6
515	-0.037063	0.000000	0.159965	0.002907	3.6
516	-0.038887	0.000000	0.159965	0.005615	3.8
517	-0.038331	0.000000	0.159965	0.003052	4.9
518	-0.042539	0.000000	0.159965	0.004587	4.4
519	-0.037502	0.000000	0.159965	0.002758	4.0
520	-0.038122	0.000000	0.159965	0.003686	4.9
521	-0.036129	0.000000	0.159965	0.004550	4.4
522	-0.041876	0.000000	0.159965	0.004891	3.7
523	-0.037409	0.000000	0.159965	0.005423	3.8
524	-0.040050	0.000000	0.159965	0.004790	3.5
525	-0.037411	0.000000	0.159965	0.003454	3.6
526	-0.039261	0.000000	0.159965	0.004699	3.9
527	-0.041459	0.000000	0.159965	0.003524	4.7
528	-0.036473	0.000000	0.159965	0.004616	4.9
529	-0.041194	0.000000	0.159965	0.003298	4.3
530	-0.040754	0.000000	0.159965	0.004874	4.9
531	-0.037061	0.000000	0.159965	0.005666	4.9
532	-0.036322	0.000000	0.159965	0.002486	4.6
533	-0.042222	0.000000	0.159965	0.004972	5.0
534	-0.039348	0.000000	0.159965	0.003530	4.6
535	-0.038792	0.000000	0.159965	0.002933	4.6
536	-0.035128	0.000000	0.159965	0.002727	4.2
537	-0.039900	0.000000	0.159965	0.004492	5.4
538	-0.037396	0.000000	0.159965	0.003544	5.1
539	-0.038690	0.000000	0.159965	0.005255	5.1
540	-0.037979	0.000000	0.159965	0.004892	4.5
541	-0.038718	0.000000	0.159965	0.005800	5.7
542	-0.039935	0.000000	0.159965	0.002561	5.5
543	-0.041368	0.000000	0.159965	0.005833	5.1
544	-0.037208	0.000000	0.159965	0.004652	5.1
545	-0.037202	0.000000	0.159965	0.004415	4.6
546	-0.039863	0.000000	0.159965	0.003787	4.5
547	-0.039647	0.000000	0.159965	0.003572	4.1
548	-0.038269	0.000000	0.159965	0.001488	4.0
549	-0.038465	0.000000	0.159965	0.004269	3.9
550	-0.038172	0.000000	0.159965	0.003463	3.7
551	-0.041016	0.000000	0.159965	0.003193	4.7
552	-0.037209	0.000000	0.159965	0.003640	4.9
553	-0.038707	0.000000	0.159965	0.003086	4.3
554	-0.037050	0.000000	0.159965	0.002054	4.8
555	-0.037103	1.000000	0.155547	0.007109	4.3
556	-0.038191	0.200000	0.159054	0.005777	4.2
557	-0.040688	0.000000	0.159965	0.003472	4.1
558	-0.036249	0.000000	0.159965	0.005483	4.2
559	-0.038571	0.000000	0.159965	0.005106	3.9
560	-0.037720	0.000000	0.159965	0.004055	4.9
561	-0.041635	0.000000	0.159965	0.004541	5.0
562	-0.039305	0.000000	0.159965	0.004931	4.5
563	-0.036952	0.000000	0.159965	0.004224	4.1
564	-0.038753	0.000000	0.159965	0.004022	3.9
565	-0.039151	0.000000	0.159965	0.003472	4.2
566	-0.040392	0.000000	0.159965	0.004415	5.1
567	-0.043149	0.000000	0.159965	0.005942	5.0
568	-0.036482	0.000000	0.159965	0.002680	5.0
569	-0.040110	0.000000	0.159965	0.004172	4.9
570	-0.039945	0.000000	0.159965	0.007073	4.5
571	-0.038947	0.000000	0.159965	0.007285	4.9
572	-0.037994	0.000000	0.159965	0.005011	4.8
573	-0.038163	0.000000	0.159965	0.004867	4.3
574	-0.040110	0.000000	0.159965	0.003387	4.2
575	-0.044511	0.000000	0.159965	0.003778	4.1
576	-0.037594	0.000000	0.159965	0.005705	5.1
577	-0.041059	0.000000	0.159965	0.005365	4.1
578	-0.035947	0.000000	0.159965	0.003083	4.4
579	-0.037848	0.000000	0.159965	0.003963	5.2
580	-0.038299	0.000000	0.159965	0.006614	4.3
581	-0.039269	0.000000	0.159965	0.003519	4.3
582	-0.038612	0.000000	0.159965	0.002270	4.0
583	-0.040100	0.000000	0.159965	0.005635	3.9
584	-0.041084	0.000000	0.159965	0.004071	3.9
585	-0.039223	0.000000	0.159965	0.002350	3.9
586	-0.037777	0.000000	0.159965	0.005272	3.9
587	-0.041715	0.000000	0.159965	0.004245	3.6
588	-0.040584	0.000000	0.159965	0.004652	3.6
589	-0.039346	0.000000	0.159965	0.004242	3.9
590	-0.034353	0.000000	0.159965	0.003619	3.6
591	-0.039305	0.000000	0.159965	0.004956	3.7
592	-0.038225	0.000000	0.159965	0.003762	3.7
593	-0.036446	0.000000	0.159965	0.004835	4.4
594	-0.036179	0.000000	0.159965	0.004567	3.6
595	-0.035798	0.000000	0.159965	0.002156	3.8
596	-0.043096	0.000000	0.159965	0.005681	3.7
597	-0.036101	0.000000	0.159965	0.005360	4.1
598	-0.036007	0.000000	0.159965	0.003388	4.2
599	-0.038296	0.000000	0.159965	0.003960	4.7
600	-0.039855	0.000000	0.159965	0.004768	3.7
601	-0.038728	0.000000	0.159965	0.003402	3.9
602	-0.037350	0.000000	0.159965	0.005784	3.8
603	-0.036476	0.000000	0.159965	0.002852	4.2
604	-0.037423	0.000000	0.159965	0.003054	4.9
605	-0.040200	0.000000	0.159965	0.004790	4.4
606	-0.036784	0.000000	0.159965	0.003704	4.2
607	-0.038996	0.000000	0.159965	0.003175	5.0
608	-0.039144	0.000000	0.159965	0.003358	4.2
609	-0.042300	0.000000	0.159965	0.004819	4.1
610	-0.037496	0.000000	0.159965	0.002926	4.0
611	-0.036114	0.000000	0.159965	0.003732	4.0
612	-0.039633	0.000000	0.159965	0.005712	3.7
613	-0.038424	0.000000	0.159965	0.005711	4.0
614	-0.040245	0.000000	0.159965	0.004166	4.8
615	-0.039725	0.000000	0.159965	0.003082	4.0
616	-0.037920	0.000000	0.159965	0.003311	4.9
617	-0.038407	0.000000	0.159965	0.005931	4.8
618	-0.038201	0.000000	0.159965	0.002244	4.6
619	-0.037242	0.000000	0.159965	0.004738	4.4
620	-0.040694	0.000000	0.159965	0.006462	5.1
621	-0.036541	0.000000	0.159965	0.003473	5.0
622	-0.041018	0.000000	0.159965	0.003066	4.9
623	-0.038211	0.000000	0.159965	0.003705	4.9
624	-0.042701	0.000000	0.159965	0.006120	5.3
625	-0.036757	0.000000	0.159965	0.004515	5.2
626	-0.036736	0.000000	0.159965	0.004278	4.1
627	-0.034203	0.000000	0.159965	0.007343	4.0
628	-0.037395	0.000000	0.159965	0.003980	4.2
629	-0.038127	0.000000	0.159965	0.003793	5.2
630	-0.039321	0.000000	0.159965	0.004875	5.1
631	-0.037178	0.000000	0.159965	0.004223	5.2
632	-0.041824	0.000000	0.159965	0.003244	5.1
633	-0.040337	0.000000	0.159965	0.003503	5.1
634	-0.036675	0.000000	0.159965	0.002559	5.2
635	-0.037341	0.000000	0.159965	0.004002	5.3
636	-0.039612	0.000000	0.159965	0.002490	5.0
637	-0.037974	0.000000	0.159965	0.003873	4.7
638	-0.040804	0.000000	0.159965	0.002867	5.0
639	-0.040886	0.000000	0.159965	0.003338	4.6
640	-0.039398	0.000000	0.159965	0.003947	4.9
641	-0.039393	0.000000	0.159965	0.004013	4.8
642	-0.042469	0.000000	0.159965	0.004174	5.0
643	-0.041645	0.000000	0.159965	0.005755	5.3
644	-0.037511	0.000000	0.159965	0.004236	4.9
645	-0.037790	0.000000	0.159965	0.003198	4.8
646	-0.040396	0.000000	0.159965	0.002900	4.0
647	-0.035977	0.000000	0.159965	0.004271	4.1
648	-0.037416	0.000000	0.159965	0.004141	5.3
649	-0.037682	0.000000	0.159965	0.004682	4.5
650	-0.040630	0.000000	0.159965	0.004062	5.0
651	-0.037161	0.000000	0.159965	0.005612	5.1
652	-0.039081	0.000000	0.159965	0.005395	4.9
653	-0.039410	0.000000	0.159965	0.005962	4.4
654	-0.039657	0.000000	0.159965	0.003047	4.2
655	-0.039189	0.000000	0.159965	0.003393	5.2
656	-0.040181	0.000000	0.159965	0.004691	5.2
657	-0.038677	0.000000	0.159965	0.004657	4.6
658	-0.035533	0.000000	0.159965	0.003307	5.1
659	-0.039926	0.000000	0.159965	0.007034	5.0
660	-0.043739	0.000000	0.159965	0.002917	4.9
661	-0.037996	0.000000	0.159965	0.002839	4.7
662	-0.040754	0.000000	0.159965	0.003415	5.0
663	-0.038736	0.000000	0.159965	0.004971	4.6
664	-0.038641	0.000000	0.159965	0.003408	4.5
665	-0.037845	0.000000	0.159965	0.003447	4.1
666	-0.038309	0.000000	0.159965	0.004832	4.0
667	-0.038276	0.000000	0.159965	0.004296	3.9
668	-0.038925	0.000000	0.159965	0.006808	3.8
669	-0.040138	0.000000	0.159965	0.003198	4.4
670	-0.038192	0.000000	0.159965	0.004450	4.3
671	-0.039109	0.000000	0.159965	0.005648	4.8
672	-0.037644	0.000000	0.159965	0.002532	4.6
673	-0.037955	0.000000	0.159965	0.003929	4.6
674	-0.036669	0.000000	0.159965	0.006163	4.9
675	-0.042298	0.000000	0.159965	0.006273	4.6
676	-0.036517	0.000000	0.159965	0.003231	4.2
677	-0.040520	0.000000	0.159965	0.003585	4.2
678	-0.034199	0.000000	0.159965	0.005859	4.0
679	-0.041746	0.000000	0.159965	0.003668	4.0
680	-0.036837	0.000000	0.159965	0.003570	4.0
681	-0.038583	0.000000	0.159965	0.003288	4.1
682	-0.037104	0.000000	0.159965	0.003998	3.9
683	-0.035585	0.000000	0.159965	0.004942	5.0
684	-0.040789	0.000000	0.159965	0.003520	4.6
685	-0.039353	0.000000	0.159965	0.004380	4.9
686	-0.038569	0.000000	0.159965	0.002331	5.3
687	-0.039501	0.000000	0.159965	0.005293	4.7
688	-0.035915	0.000000	0.159965	0.003761	5.3
689	-0.038704	1.000000	0.155547	0.003008	5.4
690	-0.039213	0.200000	0.159054	0.004826	5.5
691	-0.036471	0.000000	0.159965	0.003583	5.2
692	-0.040020	0.000000	0.159965	0.006206	5.0
693	-0.039453	0.000000	0.159965	0.004888	4.7
694	-0.039230	0.000000	0.159965	0.003503	4.5
695	-0.038250	0.000000	0.159965	0.003734	4.5
696	-0.043120	0.000000	0.159965	0.005471	5.1
697	-0.038976	1.000000	0.155547	0.003536	4.9
698	-0.042610	0.200000	0.159054	0.005425	4.5
699	-0.039701	0.000000	0.159965	0.004112	4.6
700	-0.039554	0.000000	0.159965	0.002281	5.1
701	-0.035645	0.000000	0.159965	0.002207	5.4
702	-0.038204	0.000000	0.159965	0.006232	5.1
703	-0.037206	0.000000	0.159965	0.005797	5.5
704	-0.037605	0.000000	0.159965	0.003826	5.3
705	-0.034533	0.000000	0.159965	0.005831	5.1
706	-0.039488	0.000000	0.159965	0.003648	5.1
707	-0.033597	0.000000	0.159965	0.002742	5.4
708	-0.040688	0.000000	0.159965	0.003736	5.4
709	-0.040380	0.000000	0.159965	0.007543	5.4
710	-0.037895	0.000000	0.159965	0.003564	4.8
711	-0.040950	0.000000	0.159965	0.005900	4.5
712	-0.037616	0.000000	0.159965	0.004311	4.4
713	-0.036538	0.000000	0.159965	0.003526	5.0
714	-0.037230	0.000000	0.159965	0.003906	4.7
715	-0.037713	0.000000	0.159965	0.004909	5.2
716	-0.037305	0.000000	0.159965	0.004474	5.5
717	-0.039138	0.000000	0.159965	0.003241	5.0
718	-0.041387	0.000000	0.159965	0.003992	4.4
719	-0.039610	0.000000	0.159965	0.003144	5.0
720	-0.038753	0.000000	0.159965	0.004866	5.5
721	-0.038636	0.000000	0.159965	0.001730	5.1
722	-0.040298	0.000000	0.159965	0.003842	5.3
723	-0.038251	0.000000	0.159965	0.003654	4.3
724	-0.036303	0.000000	0.159965	0.003473	4.7
725	-0.038089	0.000000	0.159965	0.003523	5.4
726	-0.039056	0.000000	0.159965	0.004840	5.5
727	-0.040782	0.000000	0.159965	0.004747	5.3
728	-0.042356	0.000000	0.159965	0.006585	5.4
729	-0.038355	0.000000	0.159965	0.006797	5.5
730	-0.038619	0.000000	0.159965	0.005870	5.5
731	-0.041946	0.000000	0.159965	0.004071	5.8
732	-0.041523	0.000000	0.159965	0.002429	5.4
733	-0.037088	0.000000	0.159965	0.003447	5.3
734	-0.038820	0.000000	0.159965	0.003294	5.5
735	-0.037785	0.000000	0.159965	0.005195	4.5
736	-0.041073	0.000000	0.159965	0.004927	5.8
737	-0.038220	0.000000	0.159965	0.003719	5.5
738	-0.038109	0.000000	0.159965	0.004179	5.7
739	-0.042048	0.000000	0.159965	0.004325	5.6
740	-0.038682	0.000000	0.159965	0.002795	5.3
741	-0.040277	0.000000	0.159965	0.003300	4.3
742	-0.037148	0.000000	0.159965	0.003812	5.6
743	-0.038313	0.000000	0.159965	0.004427	4.7
744	-0.039640	0.000000	0.159965	0.004530	5.9
745	-0.038197	0.000000	0.159965	0.005439	5.6
746	-0.038235	0.000000	0.159965	0.005214	5.7
747	-0.037790	0.000000	0.159965	0.003759	5.6
748	-0.032411	0.000000	0.159965	0.003814	4.7
749	-0.040229	0.000000	0.159965	0.003112	4.8
750	-0.039621	0.000000	0.159965	0.007214	5.4
751	-0.037280	0.000000	0.159965	0.003357	5.4
752	-0.037576	0.000000	0.159965	0.002922	5.8
753	-0.040442	0.000000	0.159965	0.003841	5.0
754	-0.039231	0.000000	0.159965	0.004127	5.7
755	-0.039291	0.000000	0.159965	0.003555	4.9
756	-0.040373	0.000000	0.159965	0.003477	4.7
757	-0.037723	0.000000	0.159965	0.003311	5.1
758	-0.039454	0.000000	0.159965	0.004797	5.5
759	-0.035873	0.000000	0.159965	0.004357	5.3
760	-0.036404	0.000000	0.159965	0.003234	5.3
761	-0.041535	0.000000	0.159965	0.003974	5.4
762	-0.041936	0.000000	0.159965	0.005993	5.6
763	-0.036525	0.000000	0.159965	0.004650	5.5
764	-0.041411	0.000000	0.159965	0.003179	4.7
765	-0.039846	0.000000	0.159965	0.001894	5.4
766	-0.038561	0.000000	0.159965	0.002837	4.9
767	-0.042104	0.000000	0.159965	0.004182	4.8
768	-0.039234	0.000000	0.159965	0.004023	5.4
769	-0.040059	0.000000	0.159965	0.005690	5.5
770	-0.036733	0.000000	0.159965	0.004628	5.5
771	-0.039680	0.000000	0.159965	0.002490	4.5
772	-0.037711	0.000000	0.159965	0.002093	5.5
773	-0.039784	0.000000	0.159965	0.001720	5.5
774	-0.037619	0.000000	0.159965	0.004143	5.4
775	-0.041478	0.000000	0.159965	0.003498	4.8
776	-0.041245	0.000000	0.159965	0.001788	5.7
777	-0.035573	0.000000	0.159965	0.003685	4.8
778	-0.037773	0.000000	0.159965	0.002890	4.9
779	-0.038029	0.000000	0.159965	0.002542	4.7
780	-0.038228	0.000000	0.159965	0.003791	5.0
781	-0.039103	1.000000	0.155547	0.004631	5.3
782	-0.039065	0.200000	0.159054	0.003337	5.3
783	-0.037418	0.000000	0.159965	0.005687	5.1
784	-0.041166	0.000000	0.159965	0.003729	5.3
785	-0.035545	0.000000	0.159965	0.002366	5.5
786	-0.037827	0.000000	0.159965	0.003714	6.1
787	-0.037838	0.000000	0.159965	0.004180	6.3
788	-0.036402	0.000000	0.159965	0.005108	6.1
789	-0.038104	0.000000	0.159965	0.004586	5.5
790	-0.036990	0.000000	0.159965	0.004103	4.8
791	-0.037580	0.000000	0.159965	0.003782	4.9
792	-0.039135	0.000000	0.159965	0.002008	5.5
793	-0.042295	0.000000	0.159965	0.003675	5.1
794	-0.039253	0.000000	0.159965	0.003018	5.3
795	-0.039158	0.000000	0.159965	0.002909	4.6
796	-0.040702	0.000000	0.159965	0.005445	4.7
797	-0.039358	0.000000	0.159965	0.002603	4.7
798	-0.041325	1.000000	0.155547	0.006116	4.4
799	-0.037410	2.000000	0.151440	0.003830	5.3
800	-0.033704	1.200000	0.154702	0.003799	5.4
801	-0.037301	0.400000	0.158158	0.005464	4.6
802	-0.042024	0.000000	0.159965	0.003551	4.7
803	-0.035451	0.000000	0.159965	0.003601	6.0
804	-0.040216	0.000000	0.159965	0.001853	5.7
805	-0.036617	0.000000	0.159965	0.004209	5.7
806	-0.036281	0.000000	0.159965	0.004824	4.8
807	-0.036779	0.000000	0.159965	0.005683	5.9
808	-0.038810	0.000000	0.159965	0.006247	5.8
809	-0.037459	0.000000	0.159965	0.002502	5.7
810	-0.041737	0.000000	0.159965	0.003251	5.7
811	-0.039291	0.000000	0.159965	0.004285	5.3
812	-0.033579	0.000000	0.159965	0.003876	5.0
813	-0.041102	0.000000	0.159965	0.004707	5.1
814	-0.038677	0.000000	0.159965	0.003775	5.1
815	-0.034646	0.000000	0.159965	0.002411	5.1
816	-0.038083	0.000000	0.159965	0.005152	5.7
817	-0.041902	0.000000	0.159965	0.004308	5.3
818	-0.038714	0.000000	0.159965	0.005479	5.5
819	-0.036712	0.000000	0.159965	0.005783	6.1
820	-0.037554	0.000000	0.159965	0.003132	5.6
821	-0.038587	0.000000	0.159965	0.003814	6.2
822	-0.038427	0.000000	0.159965	0.005478	5.6
823	-0.039059	0.000000	0.159965	0.004845	5.7
824	-0.042230	0.000000	0.159965	0.003647	6.0
825	-0.040908	0.000000	0.159965	0.003964	4.5
826	-0.038164	0.000000	0.159965	0.002448	5.2
827	-0.037784	0.000000	0.159965	0.002349	5.4
828	-0.038849	0.000000	0.159965	0.002005	4.4
829	-0.041218	0.000000	0.159965	0.004513	4.7
830	-0.042221	0.000000	0.159965	0.003464	4.6
831	-0.038532	0.000000	0.159965	0.005075	5.3
832	-0.039688	0.000000	0.159965	0.004756	4.5
833	-0.040523	0.000000	0.159965	0.004168	4.4
834	-0.040235	0.000000	0.159965	0.004002	5.6
835	-0.040743	0.000000	0.159965	0.005261	5.3
836	-0.037868	0.000000	0.159965	0.003483	5.2
837	-0.038263	0.000000	0.159965	0.003421	4.7
838	-0.037773	0.000000	0.159965	0.003909	5.7
839	-0.037500	0.000000	0.159965	0.004668	4.8
840	-0.038712	0.000000	0.159965	0.004108	4.8
841	-0.039717	0.000000	0.159965	0.005225	4.6
842	-0.038523	0.000000	0.159965	0.005007	5.4
843	-0.041668	0.000000	0.159965	0.005151	5.2
844	-0.039628	0.000000	0.159965	0.003014	5.0
845	-0.039862	0.000000	0.159965	0.001577	5.5
846	-0.035476	0.000000	0.159965	0.003564	5.6
847	-0.040542	0.000000	0.159965	0.003958	5.0
848	-0.037507	0.000000	0.159965	0.004296	5.5
849	-0.038715	0.000000	0.159965	0.005131	4.9
850	-0.040306	0.000000	0.159965	0.003754	5.4
851	-0.039818	0.000000	0.159965	0.003412	5.4
852	-0.037533	0.000000	0.159965	0.003710	5.6
853	-0.042372	0.000000	0.159965	0.004100	5.5
854	-0.037441	0.000000	0.159965	0.004167	5.5
855	-0.040554	0.000000	0.159965	0.002814	5.3
856	-0.037722	0.000000	0.159965	0.002389	5.3
857	-0.039690	0.000000	0.159965	0.003170	4.6
858	-0.036359	0.000000	0.159965	0.002413	5.4
859	-0.038805	0.000000	0.159965	0.005590	5.9
860	-0.039099	0.000000	0.159965	0.004034	6.0
861	-0.040315	0.000000	0.159965	0.003207	5.4
862	-0.036528	0.000000	0.159965	0.003665	5.4
863	-0.039701	0.000000	0.159965	0.003553	5.0
864	-0.034924	0.000000	0.159965	0.005852	4.8
865	-0.036680	0.000000	0.159965	0.004953	5.4
866	-0.041234	0.000000	0.159965	0.004661	5.3
867	-0.036249	0.000000	0.159965	0.003783	5.2
868	-0.035974	0.000000	0.159965	0.002784	5.4
869	-0.034383	0.000000	0.159965	0.003579	5.7
870	-0.038254	0.000000	0.159965	0.005365	5.3
871	-0.039464	0.000000	0.159965	0.002753	4.3
872	-0.036893	0.000000	0.159965	0.004730	5.0
873	-0.038799	0.000000	0.159965	0.003699	5.8
874	-0.040078	1.000000	0.155547	0.004655	4.4
875	-0.039116	0.200000	0.159054	0.002554	4.9
876	-0.038006	0.000000	0.159965	0.003138	4.2
877	-0.041643	0.000000	0.159965	0.002346	5.1
878	-0.036368	0.000000	0.159965	0.003345	4.3
879	-0.037277	0.000000	0.159965	0.003300	4.2
880	-0.040717	0.000000	0.159965	0.004592	4.0
881	-0.037734	0.000000	0.159965	0.003012	4.1
882	-0.040036	0.000000	0.159965	0.003829	5.0
883	-0.035755	0.000000	0.159965	0.002215	5.2
884	-0.039362	0.000000	0.159965	0.005388	5.1
885	-0.034901	0.000000	0.159965	0.002889	4.3
886	-0.037998	0.000000	0.159965	0.002562	4.3
887	-0.041679	0.000000	0.159965	0.006311	5.0
888	-0.038842	0.000000	0.159965	0.008028	5.9
889	-0.037240	0.000000	0.159965	0.005233	7.7
890	-0.038763	0.000000	0.159965	0.006933	5.0
891	-0.040232	0.000000	0.159965	0.004064	4.5
892	-0.036007	0.000000	0.159965	0.007636	4.3
893	-0.039397	0.000000	0.159965	0.003768	4.9
894	-0.041043	0.000000	0.159965	0.004207	4.3
895	-0.037797	0.000000	0.159965	0.004778	5.5
896	-0.037687	0.000000	0.159965	0.003178	5.6
897	-0.037370	0.000000	0.159965	0.005540	4.1
898	-0.036321	0.000000	0.159965	0.003555	5.2
899	-0.038498	0.000000	0.159965	0.002905	5.1
900	-0.038232	0.000000	0.159965	0.006813	5.1
901	-0.041048	0.000000	0.159965	0.002864	5.4
902	-0.037659	0.000000	0.159965	0.003994	4.3
903	-0.039488	0.000000	0.159965	0.004583	5.7
904	-0.035927	0.000000	0.159965	0.003679	4.7
905	-0.038557	0.000000	0.159965	0.004351	4.7
906	-0.038879	0.000000	0.159965	0.004982	4.9
907	-0.041531	0.000000	0.159965	0.005896	4.6
908	-0.039277	0.000000	0.159965	0.004891	5.4
909	-0.035529	0.000000	0.159965	0.006011	4.6
910	-0.038682	0.000000	0.159965	0.005336	5.2
911	-0.042035	0.000000	0.159965	0.003232	4.4
912	-0.038067	0.000000	0.159965	0.002512	5.4
913	-0.041314	0.999992	0.155547	0.004879	5.3
914	-0.038242	1.999992	0.151440	0.005358	4.1
915	-0.037359	1.199992	0.154702	0.006613	4.6
916	-0.039583	0.399992	0.158158	0.003657	5.9
917	-0.038434	0.000000	0.159965	0.003482	5.6
918	-0.040233	0.000000	0.159965	0.004191	5.2
919	-0.041439	0.000000	0.159965	0.003713	5.9
920	-0.037128	0.000000	0.159965	0.004376	5.7
921	-0.039028	0.000000	0.159965	0.006070	5.1
922	-0.045931	0.000000	0.159965	0.002535	5.4
923	-0.038034	0.000000	0.159965	0.003874	5.6
924	-0.036955	0.000000	0.159965	0.005527	4.6
925	-0.039893	0.000000	0.159965	0.006316	5.2
926	-0.035505	0.000000	0.159965	0.003919	4.9
927	-0.039233	0.000000	0.159965	0.005425	6.4
928	-0.037682	0.000000	0.159965	0.002590	5.5
929	-0.038213	0.000000	0.159965	0.004110	5.3
930	-0.038277	0.000000	0.159965	0.004077	6.1
931	-0.041968	0.000000	0.159965	0.003615	4.6
932	-0.042227	0.000000	0.159965	0.005511	4.8
933	-0.038342	0.000000	0.159965	0.004902	4.0
934	-0.040817	0.000000	0.159965	0.004288	3.9
935	-0.037399	0.000000	0.159965	0.004112	3.8
936	-0.038220	0.000000	0.159965	0.003986	3.8
937	-0.040205	0.000000	0.159965	0.003823	3.9
938	-0.039474	0.000000	0.159965	0.005732	3.7
939	-0.037772	0.000000	0.159965	0.003876	5.0
940	-0.034360	0.000000	0.159965	0.002620	4.1
941	-0.041701	0.000000	0.159965	0.004692	4.8
942	-0.039179	0.000000	0.159965	0.003553	4.7
943	-0.043642	0.000000	0.159965	0.004270	4.6
944	-0.038065	0.000000	0.159965	0.003166	3.8
945	-0.036088	0.000000	0.159965	0.003022	4.0
946	-0.042680	0.000000	0.159965	0.005703	4.6
947	-0.039093	0.000000	0.159965	0.004650	4.0
948	-0.038264	0.000000	0.159965	0.003357	3.7
949	-0.040183	0.000000	0.159965	0.003909	3.9
950	-0.036811	0.000000	0.159965	0.006993	4.5
951	-0.040694	0.000000	0.159965	0.004310	3.9
952	-0.041428	0.000000	0.159965	0.002924	3.7
953	-0.039672	0.000000	0.159965	0.001698	4.0
954	-0.039565	0.000000	0.159965	0.004569	4.6
955	-0.036716	0.000000	0.159965	0.004766	4.8
956	-0.039556	0.000000	0.159965	0.003904	4.9
957	-0.037143	0.000000	0.159965	0.005763	4.5
958	-0.036302	0.000000	0.159965	0.003900	4.0
959	-0.041249	0.000000	0.159965	0.002149	4.7
960	-0.040262	0.000000	0.159965	0.006240	4.0
961	-0.039873	0.000000	0.159965	0.002935	4.9
962	-0.037925	0.000000	0.159965	0.003049	4.7
963	-0.039017	0.000000	0.159965	0.004469	4.4
964	-0.038804	0.000000	0.159965	0.002596	5.0
965	-0.040684	0.000000	0.159965	0.003372	5.0
966	-0.042324	0.000000	0.159965	0.005842	4.4
967	-0.040268	0.000000	0.159965	0.008528	4.7
968	-0.036430	0.000000	0.159965	0.003356	4.6
969	-0.039519	0.000000	0.159965	0.004725	4.3
970	-0.040305	0.000000	0.159965	0.003227	4.1
971	-0.041109	0.000000	0.159965	0.004250	5.0
972	-0.039613	0.000000	0.159965	0.003494	5.1
973	-0.039359	0.000000	0.159965	0.005458	5.0
974	-0.038511	0.000000	0.159965	0.005764	4.5
975	-0.040290	0.000000	0.159965	0.004918	4.9
976	-0.041935	0.000000	0.159965	0.007205	5.0
977	-0.036516	0.000000	0.159965	0.005273	4.8
978	-0.043525	0.000000	0.159965	0.004765	5.2
979	-0.042627	0.000000	0.159965	0.004093	5.3
980	-0.038565	0.000000	0.159965	0.004653	5.2
981	-0.039144	0.000000	0.159965	0.003197	5.3
982	-0.039172	0.000000	0.159965	0.003355	5.1
983	-0.039303	0.000000	0.159965	0.004520	5.1
984	-0.041932	0.000000	0.159965	0.004113	5.1
985	-0.039131	0.000000	0.159965	0.003840	5.2
986	-0.037164	0.000000	0.159965	0.004516	5.0
987	-0.040601	0.000000	0.159965	0.003429	4.5
988	-0.038660	0.000000	0.159965	0.006343	5.0
989	-0.036629	0.000000	0.159965	0.004099	5.0
990	-0.039489	0.000000	0.159965	0.003858	4.6
991	-0.039218	0.000000	0.159965	0.004490	4.5
992	-0.037996	0.000000	0.159965	0.004597	5.1
993	-0.037230	0.000000	0.159965	0.003583	4.8
994	-0.039445	0.000000	0.159965	0.003615	5.4
995	-0.038065	0.000000	0.159965	0.001824	5.2
996	-0.036316	0.000000	0.159965	0.004088	5.3
997	-0.039324	0.000000	0.159965	0.003716	5.2
998	-0.037969	0.000000	0.159965	0.003280	5.2
999	-0.037723	1.000000	0.155547	0.004725	4.2
