1:ItNr	2:Metric	3a:Time	3b:StepSize	4:||Gradient||	Time[ms]
0	-0.042793	0.000000	0.159965	0.001895	3.6
1	-0.047837	0.000000	0.159965	0.003861	2.2
2	-0.046063	0.000000	0.159965	0.001727	2.4
3	-0.043362	0.000000	0.159965	0.001988	2.3
4	-0.047432	0.000000	0.159965	0.002568	2.1
5	-0.047035	0.000000	0.159965	0.002874	2.0
6	-0.048020	0.000000	0.159965	0.001195	1.5
7	-0.043303	0.000000	0.159965	0.001057	1.5
8	-0.048745	0.000000	0.159965	0.002117	1.6
9	-0.049839	0.000000	0.159965	0.001979	1.5
10	-0.050416	0.000000	0.159965	0.002786	1.8
11	-0.044801	0.000000	0.159965	0.003593	1.9
12	-0.048618	0.000000	0.159965	0.002554	2.3
13	-0.046849	0.000000	0.159965	0.003252	2.3
14	-0.042698	0.000000	0.159965	0.002853	1.6
15	-0.049240	0.000000	0.159965	0.002322	1.5
16	-0.045860	0.000000	0.159965	0.002374	1.4
17	-0.047901	0.000000	0.159965	0.002441	1.4
18	-0.046980	0.000000	0.159965	0.001281	1.4
19	-0.048846	0.000000	0.159965	0.002559	1.5
20	-0.046294	0.000000	0.159965	0.005169	1.5
21	-0.049855	0.000000	0.159965	0.002874	1.4
22	-0.047521	0.000000	0.159965	0.003529	1.4
23	-0.047246	0.000000	0.159965	0.003391	1.4
24	-0.047881	0.000000	0.159965	0.003305	1.4
25	-0.045728	0.000000	0.159965	0.002473	1.4
26	-0.046935	0.000000	0.159965	0.002276	1.5
27	-0.041499	0.000000	0.159965	0.001267	1.4
28	-0.042845	0.000000	0.159965	0.001724	1.4
29	-0.051858	0.000000	0.159965	0.003689	1.5
30	-0.046102	0.000000	0.159965	0.002635	1.5
31	-0.048527	0.000000	0.159965	0.002806	1.5
32	-0.047444	1.000000	0.155547	0.003340	1.4
33	-0.045477	2.000000	0.151440	0.002865	1.5
34	-0.049314	1.200000	0.154702	0.002029	1.5
35	-0.050050	0.400000	0.158158	0.001946	1.5
36	-0.045520	0.000000	0.159965	0.003000	1.6
37	-0.048547	0.000000	0.159965	0.002813	1.6
38	-0.046227	0.000000	0.159965	0.002011	1.5
39	-0.043938	0.000000	0.159965	0.004278	1.6
40	-0.052532	0.000000	0.159965	0.002902	1.6
41	-0.048749	0.000000	0.159965	0.003566	1.7
42	-0.044183	0.000000	0.159965	0.003707	2.4
43	-0.047284	0.000000	0.159965	0.002395	1.6
44	-0.048849	0.000000	0.159965	0.003768	1.6
45	-0.046975	0.000000	0.159965	0.003789	1.8
46	-0.046525	0.000000	0.159965	0.001701	1.7
47	-0.048279	0.000000	0.159965	0.003276	1.5
48	-0.049249	0.000000	0.159965	0.004563	1.5
49	-0.045526	0.000000	0.159965	0.001826	1.5
50	-0.046725	0.000000	0.159965	0.001723	1.6
51	-0.048349	0.000000	0.159965	0.001918	1.9
52	-0.046614	0.000000	0.159965	0.002908	1.6
53	-0.045172	0.000000	0.159965	0.005429	1.7
54	-0.048684	0.000000	0.159965	0.001784	1.8
55	-0.045113	0.000000	0.159965	0.001854	1.6
56	-0.046544	0.000000	0.159965	0.004663	1.6
57	-0.047174	0.000000	0.159965	0.003054	1.7
58	-0.047798	0.000000	0.159965	0.001851	1.9
59	-0.049988	0.000000	0.159965	0.003390	1.7
60	-0.047175	0.000000	0.159965	0.003415	1.7
61	-0.048968	0.000000	0.159965	0.005043	1.7
62	-0.050297	0.000000	0.159965	0.003013	1.7
63	-0.045519	0.000000	0.159965	0.002787	1.9
64	-0.047869	0.000000	0.159965	0.001788	1.7
65	-0.047449	0.000000	0.159965	0.002561	1.6
66	-0.051215	0.000000	0.159965	0.005730	1.6
67	-0.051845	0.000000	0.159965	0.002709	1.7
68	-0.050265	0.000000	0.159965	0.003043	1.7
69	-0.042933	0.000000	0.159965	0.002716	1.7
70	-0.046787	0.000000	0.159965	0.001972	1.7
71	-0.044941	0.000000	0.159965	0.003725	1.5
72	-0.044947	0.000000	0.159965	0.002117	1.6
73	-0.049134	0.000000	0.159965	0.002849	1.7
74	-0.048874	0.000000	0.159965	0.001855	1.6
75	-0.048663	0.000000	0.159965	0.002874	1.6
76	-0.045661	0.000000	0.159965	0.001382	1.6
77	-0.049119	0.000000	0.159965	0.004065	1.6
78	-0.047057	0.000000	0.159965	0.002467	1.6
79	-0.045369	0.000000	0.159965	0.004270	1.6
80	-0.045530	0.000000	0.159965	0.001962	1.6
81	-0.047896	0.000000	0.159965	0.003959	1.6
82	-0.044602	0.000000	0.159965	0.002331	1.7
83	-0.046505	0.000000	0.159965	0.004445	1.9
84	-0.048378	0.000000	0.159965	0.001841	1.7
85	-0.047296	0.000000	0.159965	0.002225	1.7
86	-0.051133	0.000000	0.159965	0.003091	2.4
87	-0.050798	0.000000	0.159965	0.005903	1.7
88	-0.045471	0.000000	0.159965	0.003223	1.7
89	-0.046306	0.000000	0.159965	0.005503	1.7
90	-0.046725	0.000000	0.159965	0.002335	2.3
91	-0.046924	0.000000	0.159965	0.002602	2.0
92	-0.050654	0.000000	0.159965	0.005213	1.8
93	-0.048460	0.000000	0.159965	0.003900	1.8
94	-0.045970	0.000000	0.159965	0.002295	1.9
95	-0.049074	0.000000	0.159965	0.002957	1.9
96	-0.045882	0.000000	0.159965	0.002781	1.8
97	-0.047203	0.000000	0.159965	0.001830	1.7
98	-0.048908	0.000000	0.159965	0.003817	1.8
99	-0.051018	0.000000	0.159965	0.005362	1.7
100	-0.045635	0.000000	0.159965	0.002004	1.7
101	-0.046469	1.000000	0.155547	0.002455	2.2
102	-0.043809	0.200000	0.159054	0.003111	1.8
103	-0.051386	0.000000	0.159965	0.003010	1.8
104	-0.047861	0.000000	0.159965	0.002890	2.0
105	-0.048592	0.000000	0.159965	0.002940	2.1
106	-0.045744	0.000000	0.159965	0.004117	2.1
107	-0.049702	0.000000	0.159965	0.003360	2.1
108	-0.043522	0.000000	0.159965	0.001718	2.4
109	-0.046721	0.000000	0.159965	0.004831	2.3
110	-0.047957	0.000000	0.159965	0.002026	2.0
111	-0.049134	0.000000	0.159965	0.002326	1.7
112	-0.047168	0.000000	0.159965	0.003205	1.6
113	-0.043617	0.000000	0.159965	0.002301	1.9
114	-0.046751	0.000000	0.159965	0.002777	1.7
115	-0.050736	0.000000	0.159965	0.001453	1.6
116	-0.046431	0.000000	0.159965	0.001670	1.7
117	-0.046768	0.000000	0.159965	0.002127	1.8
118	-0.047106	0.000000	0.159965	0.002989	1.7
119	-0.045521	0.000000	0.159965	0.003746	1.7
120	-0.043629	0.000000	0.159965	0.001660	1.7
121	-0.042815	1.000000	0.155547	0.002465	1.7
122	-0.047776	2.000000	0.151440	0.003715	1.7
123	-0.043273	1.200000	0.154702	0.001811	1.8
124	-0.046005	0.400000	0.158158	0.002220	1.7
125	-0.047548	0.000000	0.159965	0.004079	1.7
126	-0.044878	0.000000	0.159965	0.003534	1.7
127	-0.048039	0.000000	0.159965	0.002943	1.7
128	-0.046282	0.000000	0.159965	0.002777	1.8
129	-0.047021	0.000000	0.159965	0.002456	1.8
130	-0.047158	0.000000	0.159965	0.002701	1.8
131	-0.048763	0.000000	0.159965	0.003845	1.7
132	-0.045576	0.000000	0.159965	0.003363	1.7
133	-0.048890	0.000000	0.159965	0.003594	1.7
134	-0.047789	0.000000	0.159965	0.002144	1.7
135	-0.046373	0.000000	0.159965	0.002485	1.8
136	-0.043307	0.000000	0.159965	0.001999	1.7
137	-0.049694	0.000000	0.159965	0.002502	1.9
138	-0.045118	0.000000	0.159965	0.003715	2.2
139	-0.046856	0.000000	0.159965	0.003726	2.4
140	-0.048667	0.000000	0.159965	0.002727	1.9
141	-0.048844	0.000000	0.159965	0.001951	2.1
142	-0.046920	0.000000	0.159965	0.002247	2.3
143	-0.044469	0.000000	0.159965	0.002583	2.3
144	-0.045241	0.000000	0.159965	0.002257	2.2
145	-0.044342	0.000000	0.159965	0.002178	2.3
146	-0.046269	0.000000	0.159965	0.002165	2.3
147	-0.049636	0.000000	0.159965	0.002255	2.3
148	-0.050926	0.000000	0.159965	0.003108	1.8
149	-0.047067	0.000000	0.159965	0.002613	2.0
150	-0.049994	0.000000	0.159965	0.001866	1.9
151	-0.051363	0.000000	0.159965	0.002288	1.8
152	-0.046815	0.000000	0.159965	0.004185	1.9
153	-0.045826	0.000000	0.159965	0.003114	2.1
154	-0.047701	0.000000	0.159965	0.002618	1.9
155	-0.045006	0.000000	0.159965	0.001701	2.1
156	-0.048249	1.000000	0.155547	0.002847	2.1
157	-0.048434	0.200000	0.159054	0.004392	2.1
158	-0.047168	0.000000	0.159965	0.002688	2.2
159	-0.050868	0.000000	0.159965	0.002976	2.0
160	-0.046187	0.000000	0.159965	0.002106	2.1
161	-0.045296	0.000000	0.159965	0.003069	2.8
162	-0.046131	0.000000	0.159965	0.002698	2.4
163	-0.046674	0.000000	0.159965	0.003435	2.1
164	-0.051027	0.000000	0.159965	0.001850	2.1
165	-0.047448	0.000000	0.159965	0.002793	2.1
166	-0.047664	0.000000	0.159965	0.003310	2.2
167	-0.048518	0.000000	0.159965	0.004360	2.1
168	-0.044848	0.000000	0.159965	0.005062	2.3
169	-0.048643	0.000000	0.159965	0.002652	2.3
170	-0.050069	1.000000	0.155547	0.003703	2.3
171	-0.046272	2.000000	0.151440	0.002445	2.1
172	-0.048474	1.200000	0.154702	0.004248	2.1
173	-0.046657	0.400000	0.158158	0.002502	2.1
174	-0.045931	0.000000	0.159965	0.005589	2.1
175	-0.047349	0.000000	0.159965	0.001721	2.3
176	-0.046110	0.000000	0.159965	0.003442	2.4
177	-0.046730	0.000000	0.159965	0.002968	2.3
178	-0.045339	0.000000	0.159965	0.002255	2.3
179	-0.045550	0.000000	0.159965	0.004120	2.2
180	-0.050593	0.000000	0.159965	0.004273	2.3
181	-0.047927	0.000000	0.159965	0.002517	2.4
182	-0.048892	0.000000	0.159965	0.004198	2.4
183	-0.044194	0.000000	0.159965	0.003493	2.5
184	-0.049212	0.000000	0.159965	0.002519	2.4
185	-0.045603	0.000000	0.159965	0.001995	2.7
186	-0.049049	0.000000	0.159965	0.002375	2.7
187	-0.048219	0.000000	0.159965	0.003846	2.8
188	-0.046128	0.000000	0.159965	0.002362	3.0
189	-0.043338	0.000000	0.159965	0.001592	2.6
190	-0.046848	1.000000	0.155547	0.002022	2.8
191	-0.047604	0.200000	0.159054	0.002791	2.9
192	-0.045998	0.000000	0.159965	0.002270	2.9
193	-0.045542	0.000000	0.159965	0.003467	3.1
194	-0.047768	0.000000	0.159965	0.002095	3.5
195	-0.046136	0.000000	0.159965	0.002986	2.8
196	-0.049998	0.000000	0.159965	0.002297	2.9
197	-0.044538	0.000000	0.159965	0.002040	3.1
198	-0.046308	0.000000	0.159965	0.003390	2.8
199	-0.048834	0.000000	0.159965	0.002238	3.3
200	-0.049476	0.000000	0.159965	0.001822	2.9
201	-0.046690	0.000000	0.159965	0.003516	3.1
202	-0.047412	0.000000	0.159965	0.003121	3.1
203	-0.046797	0.000000	0.159965	0.002154	3.0
204	-0.045369	0.000000	0.159965	0.002267	2.9
205	-0.047939	0.000000	0.159965	0.003066	3.2
206	-0.045519	0.000000	0.159965	0.002338	3.4
207	-0.045822	0.000000	0.159965	0.002324	3.3
208	-0.048100	0.000000	0.159965	0.002213	3.3
209	-0.048395	0.000000	0.159965	0.002044	3.2
210	-0.046881	0.000000	0.159965	0.001994	3.2
211	-0.053754	0.000000	0.159965	0.002701	3.0
212	-0.049683	0.000000	0.159965	0.003387	2.9
213	-0.046860	0.000000	0.159965	0.003990	3.2
214	-0.046487	0.000000	0.159965	0.001843	3.1
215	-0.049503	0.000000	0.159965	0.003323	3.2
216	-0.049293	0.000000	0.159965	0.002478	3.4
217	-0.046039	0.000000	0.159965	0.002420	3.0
218	-0.045045	0.000000	0.159965	0.002256	3.4
219	-0.045479	0.000000	0.159965	0.005392	3.7
220	-0.047699	1.000000	0.155547	0.002984	3.5
221	-0.045478	2.000000	0.151440	0.003127	3.4
222	-0.046379	1.200000	0.154702	0.004137	3.3
223	-0.046775	0.400000	0.158158	0.004314	3.8
224	-0.049001	0.000000	0.159965	0.004052	3.8
225	-0.050098	0.000000	0.159965	0.006054	3.6
226	-0.046287	0.000000	0.159965	0.003219	3.7
227	-0.043527	0.000000	0.159965	0.001581	3.4
228	-0.045037	0.000000	0.159965	0.001794	3.6
229	-0.048663	0.000000	0.159965	0.003205	3.9
230	-0.050998	0.000000	0.159965	0.004802	4.2
231	-0.048025	0.000000	0.159965	0.004316	3.7
232	-0.050324	0.000000	0.159965	0.002884	3.5
233	-0.047030	0.000000	0.159965	0.003538	3.9
234	-0.050695	0.000000	0.159965	0.003864	4.1
235	-0.052396	0.000000	0.159965	0.004106	3.8
236	-0.050493	0.000000	0.159965	0.003281	3.7
237	-0.046309	0.000000	0.159965	0.001886	3.6
238	-0.045743	0.000000	0.159965	0.004221	3.6
239	-0.044349	0.000000	0.159965	0.003652	3.7
240	-0.050093	0.000000	0.159965	0.001647	4.0
241	-0.046838	0.000000	0.159965	0.003335	3.8
242	-0.046892	0.000000	0.159965	0.002539	3.9
243	-0.047207	0.000000	0.159965	0.001867	3.9
244	-0.051530	0.000000	0.159965	0.003931	3.8
245	-0.047950	0.000000	0.159965	0.002915	3.9
246	-0.046058	0.000000	0.159965	0.002283	3.9
247	-0.048852	0.000000	0.159965	0.003241	3.9
248	-0.048965	0.000000	0.159965	0.003604	3.7
249	-0.047705	0.000000	0.159965	0.002166	3.5
250	-0.050209	0.000000	0.159965	0.001760	4.1
251	-0.049693	0.000000	0.159965	0.003087	4.1
252	-0.042917	0.000000	0.159965	0.003512	3.8
253	-0.048487	0.000000	0.159965	0.002940	3.7
254	-0.048982	0.000000	0.159965	0.002309	3.8
255	-0.048499	0.000000	0.159965	0.004376	3.5
256	-0.046300	0.000000	0.159965	0.003837	3.7
257	-0.046743	0.000000	0.159965	0.001579	3.7
258	-0.047074	0.000000	0.159965	0.004309	3.5
259	-0.046546	0.000000	0.159965	0.003672	2.9
260	-0.046112	0.000000	0.159965	0.003635	3.8
261	-0.045638	0.000000	0.159965	0.002519	3.4
262	-0.045908	0.000000	0.159965	0.003068	3.5
263	-0.050156	0.000000	0.159965	0.003145	3.3
264	-0.048706	0.000000	0.159965	0.003946	3.6
265	-0.051830	0.000000	0.159965	0.003505	3.9
266	-0.047033	0.000000	0.159965	0.001697	3.8
267	-0.043103	0.000000	0.159965	0.002303	3.7
268	-0.047169	0.000000	0.159965	0.003703	3.5
269	-0.043524	0.000000	0.159965	0.002131	3.6
270	-0.049442	0.000000	0.159965	0.003867	3.3
271	-0.048318	0.000000	0.159965	0.002401	3.8
272	-0.051548	0.000000	0.159965	0.002493	4.0
273	-0.044488	0.000000	0.159965	0.005222	3.3
274	-0.044140	0.000000	0.159965	0.002963	3.9
275	-0.048487	0.000000	0.159965	0.002278	4.0
276	-0.048502	0.000000	0.159965	0.001888	3.6
277	-0.045257	0.000000	0.159965	0.002975	3.5
278	-0.047951	0.000000	0.159965	0.004486	4.3
279	-0.043558	0.000000	0.159965	0.003090	3.5
280	-0.046905	0.000000	0.159965	0.001931	4.1
281	-0.046429	0.000000	0.159965	0.004414	4.0
282	-0.045390	0.000000	0.159965	0.002257	3.8
283	-0.045650	0.000000	0.159965	0.001895	4.0
284	-0.043356	0.000000	0.159965	0.002811	4.0
285	-0.046891	0.000000	0.159965	0.003043	3.2
286	-0.042770	0.000000	0.159965	0.002319	2.1
287	-0.051685	0.000000	0.159965	0.004459	2.3
288	-0.048343	0.000000	0.159965	0.003617	3.2
289	-0.046949	0.000000	0.159965	0.002712	2.5
290	-0.043281	0.000000	0.159965	0.003025	2.5
291	-0.046748	0.000000	0.159965	0.002078	2.8
292	-0.043556	0.000000	0.159965	0.001969	2.8
293	-0.046748	0.000000	0.159965	0.003220	2.8
294	-0.051245	0.000000	0.159965	0.001504	2.3
295	-0.048997	0.000000	0.159965	0.001775	3.1
296	-0.046246	0.000000	0.159965	0.002193	3.7
297	-0.047497	0.000000	0.159965	0.002361	2.8
298	-0.049529	0.000000	0.159965	0.002534	2.6
299	-0.048339	0.000000	0.159965	0.002656	3.7
300	-0.049525	0.000000	0.159965	0.002728	3.2
301	-0.045277	0.000000	0.159965	0.001627	2.9
302	-0.045627	0.000000	0.159965	0.003951	6.4
303	-0.047931	0.000000	0.159965	0.003575	3.1
304	-0.048024	0.000000	0.159965	0.002084	2.2
305	-0.046672	0.000000	0.159965	0.002115	2.3
306	-0.045663	0.000000	0.159965	0.003408	2.9
307	-0.048008	0.000000	0.159965	0.003447	3.1
308	-0.050438	0.000000	0.159965	0.005238	3.6
309	-0.046012	0.000000	0.159965	0.002797	3.3
310	-0.049928	0.000000	0.159965	0.002078	3.3
311	-0.044843	0.000000	0.159965	0.002892	3.0
312	-0.049412	0.000000	0.159965	0.003280	3.3
313	-0.048320	0.000000	0.159965	0.003947	4.3
314	-0.049889	0.000000	0.159965	0.001922	3.1
315	-0.049809	0.000000	0.159965	0.001810	3.5
316	-0.048374	0.000000	0.159965	0.003729	3.2
317	-0.052012	0.000000	0.159965	0.003217	3.1
318	-0.047113	0.000000	0.159965	0.001987	3.4
319	-0.044688	0.000000	0.159965	0.003226	3.1
320	-0.050772	0.000000	0.159965	0.003283	2.9
321	-0.048809	0.000000	0.159965	0.003195	3.5
322	-0.047975	0.000000	0.159965	0.003513	2.5
323	-0.045581	0.000000	0.159965	0.002880	4.1
324	-0.047309	0.000000	0.159965	0.002243	3.1
325	-0.047339	0.000000	0.159965	0.005109	4.4
326	-0.044983	0.000000	0.159965	0.006123	3.5
327	-0.045121	0.000000	0.159965	0.003624	3.9
328	-0.050099	0.000000	0.159965	0.003517	4.6
329	-0.046725	0.000000	0.159965	0.002380	3.2
330	-0.046482	0.000000	0.159965	0.002867	3.0
331	-0.046131	0.000000	0.159965	0.001115	3.6
332	-0.051786	0.000000	0.159965	0.003310	2.6
333	-0.043474	0.000000	0.159965	0.003462	2.5
334	-0.049905	0.000000	0.159965	0.002275	3.1
335	-0.044443	0.000000	0.159965	0.002353	3.6
336	-0.047748	0.000000	0.159965	0.003126	2.5
337	-0.046450	0.000000	0.159965	0.002721	3.0
338	-0.046880	0.000000	0.159965	0.004795	2.9
339	-0.045607	0.000000	0.159965	0.002122	2.4
340	-0.048478	0.000000	0.159965	0.002915	3.2
341	-0.049081	0.000000	0.159965	0.002374	3.2
342	-0.043863	0.000000	0.159965	0.002216	2.7
343	-0.048302	0.000000	0.159965	0.003932	2.7
344	-0.048479	0.000000	0.159965	0.003067	3.0
345	-0.048049	0.000000	0.159965	0.001991	2.6
346	-0.044124	0.000000	0.159965	0.002497	3.4
347	-0.045734	0.000000	0.159965	0.002937	2.6
348	-0.053331	0.000000	0.159965	0.003212	2.9
349	-0.048380	0.000000	0.159965	0.002725	2.6
350	-0.045213	0.000000	0.159965	0.001749	3.1
351	-0.046885	0.000000	0.159965	0.002861	2.5
352	-0.047002	0.000000	0.159965	0.004350	2.1
353	-0.045005	0.000000	0.159965	0.001656	2.7
354	-0.045809	0.000000	0.159965	0.004770	4.2
355	-0.046514	0.000000	0.159965	0.003029	2.3
356	-0.046016	0.000000	0.159965	0.002246	2.3
357	-0.045561	1.000000	0.155547	0.003142	2.5
358	-0.047895	0.243632	0.158858	0.002184	3.0
359	-0.048271	0.000000	0.159965	0.003127	3.0
360	-0.047199	0.000000	0.159965	0.004116	2.4
361	-0.047094	0.000000	0.159965	0.003483	2.3
362	-0.045160	0.000000	0.159965	0.001936	2.3
363	-0.049288	0.000000	0.159965	0.002898	2.2
364	-0.045967	0.000000	0.159965	0.002223	2.3
365	-0.043347	0.000000	0.159965	0.002241	1.9
366	-0.050195	0.000000	0.159965	0.003455	2.1
367	-0.040295	0.000000	0.159965	0.002602	2.7
368	-0.045713	0.000000	0.159965	0.003200	2.3
369	-0.045802	0.000000	0.159965	0.002147	2.0
370	-0.046566	0.000000	0.159965	0.001993	2.1
371	-0.048292	0.000000	0.159965	0.002821	2.7
372	-0.051052	0.000000	0.159965	0.002002	3.9
373	-0.052448	0.000000	0.159965	0.002490	2.9
374	-0.050327	0.000000	0.159965	0.002940	2.3
375	-0.045265	0.000000	0.159965	0.003585	2.2
376	-0.045296	0.000000	0.159965	0.003227	2.8
377	-0.050057	0.000000	0.159965	0.003105	2.2
378	-0.047002	0.000000	0.159965	0.002780	2.3
379	-0.045952	0.000000	0.159965	0.001934	2.2
380	-0.044132	0.000000	0.159965	0.003481	2.8
381	-0.043391	0.000000	0.159965	0.002169	2.5
382	-0.049159	0.000000	0.159965	0.002492	2.4
383	-0.046023	0.000000	0.159965	0.002884	2.2
384	-0.042432	0.000000	0.159965	0.003001	2.3
385	-0.043822	0.000000	0.159965	0.002360	2.7
386	-0.046910	0.000000	0.159965	0.002438	2.4
387	-0.047882	0.000000	0.159965	0.003449	2.1
388	-0.050096	0.000000	0.159965	0.002824	2.2
389	-0.045632	0.000000	0.159965	0.001593	2.2
390	-0.051792	0.000000	0.159965	0.003766	2.3
391	-0.046577	0.000000	0.159965	0.002105	2.4
392	-0.046514	0.000000	0.159965	0.002923	2.7
393	-0.045510	0.000000	0.159965	0.002691	2.1
394	-0.044402	0.000000	0.159965	0.001621	4.2
395	-0.041609	0.000000	0.159965	0.001932	2.2
396	-0.048934	0.000000	0.159965	0.003245	1.9
397	-0.045648	1.000000	0.155547	0.002695	2.0
398	-0.049257	0.200000	0.159054	0.001982	1.9
399	-0.046330	0.000000	0.159965	0.002335	2.0
400	-0.046710	0.000000	0.159965	0.001915	2.3
401	-0.043894	1.000000	0.155547	0.002207	2.1
402	-0.047134	0.200000	0.159054	0.004085	2.3
403	-0.047093	0.000000	0.159965	0.001967	2.3
404	-0.046600	0.000000	0.159965	0.002370	2.4
405	-0.050405	0.000000	0.159965	0.002900	2.4
406	-0.050950	0.000000	0.159965	0.002708	2.2
407	-0.045879	0.000000	0.159965	0.004274	2.0
408	-0.049869	0.000000	0.159965	0.002579	2.1
409	-0.049234	0.000000	0.159965	0.002194	1.9
410	-0.055218	0.000000	0.159965	0.002677	2.9
411	-0.048791	0.000000	0.159965	0.003416	2.0
412	-0.046855	0.000000	0.159965	0.005216	2.0
413	-0.049620	0.000000	0.159965	0.003149	2.3
414	-0.049705	0.000000	0.159965	0.003335	2.7
415	-0.047983	0.000000	0.159965	0.004857	2.2
416	-0.042019	0.000000	0.159965	0.002510	2.9
417	-0.046278	0.000000	0.159965	0.003290	2.0
418	-0.047685	0.000000	0.159965	0.001813	2.1
419	-0.046466	0.000000	0.159965	0.006346	2.3
420	-0.047112	0.000000	0.159965	0.002791	2.3
421	-0.047856	0.000000	0.159965	0.004928	2.2
422	-0.045867	0.000000	0.159965	0.002220	2.1
423	-0.048988	0.000000	0.159965	0.003184	2.4
424	-0.045068	0.000000	0.159965	0.001831	2.7
425	-0.047375	0.000000	0.159965	0.003361	2.2
426	-0.053087	0.000000	0.159965	0.001786	2.1
427	-0.046652	0.000000	0.159965	0.002163	2.0
428	-0.050074	0.000000	0.159965	0.004985	2.1
429	-0.048545	0.000000	0.159965	0.002295	3.2
430	-0.050287	0.000000	0.159965	0.001822	2.3
431	-0.050140	0.000000	0.159965	0.003852	2.0
432	-0.046543	0.000000	0.159965	0.001952	2.0
433	-0.044600	0.000000	0.159965	0.002534	2.0
434	-0.050031	0.000000	0.159965	0.003824	2.5
435	-0.047172	0.000000	0.159965	0.002349	1.9
436	-0.044405	0.000000	0.159965	0.003035	1.8
437	-0.047665	0.000000	0.159965	0.003180	1.8
438	-0.045749	0.000000	0.159965	0.005269	2.4
439	-0.047033	0.000000	0.159965	0.002472	3.1
440	-0.047435	0.000000	0.159965	0.002751	1.8
441	-0.046539	0.000000	0.159965	0.003859	1.8
442	-0.044103	0.000000	0.159965	0.002158	2.9
443	-0.046523	0.000000	0.159965	0.002686	1.9
444	-0.047526	0.000000	0.159965	0.003492	2.0
445	-0.047374	0.000000	0.159965	0.003140	2.0
446	-0.045057	0.000000	0.159965	0.002065	2.1
447	-0.045366	0.000000	0.159965	0.002876	2.0
448	-0.042709	0.000000	0.159965	0.002483	2.9
449	-0.046055	0.000000	0.159965	0.004308	2.8
450	-0.048299	0.000000	0.159965	0.002369	2.7
451	-0.043452	0.000000	0.159965	0.002259	2.1
452	-0.051928	0.000000	0.159965	0.005014	2.2
453	-0.048709	0.000000	0.159965	0.003226	2.7
454	-0.047865	0.000000	0.159965	0.003347	2.2
455	-0.046789	0.000000	0.159965	0.002093	1.9
456	-0.047464	0.000000	0.159965	0.002410	2.0
457	-0.045711	0.000000	0.159965	0.001712	2.1
458	-0.047962	0.000000	0.159965	0.001810	3.0
459	-0.044878	0.000000	0.159965	0.001889	2.1
460	-0.048931	0.000000	0.159965	0.002607	2.2
461	-0.047507	0.000000	0.159965	0.002025	3.6
462	-0.042814	0.000000	0.159965	0.001753	2.2
463	-0.046999	0.000000	0.159965	0.003132	3.2
464	-0.049884	0.000000	0.159965	0.004192	2.0
465	-0.046179	0.000000	0.159965	0.002840	2.0
466	-0.045068	0.000000	0.159965	0.004200	2.0
467	-0.049119	0.000000	0.159965	0.002035	2.1
468	-0.044792	0.000000	0.159965	0.002703	2.0
469	-0.048440	0.000000	0.159965	0.002826	2.9
470	-0.041656	0.000000	0.159965	0.000914	2.4
471	-0.044109	0.000000	0.159965	0.003425	3.6
472	-0.045963	0.000000	0.159965	0.001915	1.9
473	-0.046729	0.000000	0.159965	0.003482	2.0
474	-0.047884	0.000000	0.159965	0.002458	1.9
475	-0.043246	0.000000	0.159965	0.002820	2.1
476	-0.041644	0.000000	0.159965	0.002000	2.0
477	-0.045772	0.000000	0.159965	0.001508	2.9
478	-0.048663	0.000000	0.159965	0.003098	2.9
479	-0.048781	0.000000	0.159965	0.004035	3.0
480	-0.050388	0.000000	0.159965	0.002258	2.7
481	-0.043818	0.000000	0.159965	0.002720	2.8
482	-0.045904	0.000000	0.159965	0.002272	3.9
483	-0.047010	0.000000	0.159965	0.002997	2.3
484	-0.046141	0.000000	0.159965	0.002792	2.4
485	-0.046116	0.000000	0.159965	0.001676	3.4
486	-0.052714	0.000000	0.159965	0.001896	2.0
487	-0.045996	0.000000	0.159965	0.002317	2.2
488	-0.047627	0.000000	0.159965	0.002200	3.3
489	-0.044137	0.000000	0.159965	0.002934	2.2
490	-0.041708	0.000000	0.159965	0.005234	3.4
491	-0.048852	0.000000	0.159965	0.001727	2.2
492	-0.045122	0.000000	0.159965	0.002157	2.2
493	-0.049385	0.000000	0.159965	0.002560	2.1
494	-0.046964	0.000000	0.159965	0.002164	2.1
495	-0.048995	0.000000	0.159965	0.004767	2.2
496	-0.048537	0.000000	0.159965	0.002397	2.3
497	-0.050418	0.000000	0.159965	0.003349	2.3
498	-0.049709	0.000000	0.159965	0.003968	2.5
499	-0.044333	0.000000	0.159965	0.004087	2.8
500	-0.045529	0.000000	0.159965	0.004808	2.5
501	-0.046193	0.000000	0.159965	0.002943	2.0
502	-0.050506	0.000000	0.159965	0.003082	2.5
503	-0.048144	0.000000	0.159965	0.003820	2.2
504	-0.046115	0.000000	0.159965	0.002362	2.7
505	-0.052098	0.000000	0.159965	0.002917	3.1
506	-0.044243	0.000000	0.159965	0.001445	1.9
507	-0.045163	0.000000	0.159965	0.003445	2.6
508	-0.049840	0.000000	0.159965	0.002833	2.1
509	-0.046875	0.000000	0.159965	0.002709	2.3
510	-0.048710	0.000000	0.159965	0.002343	2.1
511	-0.046624	0.000000	0.159965	0.001469	2.6
512	-0.047498	0.000000	0.159965	0.001683	2.9
513	-0.044632	0.000000	0.159965	0.002635	3.0
514	-0.043549	0.000000	0.159965	0.002300	2.7
515	-0.050753	0.000000	0.159965	0.002390	2.4
516	-0.045858	0.000000	0.159965	0.002025	2.0
517	-0.047919	0.000000	0.159965	0.004238	2.2
518	-0.048079	0.000000	0.159965	0.003754	2.3
519	-0.048542	0.000000	0.159965	0.002091	2.2
520	-0.051268	0.000000	0.159965	0.004828	2.0
521	-0.044619	0.000000	0.159965	0.004207	2.9
522	-0.048539	0.000000	0.159965	0.002928	2.8
523	-0.047492	0.000000	0.159965	0.003905	2.6
524	-0.046432	0.000000	0.159965	0.002613	3.2
525	-0.050679	0.000000	0.159965	0.002933	2.1
526	-0.047084	0.000000	0.159965	0.004039	2.2
527	-0.048620	0.000000	0.159965	0.003442	2.1
528	-0.047544	0.000000	0.159965	0.002435	2.0
529	-0.047122	0.000000	0.159965	0.002928	2.3
530	-0.046365	0.000000	0.159965	0.002279	2.7
531	-0.049719	0.000000	0.159965	0.001777	2.5
532	-0.046839	1.000000	0.155547	0.003086	2.3
533	-0.049461	2.000000	0.151440	0.004430	2.1
534	-0.044403	1.200000	0.154702	0.004371	3.8
535	-0.050600	0.400000	0.158158	0.003370	2.5
536	-0.047622	0.000000	0.159965	0.002637	2.1
537	-0.045078	0.000000	0.159965	0.002859	2.8
538	-0.050486	0.000000	0.159965	0.003993	3.0
539	-0.043304	0.000000	0.159965	0.002011	2.5
540	-0.044282	0.000000	0.159965	0.002085	2.2
541	-0.046078	0.000000	0.159965	0.002768	2.1
542	-0.047039	0.000000	0.159965	0.002066	3.9
543	-0.053180	0.000000	0.159965	0.003594	2.5
544	-0.048001	0.000000	0.159965	0.001563	2.6
545	-0.048873	0.000000	0.159965	0.001560	2.7
546	-0.047226	0.000000	0.159965	0.003491	2.3
547	-0.047901	0.000000	0.159965	0.001709	2.2
548	-0.048965	0.000000	0.159965	0.004437	2.1
549	-0.048044	0.000000	0.159965	0.003134	2.1
550	-0.044681	0.000000	0.159965	0.002528	3.0
551	-0.048902	0.000000	0.159965	0.002146	2.4
552	-0.043422	0.000000	0.159965	0.002325	2.2
553	-0.046621	0.000000	0.159965	0.003095	2.2
554	-0.046479	0.000000	0.159965	0.006562	2.1
555	-0.051090	0.000000	0.159965	0.002307	2.1
556	-0.047586	0.000000	0.159965	0.001717	2.3
557	-0.047092	0.000000	0.159965	0.004233	2.1
558	-0.043957	0.000000	0.159965	0.002456	2.3
559	-0.047306	0.000000	0.159965	0.002678	2.4
560	-0.047106	0.000000	0.159965	0.002425	2.4
561	-0.048124	0.000000	0.159965	0.004590	3.0
562	-0.046676	0.000000	0.159965	0.004204	3.1
563	-0.045188	0.000000	0.159965	0.002126	3.1
564	-0.046210	0.000000	0.159965	0.002037	2.4
565	-0.045611	0.000000	0.159965	0.003531	2.2
566	-0.047706	0.000000	0.159965	0.002649	2.4
567	-0.045992	0.000000	0.159965	0.003965	2.5
568	-0.049321	0.000000	0.159965	0.002814	2.2
569	-0.049987	0.000000	0.159965	0.002850	2.3
570	-0.046378	0.000000	0.159965	0.001825	2.5
571	-0.049107	0.000000	0.159965	0.002464	2.5
572	-0.049181	0.000000	0.159965	0.003988	2.5
573	-0.044543	0.000000	0.159965	0.001371	2.5
574	-0.049526	0.000000	0.159965	0.003733	2.5
575	-0.046763	0.000000	0.159965	0.002842	2.5
576	-0.046073	0.000000	0.159965	0.003826	2.6
577	-0.044281	0.000000	0.159965	0.001729	2.4
578	-0.049540	0.000000	0.159965	0.004356	2.5
579	-0.046619	0.000000	0.159965	0.001866	2.7
580	-0.045763	0.000000	0.159965	0.002435	2.6
581	-0.047090	0.000000	0.159965	0.003045	2.6
582	-0.042255	0.000000	0.159965	0.003147	2.8
583	-0.046205	0.000000	0.159965	0.002102	2.6
584	-0.048107	0.000000	0.159965	0.002371	2.6
585	-0.048626	0.000000	0.159965	0.002703	2.6
586	-0.044968	0.000000	0.159965	0.001859	2.6
587	-0.047554	0.000000	0.159965	0.003128	2.6
588	-0.046823	0.000000	0.159965	0.001930	2.6
589	-0.048014	0.000000	0.159965	0.002729	3.3
590	-0.048193	0.000000	0.159965	0.001523	3.0
591	-0.048787	0.000000	0.159965	0.003766	2.6
592	-0.048132	0.000000	0.159965	0.004415	2.2
593	-0.046060	0.000000	0.159965	0.003476	2.3
594	-0.044267	0.000000	0.159965	0.002708	1.9
595	-0.048976	0.000000	0.159965	0.002708	2.1
596	-0.051281	0.000000	0.159965	0.002093	2.1
597	-0.049355	0.000000	0.159965	0.005462	2.0
598	-0.049957	0.000000	0.159965	0.004763	1.8
599	-0.046644	0.000000	0.159965	0.001497	2.0
600	-0.049185	0.000000	0.159965	0.001836	2.0
601	-0.049877	0.000000	0.159965	0.001728	1.9
602	-0.046848	0.000000	0.159965	0.002168	2.0
603	-0.044854	0.000000	0.159965	0.001776	1.9
604	-0.046046	0.000000	0.159965	0.002473	1.9
605	-0.042100	0.000000	0.159965	0.001824	1.9
606	-0.047600	0.000000	0.159965	0.003166	2.0
607	-0.045633	0.000000	0.159965	0.004427	1.9
608	-0.047121	0.000000	0.159965	0.003912	2.0
609	-0.046710	0.000000	0.159965	0.003231	2.0
610	-0.047943	0.000000	0.159965	0.001908	2.1
611	-0.046813	0.000000	0.159965	0.002525	2.1
612	-0.047581	0.000000	0.159965	0.002079	2.2
613	-0.049870	0.000000	0.159965	0.004030	2.2
614	-0.048353	0.000000	0.159965	0.003437	2.4
615	-0.048283	0.000000	0.159965	0.004107	2.5
616	-0.046622	0.000000	0.159965	0.001670	2.2
617	-0.046151	0.000000	0.159965	0.003460	2.3
618	-0.047145	0.000000	0.159965	0.003141	2.2
619	-0.050536	0.000000	0.159965	0.003106	2.2
620	-0.049932	0.000000	0.159965	0.003007	2.2
621	-0.047755	0.000000	0.159965	0.003316	2.2
622	-0.044351	0.000000	0.159965	0.001932	2.3
623	-0.041283	0.000000	0.159965	0.002200	2.3
624	-0.050321	0.000000	0.159965	0.003271	2.2
625	-0.049747	0.000000	0.159965	0.003034	2.0
626	-0.044415	0.000000	0.159965	0.004885	2.1
627	-0.045672	0.000000	0.159965	0.002215	2.1
628	-0.046571	0.000000	0.159965	0.002191	2.1
629	-0.049215	0.000000	0.159965	0.003258	2.2
630	-0.044564	0.000000	0.159965	0.003187	2.2
631	-0.047217	0.000000	0.159965	0.001843	2.1
632	-0.049890	0.000000	0.159965	0.002695	2.2
633	-0.050057	0.000000	0.159965	0.002393	2.5
634	-0.047886	0.000000	0.159965	0.002359	2.7
635	-0.048597	0.000000	0.159965	0.001780	2.9
636	-0.047087	0.000000	0.159965	0.002559	2.3
637	-0.049415	0.000000	0.159965	0.003396	2.3
638	-0.050899	0.000000	0.159965	0.002777	2.6
639	-0.045895	0.000000	0.159965	0.002348	2.9
640	-0.047958	0.000000	0.159965	0.006611	3.3
641	-0.047582	0.000000	0.159965	0.004068	3.3
642	-0.043570	0.000000	0.159965	0.001816	3.1
643	-0.049315	0.000000	0.159965	0.002523	2.4
644	-0.049728	0.000000	0.159965	0.003181	2.3
645	-0.045591	0.000000	0.159965	0.002379	2.5
646	-0.049445	0.000000	0.159965	0.002967	2.6
647	-0.047109	0.000000	0.159965	0.002011	2.7
648	-0.048931	0.000000	0.159965	0.001491	2.9
649	-0.049422	0.000000	0.159965	0.003500	3.0
650	-0.040536	0.000000	0.159965	0.002240	2.3
651	-0.045621	0.000000	0.159965	0.002743	2.4
652	-0.051288	0.000000	0.159965	0.004378	2.6
653	-0.045420	0.000000	0.159965	0.002724	2.4
654	-0.048122	0.000000	0.159965	0.002974	2.9
655	-0.044774	0.000000	0.159965	0.003877	2.5
656	-0.048094	0.000000	0.159965	0.004089	2.7
657	-0.047208	0.000000	0.159965	0.002329	2.3
658	-0.048971	0.000000	0.159965	0.002275	2.4
659	-0.051866	0.000000	0.159965	0.002173	2.2
660	-0.047707	0.000000	0.159965	0.002012	2.2
661	-0.046590	0.000000	0.159965	0.002353	2.2
662	-0.050119	0.000000	0.159965	0.003335	2.6
663	-0.048368	0.000000	0.159965	0.001782	2.7
664	-0.045108	0.000000	0.159965	0.001403	3.0
665	-0.048058	0.000000	0.159965	0.002638	3.1
666	-0.051218	0.000000	0.159965	0.001833	3.1
667	-0.046842	0.000000	0.159965	0.001975	3.1
668	-0.043935	0.000000	0.159965	0.002967	3.0
669	-0.051522	0.000000	0.159965	0.002593	2.9
670	-0.048257	0.000000	0.159965	0.003236	2.9
671	-0.046363	0.000000	0.159965	0.004546	2.9
672	-0.044637	0.000000	0.159965	0.003481	3.1
673	-0.044965	0.000000	0.159965	0.002294	3.0
674	-0.044728	0.000000	0.159965	0.003084	2.3
675	-0.045875	0.000000	0.159965	0.002294	2.3
676	-0.046616	0.000000	0.159965	0.003947	2.4
677	-0.047645	0.000000	0.159965	0.002072	2.6
678	-0.046919	0.000000	0.159965	0.002661	2.3
679	-0.051407	0.000000	0.159965	0.002164	2.2
680	-0.050520	0.000000	0.159965	0.002203	2.2
681	-0.047990	0.000000	0.159965	0.002367	2.1
682	-0.043849	0.000000	0.159965	0.004151	2.3
683	-0.052852	0.000000	0.159965	0.003453	2.4
684	-0.047825	0.000000	0.159965	0.002117	2.1
685	-0.046311	0.000000	0.159965	0.001378	2.2
686	-0.048237	0.000000	0.159965	0.002090	2.2
687	-0.048222	0.000000	0.159965	0.005742	2.1
688	-0.044092	0.000000	0.159965	0.004058	2.1
689	-0.049231	0.000000	0.159965	0.002431	2.0
690	-0.050784	0.000000	0.159965	0.001345	2.0
691	-0.048545	0.000000	0.159965	0.003257	2.7
692	-0.046674	0.000000	0.159965	0.002785	2.0
693	-0.045494	0.000000	0.159965	0.003183	2.3
694	-0.048066	1.000000	0.155547	0.001737	2.4
695	-0.049234	0.200000	0.159054	0.003125	2.3
696	-0.047184	0.000000	0.159965	0.002609	2.4
697	-0.046938	0.000000	0.159965	0.002387	2.9
698	-0.045296	0.000000	0.159965	0.003611	2.3
699	-0.051955	0.000000	0.159965	0.002699	2.5
700	-0.049659	0.000000	0.159965	0.002152	2.3
701	-0.045361	0.000000	0.159965	0.002328	2.4
702	-0.046111	0.000000	0.159965	0.003767	2.4
703	-0.047199	0.000000	0.159965	0.002392	2.4
704	-0.047872	0.000000	0.159965	0.002266	2.4
705	-0.049745	0.000000	0.159965	0.001800	2.6
706	-0.049166	0.000000	0.159965	0.003128	2.5
707	-0.043595	0.000000	0.159965	0.001788	2.7
708	-0.053003	0.000000	0.159965	0.003236	2.4
709	-0.046153	0.000000	0.159965	0.002248	2.7
710	-0.048717	0.000000	0.159965	0.002748	2.6
711	-0.047539	0.000000	0.159965	0.003195	3.2
712	-0.047251	0.000000	0.159965	0.001689	2.8
713	-0.044199	0.000000	0.159965	0.002486	2.5
714	-0.047025	0.000000	0.159965	0.003096	2.6
715	-0.049340	0.000000	0.159965	0.003815	3.1
716	-0.047648	0.000000	0.159965	0.003379	3.0
717	-0.045198	0.000000	0.159965	0.001752	2.6
718	-0.047179	0.000000	0.159965	0.001470	2.7
719	-0.043922	0.000000	0.159965	0.002012	3.2
720	-0.047288	0.000000	0.159965	0.001942	3.2
721	-0.046543	0.000000	0.159965	0.002670	3.5
722	-0.048858	0.000000	0.159965	0.001326	3.3
723	-0.045103	1.000000	0.155547	0.002964	3.1
724	-0.051410	2.000000	0.151440	0.004965	2.6
725	-0.048365	1.200000	0.154702	0.003240	3.2
726	-0.047247	0.400000	0.158158	0.002752	3.0
727	-0.052232	0.000000	0.159965	0.003322	2.4
728	-0.046122	0.000000	0.159965	0.001376	2.5
729	-0.045409	0.000000	0.159965	0.002286	2.9
730	-0.046661	0.000000	0.159965	0.003543	3.0
731	-0.050064	1.000000	0.155547	0.003474	2.8
732	-0.046250	0.200000	0.159054	0.002786	2.8
733	-0.047826	0.000000	0.159965	0.003438	2.2
734	-0.049828	0.000000	0.159965	0.006053	2.4
735	-0.048118	0.000000	0.159965	0.004780	2.3
736	-0.047538	0.000000	0.159965	0.002909	2.3
737	-0.047465	0.000000	0.159965	0.002970	3.2
738	-0.050431	0.000000	0.159965	0.002246	2.9
739	-0.046758	0.000000	0.159965	0.003689	2.3
740	-0.051698	0.000000	0.159965	0.001960	2.3
741	-0.047369	0.000000	0.159965	0.001917	2.5
742	-0.049455	0.000000	0.159965	0.002866	2.5
743	-0.050355	0.000000	0.159965	0.004104	2.4
744	-0.048290	0.000000	0.159965	0.001659	2.5
745	-0.044694	0.000000	0.159965	0.001365	2.4
746	-0.050521	0.000000	0.159965	0.004693	2.4
747	-0.046657	1.000000	0.155547	0.002078	2.6
748	-0.046534	0.200000	0.159054	0.001583	2.6
749	-0.049046	0.000000	0.159965	0.002951	2.4
750	-0.045210	0.000000	0.159965	0.002246	2.4
751	-0.046974	0.000000	0.159965	0.001795	2.4
752	-0.046440	0.000000	0.159965	0.001975	2.3
753	-0.046383	0.000000	0.159965	0.004069	2.4
754	-0.047630	0.000000	0.159965	0.003224	2.3
755	-0.044365	0.000000	0.159965	0.003273	2.6
756	-0.045323	0.000000	0.159965	0.002781	2.6
757	-0.049389	0.000000	0.159965	0.002591	2.6
758	-0.046098	0.000000	0.159965	0.004527	2.5
759	-0.047041	0.000000	0.159965	0.002621	2.2
760	-0.048544	0.000000	0.159965	0.004079	2.8
761	-0.050654	0.000000	0.159965	0.003376	2.1
762	-0.048431	0.000000	0.159965	0.002648	2.4
763	-0.049475	0.000000	0.159965	0.003467	2.2
764	-0.045607	0.000000	0.159965	0.002807	2.3
765	-0.048142	0.000000	0.159965	0.001240	2.5
766	-0.043803	0.000000	0.159965	0.002219	2.5
767	-0.048206	0.000000	0.159965	0.002088	2.6
768	-0.046788	0.000000	0.159965	0.003917	2.7
769	-0.046336	0.999990	0.155547	0.003149	2.9
770	-0.044116	0.199990	0.159054	0.003480	2.6
771	-0.050391	0.000000	0.159965	0.001327	2.6
772	-0.047375	1.000000	0.155547	0.003151	2.7
773	-0.050387	2.000000	0.151440	0.003536	2.2
774	-0.049593	1.200000	0.154702	0.003875	2.7
775	-0.045801	0.400000	0.158158	0.002935	2.4
776	-0.048555	0.000000	0.159965	0.002581	2.4
777	-0.045841	0.000000	0.159965	0.001984	2.4
778	-0.051791	0.000000	0.159965	0.002211	2.4
779	-0.045515	0.000000	0.159965	0.001944	2.5
780	-0.046701	1.000000	0.155547	0.002029	2.4
781	-0.051700	0.200000	0.159054	0.004371	2.5
782	-0.042072	0.000000	0.159965	0.003585	2.3
783	-0.051070	0.000000	0.159965	0.003684	2.2
784	-0.048860	0.000000	0.159965	0.002003	2.3
785	-0.049354	0.000000	0.159965	0.002643	2.7
786	-0.045272	0.000000	0.159965	0.001752	2.7
787	-0.045872	0.000000	0.159965	0.003275	2.4
788	-0.047305	0.000000	0.159965	0.003485	2.7
789	-0.048057	0.000000	0.159965	0.003196	3.1
790	-0.044391	0.000000	0.159965	0.001589	3.0
791	-0.045822	0.000000	0.159965	0.003110	2.9
792	-0.044875	0.000000	0.159965	0.003755	2.7
793	-0.042922	0.000000	0.159965	0.003767	2.2
794	-0.046557	0.000000	0.159965	0.004736	2.2
795	-0.047415	0.000000	0.159965	0.003739	2.2
796	-0.046194	0.000000	0.159965	0.001608	2.3
797	-0.049362	0.000000	0.159965	0.002403	2.4
798	-0.045046	0.000000	0.159965	0.002695	2.6
799	-0.045036	0.000000	0.159965	0.002180	3.1
800	-0.046967	0.000000	0.159965	0.003626	3.0
801	-0.049633	0.000000	0.159965	0.002035	2.2
802	-0.046672	0.000000	0.159965	0.003761	2.5
803	-0.047565	0.000000	0.159965	0.002912	2.5
804	-0.044043	0.000000	0.159965	0.004880	2.5
805	-0.047480	0.000000	0.159965	0.002671	2.5
806	-0.049130	0.000000	0.159965	0.003071	2.3
807	-0.047844	0.000000	0.159965	0.005224	2.3
808	-0.050983	0.000000	0.159965	0.003198	2.4
809	-0.044918	0.000000	0.159965	0.003903	2.2
810	-0.050207	0.000000	0.159965	0.003416	2.2
811	-0.043514	0.000000	0.159965	0.003437	2.6
812	-0.043818	0.000000	0.159965	0.002621	2.2
813	-0.046731	0.000000	0.159965	0.005115	2.4
814	-0.046544	0.000000	0.159965	0.003512	2.3
815	-0.052659	0.000000	0.159965	0.003022	2.4
816	-0.046292	0.000000	0.159965	0.002878	2.6
817	-0.046542	0.000000	0.159965	0.001631	2.8
818	-0.048081	0.000000	0.159965	0.003011	2.2
819	-0.050713	0.000000	0.159965	0.002261	2.0
820	-0.048988	0.000000	0.159965	0.003545	2.1
821	-0.047504	0.000000	0.159965	0.001782	2.5
822	-0.047269	0.000000	0.159965	0.001809	2.7
823	-0.047328	0.000000	0.159965	0.002908	2.7
824	-0.050992	0.000000	0.159965	0.002964	2.7
825	-0.047522	0.000000	0.159965	0.001703	2.6
826	-0.045522	0.000000	0.159965	0.004705	2.7
827	-0.047575	0.000000	0.159965	0.001756	2.7
828	-0.049870	1.000000	0.155547	0.003313	2.6
829	-0.048249	0.200000	0.159054	0.004628	2.7
830	-0.052440	0.000000	0.159965	0.004035	2.7
831	-0.047706	0.000000	0.159965	0.002195	2.5
832	-0.048792	0.000000	0.159965	0.001713	2.6
833	-0.047303	0.000000	0.159965	0.004156	2.5
834	-0.048600	0.000000	0.159965	0.004276	2.4
835	-0.048267	0.000000	0.159965	0.001615	2.7
836	-0.049843	0.000000	0.159965	0.003544	2.8
837	-0.049698	0.000000	0.159965	0.004254	2.9
838	-0.045786	0.000000	0.159965	0.002363	2.4
839	-0.048833	0.000000	0.159965	0.001888	2.8
840	-0.050962	0.000000	0.159965	0.004688	2.6
841	-0.046309	0.000000	0.159965	0.004560	2.5
842	-0.051064	0.000000	0.159965	0.003318	2.6
843	-0.048229	0.000000	0.159965	0.002192	2.5
844	-0.050954	0.000000	0.159965	0.002903	2.6
845	-0.043811	0.000000	0.159965	0.002715	2.4
846	-0.047511	0.000000	0.159965	0.004062	2.6
847	-0.046596	0.000000	0.159965	0.002632	2.9
848	-0.051628	0.000000	0.159965	0.002681	2.5
849	-0.046025	0.000000	0.159965	0.004217	2.6
850	-0.047962	0.000000	0.159965	0.003833	2.7
851	-0.046780	0.000000	0.159965	0.002332	2.7
852	-0.045864	0.000000	0.159965	0.002348	2.7
853	-0.045915	0.000000	0.159965	0.003559	2.5
854	-0.047360	0.000000	0.159965	0.003739	2.6
855	-0.045865	0.000000	0.159965	0.005295	2.3
856	-0.046279	0.000000	0.159965	0.002124	2.4
857	-0.045122	0.000000	0.159965	0.002861	3.3
858	-0.047407	0.000000	0.159965	0.004192	2.9
859	-0.041489	0.000000	0.159965	0.002373	2.6
860	-0.045495	0.000000	0.159965	0.002016	2.3
861	-0.046518	0.000000	0.159965	0.003405	2.4
862	-0.049894	0.000000	0.159965	0.004719	2.9
863	-0.046385	0.000000	0.159965	0.001672	2.8
864	-0.047549	0.000000	0.159965	0.003270	3.3
865	-0.048005	0.000000	0.159965	0.004967	2.4
866	-0.049898	0.000000	0.159965	0.004108	2.3
867	-0.043202	0.000000	0.159965	0.002783	2.5
868	-0.048819	0.000000	0.159965	0.002572	3.0
869	-0.050199	0.000000	0.159965	0.001306	2.6
870	-0.050440	0.000000	0.159965	0.002708	2.5
871	-0.049995	0.000000	0.159965	0.002475	2.3
872	-0.046965	0.000000	0.159965	0.002057	2.9
873	-0.050091	0.000000	0.159965	0.001134	2.4
874	-0.048805	0.000000	0.159965	0.003930	2.5
875	-0.047719	0.000000	0.159965	0.003079	2.6
876	-0.050593	0.000000	0.159965	0.002703	2.3
877	-0.045407	0.000000	0.159965	0.003161	3.0
878	-0.050412	0.000000	0.159965	0.004453	2.8
879	-0.050511	0.000000	0.159965	0.004023	2.7
880	-0.049589	0.000000	0.159965	0.002462	2.7
881	-0.045625	0.000000	0.159965	0.002307	2.4
882	-0.050228	0.000000	0.159965	0.005780	3.0
883	-0.047850	0.000000	0.159965	0.002758	2.7
884	-0.049213	0.000000	0.159965	0.001459	2.8
885	-0.045232	0.000000	0.159965	0.002737	2.3
886	-0.046715	0.000000	0.159965	0.003202	2.3
887	-0.050426	0.000000	0.159965	0.003366	2.4
888	-0.050975	0.000000	0.159965	0.002754	3.3
889	-0.045465	0.000000	0.159965	0.003095	3.1
890	-0.047325	0.000000	0.159965	0.002385	2.3
891	-0.049771	0.000000	0.159965	0.003458	2.3
892	-0.045688	0.000000	0.159965	0.001815	2.2
893	-0.047043	0.000000	0.159965	0.002828	2.3
894	-0.050128	0.000000	0.159965	0.002709	2.2
895	-0.047008	0.000000	0.159965	0.001690	2.3
896	-0.048812	0.999925	0.155547	0.002053	2.2
897	-0.048284	0.199925	0.159055	0.001920	2.2
898	-0.047830	0.000000	0.159965	0.002062	2.4
899	-0.046393	0.000000	0.159965	0.004117	2.5
900	-0.046276	0.000000	0.159965	0.003409	2.4
901	-0.042877	0.000000	0.159965	0.001913	2.5
902	-0.050559	0.000000	0.159965	0.002098	3.0
903	-0.045457	0.000000	0.159965	0.002936	3.0
904	-0.049175	0.000000	0.159965	0.003078	3.0
905	-0.049043	0.000000	0.159965	0.002571	2.2
906	-0.049525	0.000000	0.159965	0.002030	2.0
907	-0.044084	0.000000	0.159965	0.003775	2.1
908	-0.052373	0.000000	0.159965	0.003187	2.9
909	-0.046343	0.000000	0.159965	0.002361	3.1
910	-0.046416	0.000000	0.159965	0.002988	2.4
911	-0.046572	0.000000	0.159965	0.002387	2.5
912	-0.045166	0.000000	0.159965	0.002574	1.9
913	-0.044618	0.000000	0.159965	0.001722	2.2
914	-0.047052	0.000000	0.159965	0.002873	2.3
915	-0.048210	0.000000	0.159965	0.003410	2.6
916	-0.046467	1.000000	0.155547	0.003132	3.1
917	-0.046219	0.200000	0.159054	0.001649	2.4
918	-0.044492	1.200000	0.154702	0.003098	2.3
919	-0.048853	0.400164	0.158157	0.001600	2.5
920	-0.048410	0.000000	0.159965	0.003269	2.3
921	-0.049048	0.000000	0.159965	0.004115	2.3
922	-0.050505	0.000000	0.159965	0.003303	2.3
923	-0.053259	0.000000	0.159965	0.002355	3.2
924	-0.047888	0.000000	0.159965	0.002033	2.7
925	-0.047865	0.000000	0.159965	0.002231	2.2
926	-0.046188	0.000000	0.159965	0.002790	2.1
927	-0.052038	0.000000	0.159965	0.002623	2.3
928	-0.047660	0.000000	0.159965	0.001789	2.7
929	-0.047651	0.000000	0.159965	0.003797	2.1
930	-0.047712	0.000000	0.159965	0.003758	2.4
931	-0.045899	0.000000	0.159965	0.002802	2.5
932	-0.049979	0.000000	0.159965	0.003174	2.3
933	-0.048990	0.000000	0.159965	0.004483	3.2
934	-0.048782	0.000000	0.159965	0.003555	2.9
935	-0.048248	0.000000	0.159965	0.001728	2.6
936	-0.046957	0.000000	0.159965	0.003841	2.7
937	-0.045750	0.000000	0.159965	0.002298	2.3
938	-0.046109	0.000000	0.159965	0.003825	2.5
939	-0.046811	0.000000	0.159965	0.003526	2.7
940	-0.048765	0.000000	0.159965	0.002952	3.0
941	-0.047015	1.000000	0.155547	0.005226	3.3
942	-0.046444	2.000000	0.151440	0.002526	2.7
943	-0.047074	1.200000	0.154702	0.003276	2.7
944	-0.048137	0.400000	0.158158	0.001845	2.8
945	-0.049434	0.000000	0.159965	0.002427	2.7
946	-0.046913	0.000000	0.159965	0.001900	2.7
947	-0.050606	0.000000	0.159965	0.003983	2.1
948	-0.051703	0.000000	0.159965	0.002838	2.9
949	-0.047273	0.000000	0.159965	0.002661	2.4
950	-0.043610	0.000000	0.159965	0.002712	2.3
951	-0.050154	0.000000	0.159965	0.001720	2.3
952	-0.052595	0.000000	0.159965	0.002222	2.3
953	-0.043513	0.000000	0.159965	0.001823	3.2
954	-0.045793	0.000000	0.159965	0.002538	2.3
955	-0.051011	0.000000	0.159965	0.002148	2.5
956	-0.044792	0.000000	0.159965	0.004748	2.6
957	-0.052020	0.000000	0.159965	0.002303	2.7
958	-0.045297	0.000000	0.159965	0.002334	2.6
959	-0.051018	0.000000	0.159965	0.003353	2.5
960	-0.047422	0.000000	0.159965	0.003492	3.2
961	-0.050221	0.000000	0.159965	0.003789	3.2
962	-0.048458	0.000000	0.159965	0.001911	2.9
963	-0.048767	0.000000	0.159965	0.001684	2.8
964	-0.045080	0.000000	0.159965	0.002656	2.8
965	-0.046507	0.000000	0.159965	0.003578	3.4
966	-0.045665	0.000000	0.159965	0.002747	2.6
967	-0.045187	0.000000	0.159965	0.003690	2.7
968	-0.045395	0.000000	0.159965	0.002687	3.0
969	-0.043292	0.000000	0.159965	0.002071	2.6
970	-0.047509	0.000000	0.159965	0.001993	2.5
971	-0.047623	0.000000	0.159965	0.002433	2.4
972	-0.048677	0.000000	0.159965	0.002908	2.4
973	-0.047407	0.000000	0.159965	0.003811	3.0
974	-0.047314	0.000000	0.159965	0.002618	3.1
975	-0.049279	0.000000	0.159965	0.003965	3.3
976	-0.046439	0.000000	0.159965	0.002386	3.0
977	-0.050643	0.000000	0.159965	0.003584	3.2
978	-0.047489	0.000000	0.159965	0.003509	3.2
979	-0.048544	0.000000	0.159965	0.002211	3.1
980	-0.046926	0.000000	0.159965	0.002239	3.3
981	-0.049365	0.000000	0.159965	0.005588	3.2
982	-0.049599	0.000000	0.159965	0.001988	3.2
983	-0.043308	0.000000	0.159965	0.003261	3.1
984	-0.047594	0.000000	0.159965	0.001766	3.1
985	-0.044188	0.000000	0.159965	0.006157	2.1
986	-0.046961	0.000000	0.159965	0.001790	2.0
987	-0.044892	0.000000	0.159965	0.003602	2.2
988	-0.048978	0.000000	0.159965	0.003518	2.2
989	-0.050488	0.000000	0.159965	0.003006	2.3
990	-0.045508	0.000000	0.159965	0.002471	2.6
991	-0.046623	0.000000	0.159965	0.002904	2.8
992	-0.051172	0.000000	0.159965	0.002868	2.9
993	-0.046415	0.000000	0.159965	0.002042	2.8
994	-0.050145	0.000000	0.159965	0.002162	2.9
995	-0.046135	0.000000	0.159965	0.003466	2.2
996	-0.046442	0.000000	0.159965	0.002283	2.2
997	-0.048570	0.000000	0.159965	0.003940	2.2
998	-0.042970	0.000000	0.159965	0.000707	2.1
999	-0.051023	0.000000	0.159965	0.002150	2.2
