1:ItNr	2:Metric	3a:Time	3b:StepSize	4:||Gradient||	Time[ms]
0	-0.068005	0.000000	0.159965	0.009175	555.4
1	-0.068326	0.000000	0.159965	0.006254	3.1
2	-0.064322	0.000000	0.159965	0.008081	3.0
3	-0.065208	0.000000	0.159965	0.008975	3.0
4	-0.064813	0.000000	0.159965	0.005727	3.1
5	-0.068020	0.000000	0.159965	0.007151	3.2
6	-0.064765	0.000000	0.159965	0.005462	3.2
7	-0.065722	0.000000	0.159965	0.009272	3.7
8	-0.072809	0.000000	0.159965	0.008047	3.9
9	-0.066432	0.000000	0.159965	0.008597	3.9
10	-0.069830	0.000000	0.159965	0.004216	4.4
11	-0.068770	0.000000	0.159965	0.012870	4.0
12	-0.066494	0.000000	0.159965	0.010274	4.3
13	-0.067551	0.000000	0.159965	0.006498	4.3
14	-0.070055	0.000000	0.159965	0.006406	4.2
15	-0.067361	0.000000	0.159965	0.005935	4.5
16	-0.064317	0.000000	0.159965	0.007402	4.5
17	-0.068711	0.000000	0.159965	0.006059	4.5
18	-0.068221	0.000000	0.159965	0.004661	4.4
19	-0.065918	1.000000	0.155547	0.003537	4.3
20	-0.065057	2.000000	0.151440	0.008612	4.8
21	-0.061008	3.000000	0.147609	0.007822	4.5
22	-0.069402	2.200000	0.150652	0.007016	4.3
23	-0.066592	1.400000	0.153869	0.008427	4.3
24	-0.068045	0.600000	0.157275	0.007974	4.6
25	-0.067138	0.000000	0.159965	0.006989	4.3
26	-0.068474	0.000000	0.159965	0.007624	5.4
27	-0.069126	0.000000	0.159965	0.005948	5.4
28	-0.062813	0.000000	0.159965	0.008931	4.8
29	-0.069554	0.000000	0.159965	0.005862	4.4
30	-0.069173	0.000000	0.159965	0.007725	4.6
31	-0.063601	0.000000	0.159965	0.007943	5.3
32	-0.069177	0.000000	0.159965	0.009581	4.9
33	-0.071069	0.000000	0.159965	0.005565	4.9
34	-0.064758	1.000000	0.155547	0.008463	5.6
35	-0.066165	0.200000	0.159054	0.010834	4.9
36	-0.069727	0.000000	0.159965	0.006567	6.0
37	-0.068236	0.000000	0.159965	0.006113	5.9
38	-0.063585	0.000000	0.159965	0.006694	5.0
39	-0.067578	0.000000	0.159965	0.006844	5.1
40	-0.070844	0.000000	0.159965	0.002340	5.1
41	-0.068030	0.000000	0.159965	0.010354	5.0
42	-0.064692	0.000000	0.159965	0.009649	4.9
43	-0.066340	0.000000	0.159965	0.006060	4.7
44	-0.069210	0.000000	0.159965	0.007776	5.2
45	-0.069249	0.000000	0.159965	0.005005	5.8
46	-0.068841	0.000000	0.159965	0.005864	5.8
47	-0.065813	0.000000	0.159965	0.004957	5.3
48	-0.065078	0.000000	0.159965	0.006553	6.1
49	-0.065702	0.000000	0.159965	0.008502	6.6
50	-0.069282	0.000000	0.159965	0.006026	6.0
51	-0.068576	0.000000	0.159965	0.006012	6.1
52	-0.062865	0.000000	0.159965	0.007086	5.4
53	-0.074623	0.000000	0.159965	0.007028	5.3
54	-0.070668	0.000000	0.159965	0.006740	5.4
55	-0.069874	0.000000	0.159965	0.007085	6.2
56	-0.063717	0.000000	0.159965	0.004689	6.1
57	-0.064918	0.000000	0.159965	0.007230	5.7
58	-0.067163	0.000000	0.159965	0.004417	6.1
59	-0.071812	0.000000	0.159965	0.004167	5.8
60	-0.069243	0.000000	0.159965	0.004317	5.5
61	-0.066084	0.000000	0.159965	0.006821	5.8
62	-0.069651	0.000000	0.159965	0.006928	5.3
63	-0.064259	0.000000	0.159965	0.007723	5.2
64	-0.067033	0.000000	0.159965	0.008246	4.7
65	-0.068772	0.000000	0.159965	0.002221	5.0
66	-0.068066	1.000000	0.155547	0.007427	5.7
67	-0.066653	2.000000	0.151440	0.008844	5.6
68	-0.062640	1.200000	0.154702	0.006808	4.8
69	-0.066348	0.400000	0.158158	0.009568	4.8
70	-0.065333	0.000000	0.159965	0.004822	4.4
71	-0.067033	0.000000	0.159965	0.010161	4.4
72	-0.063486	0.000000	0.159965	0.007692	4.3
73	-0.067042	0.000000	0.159965	0.003670	4.4
74	-0.060664	0.000000	0.159965	0.006291	4.5
75	-0.056033	0.000000	0.159965	0.006371	4.2
76	-0.065787	0.000000	0.159965	0.008441	4.3
77	-0.069013	0.000000	0.159965	0.008707	4.3
78	-0.069923	0.000000	0.159965	0.011976	4.3
79	-0.068309	0.000000	0.159965	0.012783	4.3
80	-0.066396	0.000000	0.159965	0.004462	4.3
81	-0.073394	0.000000	0.159965	0.006198	4.4
82	-0.066407	0.000000	0.159965	0.007432	6.6
83	-0.064037	0.000000	0.159965	0.003998	5.8
84	-0.069115	0.000000	0.159965	0.006212	5.7
85	-0.067027	0.000000	0.159965	0.008098	5.2
86	-0.069510	0.000000	0.159965	0.007489	6.0
87	-0.067973	0.000000	0.159965	0.009058	6.0
88	-0.067621	0.000000	0.159965	0.008272	5.4
89	-0.068792	0.000000	0.159965	0.008324	5.2
90	-0.068037	0.000000	0.159965	0.004217	5.2
91	-0.068075	0.000000	0.159965	0.007817	5.4
92	-0.067951	0.000000	0.159965	0.004296	6.0
93	-0.070481	0.000000	0.159965	0.004948	6.1
94	-0.067761	0.000000	0.159965	0.009680	5.8
95	-0.062014	0.000000	0.159965	0.006084	5.5
96	-0.063988	0.000000	0.159965	0.008612	5.4
97	-0.065333	0.000000	0.159965	0.005299	5.1
98	-0.072468	0.000000	0.159965	0.008261	5.2
99	-0.070247	0.000000	0.159965	0.007803	5.9
100	-0.070425	0.000000	0.159965	0.005314	6.0
101	-0.069055	0.000000	0.159965	0.004286	5.6
102	-0.071136	0.000000	0.159965	0.007239	5.1
103	-0.073092	0.000000	0.159965	0.007333	5.2
104	-0.065526	0.000000	0.159965	0.006161	6.0
105	-0.064626	0.000000	0.159965	0.007448	6.1
106	-0.068391	0.000000	0.159965	0.009472	6.1
107	-0.072722	0.000000	0.159965	0.009151	5.3
108	-0.070489	0.000000	0.159965	0.006517	5.3
109	-0.065403	0.000000	0.159965	0.008636	5.1
110	-0.067441	0.000000	0.159965	0.007957	4.9
111	-0.063508	0.000000	0.159965	0.006738	5.0
112	-0.070842	0.000000	0.159965	0.008175	4.9
113	-0.063292	0.000000	0.159965	0.006462	5.0
114	-0.067732	0.000000	0.159965	0.004305	5.4
115	-0.069796	0.000000	0.159965	0.004763	5.6
116	-0.067106	0.000000	0.159965	0.009064	6.3
117	-0.068367	0.000000	0.159965	0.008883	6.3
118	-0.069089	0.000000	0.159965	0.007807	5.8
119	-0.067296	0.000000	0.159965	0.006716	5.9
120	-0.063710	0.000000	0.159965	0.009992	5.7
121	-0.067496	0.000000	0.159965	0.007228	5.7
122	-0.064932	0.000000	0.159965	0.004137	5.2
123	-0.068253	0.000000	0.159965	0.007057	5.4
124	-0.068082	0.000000	0.159965	0.010340	6.0
125	-0.068932	0.000000	0.159965	0.011098	6.2
126	-0.067254	0.000000	0.159965	0.004641	5.6
127	-0.066832	0.000000	0.159965	0.005354	6.1
128	-0.067303	0.000000	0.159965	0.007658	6.1
129	-0.071654	0.000000	0.159965	0.007068	5.8
130	-0.066537	0.000000	0.159965	0.009587	6.1
131	-0.069845	0.000000	0.159965	0.006171	5.8
132	-0.067402	0.000000	0.159965	0.008467	5.8
133	-0.060755	0.000000	0.159965	0.003372	6.1
134	-0.067549	0.000000	0.159965	0.009277	6.2
135	-0.064808	0.000000	0.159965	0.008301	5.5
136	-0.063510	0.000000	0.159965	0.005638	5.6
137	-0.065497	0.000000	0.159965	0.006360	6.3
138	-0.068528	0.000000	0.159965	0.009470	6.2
139	-0.071834	0.000000	0.159965	0.003215	6.3
140	-0.063323	0.000000	0.159965	0.007679	6.5
141	-0.069179	0.000000	0.159965	0.005397	6.7
142	-0.066557	0.000000	0.159965	0.008304	6.4
143	-0.060936	0.000000	0.159965	0.007310	6.4
144	-0.066644	0.000000	0.159965	0.009640	6.3
145	-0.068846	0.000000	0.159965	0.009372	6.4
146	-0.071008	0.000000	0.159965	0.005830	6.4
147	-0.066493	0.000000	0.159965	0.008753	6.5
148	-0.070333	0.000000	0.159965	0.004388	6.5
149	-0.068672	0.000000	0.159965	0.003313	6.4
150	-0.066956	0.000000	0.159965	0.009425	6.4
151	-0.069745	0.000000	0.159965	0.007970	6.6
152	-0.068708	0.000000	0.159965	0.006702	6.4
153	-0.062873	0.000000	0.159965	0.008147	6.4
154	-0.065270	0.000000	0.159965	0.008043	6.4
155	-0.068422	0.000000	0.159965	0.007718	6.6
156	-0.066646	0.000000	0.159965	0.008486	6.4
157	-0.067486	0.000000	0.159965	0.008858	6.4
158	-0.070743	0.000000	0.159965	0.006847	6.0
159	-0.070799	0.000000	0.159965	0.008831	6.0
160	-0.062355	0.000000	0.159965	0.006582	6.3
161	-0.070356	0.000000	0.159965	0.005606	5.8
162	-0.067916	0.000000	0.159965	0.008444	6.1
163	-0.064799	0.000000	0.159965	0.006699	6.5
164	-0.069508	0.000000	0.159965	0.008340	6.8
165	-0.064717	0.000000	0.159965	0.009065	6.3
166	-0.069626	0.000000	0.159965	0.010102	6.4
167	-0.069349	0.000000	0.159965	0.005786	6.3
168	-0.069477	0.000000	0.159965	0.007834	6.4
169	-0.068461	0.000000	0.159965	0.006948	6.0
170	-0.071096	0.000000	0.159965	0.007059	6.1
171	-0.069667	0.000000	0.159965	0.009192	6.1
172	-0.069984	0.000000	0.159965	0.006576	5.9
173	-0.067665	0.000000	0.159965	0.007758	6.5
174	-0.067505	0.000000	0.159965	0.006717	6.5
175	-0.070650	0.000000	0.159965	0.005986	6.8
176	-0.057864	0.000000	0.159965	0.005162	6.5
177	-0.063870	0.000000	0.159965	0.004551	6.6
178	-0.070671	0.000000	0.159965	0.009621	6.6
179	-0.063502	0.000000	0.159965	0.005967	6.6
180	-0.065643	0.000000	0.159965	0.007722	6.4
181	-0.063761	0.000000	0.159965	0.007357	6.8
182	-0.066951	0.000000	0.159965	0.008301	6.2
183	-0.067221	0.000000	0.159965	0.005221	6.6
184	-0.062252	0.000000	0.159965	0.006338	6.6
185	-0.066183	0.000000	0.159965	0.003436	6.6
186	-0.068011	0.000000	0.159965	0.006837	6.2
187	-0.068602	0.000000	0.159965	0.004650	6.4
188	-0.067893	0.000000	0.159965	0.006983	6.3
189	-0.071924	0.000000	0.159965	0.007314	6.1
190	-0.065443	0.000000	0.159965	0.005980	6.5
191	-0.063676	0.000000	0.159965	0.010462	6.4
192	-0.068010	0.000000	0.159965	0.005090	6.8
193	-0.071746	0.000000	0.159965	0.012336	6.8
194	-0.068310	0.000000	0.159965	0.007584	6.8
195	-0.066951	0.000000	0.159965	0.006225	6.7
196	-0.064399	0.000000	0.159965	0.008248	6.2
197	-0.066529	0.000000	0.159965	0.009764	6.6
198	-0.070790	0.000000	0.159965	0.004042	6.7
199	-0.065161	0.000000	0.159965	0.009125	6.7
200	-0.070468	0.000000	0.159965	0.004125	6.6
201	-0.067474	0.000000	0.159965	0.007989	6.7
202	-0.068874	0.000000	0.159965	0.004476	6.7
203	-0.066661	0.000000	0.159965	0.004652	6.5
204	-0.072491	0.000000	0.159965	0.006127	6.5
205	-0.066124	0.000000	0.159965	0.007910	6.1
206	-0.066819	0.000000	0.159965	0.007992	5.8
207	-0.063546	0.000000	0.159965	0.005755	5.6
208	-0.068551	0.000000	0.159965	0.008602	5.4
209	-0.069600	0.000000	0.159965	0.003496	6.5
210	-0.065923	0.000000	0.159965	0.006701	6.2
211	-0.068298	0.000000	0.159965	0.005570	6.0
212	-0.068736	0.000000	0.159965	0.006054	5.9
213	-0.067659	0.000000	0.159965	0.006024	6.0
214	-0.065974	0.000000	0.159965	0.005135	6.4
215	-0.064251	0.000000	0.159965	0.008032	6.2
216	-0.069519	0.000000	0.159965	0.003244	5.8
217	-0.073521	0.000000	0.159965	0.007727	5.5
218	-0.069422	0.000000	0.159965	0.004418	5.4
219	-0.067981	0.000000	0.159965	0.006733	5.2
220	-0.067459	0.000000	0.159965	0.008167	5.0
221	-0.067665	0.000000	0.159965	0.005729	5.0
222	-0.067950	0.000000	0.159965	0.013055	5.2
223	-0.070573	0.000000	0.159965	0.009317	5.0
224	-0.064335	0.000000	0.159965	0.003472	4.9
225	-0.067063	0.000000	0.159965	0.007217	4.8
226	-0.070262	0.000000	0.159965	0.006183	4.5
227	-0.066883	0.000000	0.159965	0.010568	4.4
228	-0.070344	0.000000	0.159965	0.008353	4.3
229	-0.068393	0.000000	0.159965	0.002798	4.3
230	-0.064831	1.000000	0.155547	0.007341	4.9
231	-0.073849	0.200000	0.159054	0.008239	5.3
232	-0.067000	0.000000	0.159965	0.007710	6.0
233	-0.070173	0.000000	0.159965	0.008838	5.3
234	-0.070195	0.000000	0.159965	0.005681	5.2
235	-0.069400	0.000000	0.159965	0.006161	5.1
236	-0.066945	0.000000	0.159965	0.005143	4.8
237	-0.069465	0.000000	0.159965	0.004580	4.9
238	-0.069509	0.000000	0.159965	0.007822	4.8
239	-0.068638	0.000000	0.159965	0.007369	5.0
240	-0.065896	0.000000	0.159965	0.006182	4.7
241	-0.067406	0.000000	0.159965	0.008615	4.7
242	-0.068522	0.000000	0.159965	0.005373	5.7
243	-0.073722	0.000000	0.159965	0.008394	6.0
244	-0.065712	0.000000	0.159965	0.005112	6.0
245	-0.067721	0.000000	0.159965	0.004420	6.0
246	-0.070411	0.000000	0.159965	0.011910	5.6
247	-0.069473	0.000000	0.159965	0.004330	6.3
248	-0.069329	0.000000	0.159965	0.003524	5.6
249	-0.065623	1.000000	0.155547	0.007732	5.7
250	-0.071751	0.200000	0.159054	0.010376	6.0
251	-0.070506	0.000000	0.159965	0.006574	6.3
252	-0.073147	0.000000	0.159965	0.008809	6.3
253	-0.064502	0.000000	0.159965	0.007945	6.2
254	-0.070771	0.000000	0.159965	0.001610	5.6
255	-0.068908	1.000000	0.155547	0.008545	5.9
256	-0.068158	2.000000	0.151440	0.006281	5.5
257	-0.067384	1.200000	0.154702	0.005613	5.3
258	-0.066028	2.200000	0.150652	0.006694	5.4
259	-0.071905	1.400000	0.153869	0.009277	5.5
260	-0.065900	0.600000	0.157275	0.009749	6.3
261	-0.064688	0.000000	0.159965	0.004878	6.3
262	-0.070225	0.000000	0.159965	0.006151	5.9
263	-0.062569	0.000000	0.159965	0.006495	6.0
264	-0.074056	0.000000	0.159965	0.007191	5.4
265	-0.067642	0.000000	0.159965	0.010227	5.3
266	-0.072090	0.000000	0.159965	0.008273	5.2
267	-0.064814	0.000000	0.159965	0.005516	6.3
268	-0.066189	0.000000	0.159965	0.006685	5.6
269	-0.069090	0.000000	0.159965	0.006496	6.3
270	-0.068074	0.000000	0.159965	0.009096	6.1
271	-0.066668	0.000000	0.159965	0.006658	6.1
272	-0.071825	0.000000	0.159965	0.007667	5.7
273	-0.065326	0.000000	0.159965	0.009652	5.5
274	-0.067949	0.000000	0.159965	0.005063	5.3
275	-0.067823	0.000000	0.159965	0.008998	5.3
276	-0.068969	0.000000	0.159965	0.009043	4.8
277	-0.068480	0.000000	0.159965	0.005920	5.0
278	-0.073338	0.000000	0.159965	0.008308	5.6
279	-0.066134	0.000000	0.159965	0.009902	5.7
280	-0.072313	0.000000	0.159965	0.008425	5.5
281	-0.060994	0.000000	0.159965	0.007534	5.1
282	-0.069202	0.000000	0.159965	0.007129	6.0
283	-0.065783	0.000000	0.159965	0.007139	6.3
284	-0.069609	0.000000	0.159965	0.003319	6.1
285	-0.073722	0.000000	0.159965	0.007304	5.8
286	-0.069642	0.000000	0.159965	0.008423	5.8
287	-0.069279	0.000000	0.159965	0.005883	6.2
288	-0.060719	0.000000	0.159965	0.007177	6.2
289	-0.068525	0.000000	0.159965	0.004512	6.2
290	-0.066567	0.000000	0.159965	0.007132	5.6
291	-0.070381	0.000000	0.159965	0.009980	6.1
292	-0.067453	0.000000	0.159965	0.004710	6.2
293	-0.067519	0.000000	0.159965	0.004468	6.3
294	-0.065265	0.000000	0.159965	0.005880	6.4
295	-0.069507	0.000000	0.159965	0.007212	6.1
296	-0.070989	0.000000	0.159965	0.008700	6.0
297	-0.066097	0.000000	0.159965	0.006540	6.4
298	-0.068942	0.000000	0.159965	0.005389	6.4
299	-0.069898	0.000000	0.159965	0.007447	6.2
300	-0.068590	0.000000	0.159965	0.003919	5.9
301	-0.073462	0.000000	0.159965	0.010827	6.3
302	-0.067593	0.000000	0.159965	0.011224	6.4
303	-0.064238	0.000000	0.159965	0.007956	6.2
304	-0.073904	0.000000	0.159965	0.013154	5.9
305	-0.070985	0.000000	0.159965	0.011407	5.8
306	-0.069769	0.000000	0.159965	0.006655	5.6
307	-0.067244	0.000000	0.159965	0.005875	6.3
308	-0.067101	0.000000	0.159965	0.007297	5.5
309	-0.068592	0.000000	0.159965	0.006385	5.7
310	-0.066347	0.000000	0.159965	0.008137	6.5
311	-0.070654	0.000000	0.159965	0.004757	6.5
312	-0.072617	0.000000	0.159965	0.007490	6.4
313	-0.067290	0.000000	0.159965	0.007121	6.5
314	-0.079511	0.000000	0.159965	0.008902	6.5
315	-0.068365	0.000000	0.159965	0.006181	6.4
316	-0.070551	0.000000	0.159965	0.001998	6.3
317	-0.067360	0.000000	0.159965	0.005123	5.9
318	-0.069921	0.000000	0.159965	0.005158	6.3
319	-0.065455	0.000000	0.159965	0.006703	6.4
320	-0.072575	0.000000	0.159965	0.004918	6.6
321	-0.069566	0.000000	0.159965	0.007849	6.6
322	-0.068987	0.000000	0.159965	0.007222	6.2
323	-0.068790	0.000000	0.159965	0.004545	5.9
324	-0.073175	0.000000	0.159965	0.004688	5.8
325	-0.062373	0.000000	0.159965	0.006580	5.4
326	-0.066411	0.000000	0.159965	0.007770	5.3
327	-0.065962	0.000000	0.159965	0.007698	5.1
328	-0.069501	0.000000	0.159965	0.005302	5.6
329	-0.067705	0.000000	0.159965	0.008105	6.3
330	-0.065463	0.000000	0.159965	0.005115	6.2
331	-0.074611	0.000000	0.159965	0.008264	6.2
332	-0.069170	0.000000	0.159965	0.006292	5.7
333	-0.070797	0.000000	0.159965	0.008627	6.4
334	-0.066247	0.000000	0.159965	0.005865	6.3
335	-0.066706	0.000000	0.159965	0.003929	6.5
336	-0.066393	0.000000	0.159965	0.008722	6.1
337	-0.072880	0.000000	0.159965	0.006404	5.8
338	-0.065077	0.000000	0.159965	0.003112	6.1
339	-0.068474	1.000000	0.155547	0.008086	5.8
340	-0.066153	2.000000	0.151440	0.005774	5.7
341	-0.074211	1.200000	0.154702	0.010559	5.3
342	-0.069133	0.400000	0.158158	0.006851	5.3
343	-0.063868	0.000000	0.159965	0.007655	5.0
344	-0.067101	0.000000	0.159965	0.004666	5.0
345	-0.070177	0.000000	0.159965	0.009672	5.0
346	-0.064510	0.000000	0.159965	0.006318	6.1
347	-0.068825	0.000000	0.159965	0.011307	5.6
348	-0.074178	0.000000	0.159965	0.004770	6.2
349	-0.069726	0.000000	0.159965	0.009762	5.7
350	-0.069390	0.000000	0.159965	0.003444	5.7
351	-0.069085	0.000000	0.159965	0.006677	6.0
352	-0.072037	0.000000	0.159965	0.007551	6.2
353	-0.066339	0.000000	0.159965	0.009830	5.8
354	-0.067791	0.000000	0.159965	0.007933	6.3
355	-0.069049	0.000000	0.159965	0.010733	6.3
356	-0.066451	0.000000	0.159965	0.006989	6.0
357	-0.070952	0.000000	0.159965	0.007148	5.7
358	-0.067678	0.000000	0.159965	0.007473	6.2
359	-0.069621	0.000000	0.159965	0.006364	6.3
360	-0.072208	0.000000	0.159965	0.006950	5.6
361	-0.068213	0.000000	0.159965	0.010101	5.5
362	-0.071319	0.000000	0.159965	0.006805	5.4
363	-0.068661	0.000000	0.159965	0.007885	5.7
364	-0.072269	0.000000	0.159965	0.005355	6.0
365	-0.070042	0.000000	0.159965	0.010491	6.4
366	-0.067674	0.000000	0.159965	0.007485	6.2
367	-0.069153	0.000000	0.159965	0.006452	6.0
368	-0.066378	0.000000	0.159965	0.007580	6.8
369	-0.069205	0.000000	0.159965	0.006018	6.4
370	-0.065073	0.000000	0.159965	0.004861	6.5
371	-0.069767	0.000000	0.159965	0.007869	6.3
372	-0.071175	0.000000	0.159965	0.005949	6.1
373	-0.070088	0.000000	0.159965	0.006649	5.6
374	-0.068745	0.000000	0.159965	0.003799	5.5
375	-0.069769	0.000000	0.159965	0.009226	5.8
376	-0.069280	0.000000	0.159965	0.004380	5.4
377	-0.073057	0.000000	0.159965	0.007768	5.2
378	-0.073888	0.000000	0.159965	0.007469	5.2
379	-0.069327	0.000000	0.159965	0.004510	5.2
380	-0.072613	0.000000	0.159965	0.009362	6.3
381	-0.060263	0.000000	0.159965	0.005921	6.0
382	-0.071927	0.000000	0.159965	0.006687	5.6
383	-0.069366	0.000000	0.159965	0.007625	6.5
384	-0.064709	0.000000	0.159965	0.009101	6.4
385	-0.064837	0.000000	0.159965	0.007371	6.3
386	-0.067514	0.000000	0.159965	0.004841	6.1
387	-0.069538	0.000000	0.159965	0.006746	6.5
388	-0.067870	0.000000	0.159965	0.005926	6.6
389	-0.064031	0.000000	0.159965	0.007522	6.1
390	-0.068661	0.000000	0.159965	0.005224	6.8
391	-0.064527	0.000000	0.159965	0.007573	6.7
392	-0.068026	0.000000	0.159965	0.006627	6.2
393	-0.065612	0.000000	0.159965	0.011636	6.3
394	-0.069431	0.000000	0.159965	0.009269	5.9
395	-0.067001	0.000000	0.159965	0.008790	6.2
396	-0.063446	0.000000	0.159965	0.006288	6.4
397	-0.066578	0.000000	0.159965	0.009089	5.7
398	-0.072822	0.000000	0.159965	0.005800	5.9
399	-0.067819	0.000000	0.159965	0.005691	5.4
400	-0.071381	0.000000	0.159965	0.008011	5.4
401	-0.069859	0.000000	0.159965	0.008512	6.1
402	-0.070534	0.000000	0.159965	0.006265	6.2
403	-0.071110	0.000000	0.159965	0.006763	5.6
404	-0.063935	0.000000	0.159965	0.007913	5.8
405	-0.069239	0.000000	0.159965	0.006479	5.8
406	-0.066496	0.000000	0.159965	0.006643	6.5
407	-0.071670	0.000000	0.159965	0.005021	6.4
408	-0.070313	0.000000	0.159965	0.011527	6.3
409	-0.072874	0.000000	0.159965	0.004716	6.1
410	-0.068290	0.000000	0.159965	0.004518	6.9
411	-0.065122	0.000000	0.159965	0.007037	7.3
412	-0.070335	0.000000	0.159965	0.010324	6.7
413	-0.071369	0.000000	0.159965	0.003809	7.0
414	-0.070295	0.000000	0.159965	0.008101	7.0
415	-0.071474	0.000000	0.159965	0.010359	7.8
416	-0.071859	0.000000	0.159965	0.005318	7.0
417	-0.064956	0.000000	0.159965	0.006684	6.7
418	-0.070272	0.000000	0.159965	0.008933	7.1
419	-0.067688	0.000000	0.159965	0.008457	6.7
420	-0.069098	0.000000	0.159965	0.006578	6.8
421	-0.067452	0.000000	0.159965	0.005601	7.1
422	-0.066831	0.000000	0.159965	0.007071	6.8
423	-0.063404	0.000000	0.159965	0.010115	7.1
424	-0.068005	0.000000	0.159965	0.011063	7.5
425	-0.070904	0.000000	0.159965	0.007563	7.2
426	-0.066279	0.000000	0.159965	0.008440	7.2
427	-0.067779	0.000000	0.159965	0.005277	6.8
428	-0.063175	0.000000	0.159965	0.004739	6.6
429	-0.072389	0.000000	0.159965	0.006289	6.5
430	-0.070429	0.000000	0.159965	0.008200	7.5
431	-0.071400	0.000000	0.159965	0.004515	6.4
432	-0.071521	0.000000	0.159965	0.006117	7.1
433	-0.071216	0.000000	0.159965	0.006133	6.9
434	-0.073548	0.000000	0.159965	0.006087	6.9
435	-0.071975	0.000000	0.159965	0.002049	7.0
436	-0.069120	1.000000	0.155547	0.007656	7.3
437	-0.071144	0.200000	0.159054	0.005786	6.9
438	-0.069385	0.000000	0.159965	0.007800	6.7
439	-0.069844	0.000000	0.159965	0.007896	6.7
440	-0.060338	0.000000	0.159965	0.006749	6.4
441	-0.072697	0.000000	0.159965	0.008801	5.9
442	-0.070780	0.000000	0.159965	0.005896	5.9
443	-0.064631	0.000000	0.159965	0.005439	5.4
444	-0.068645	0.000000	0.159965	0.006234	5.4
445	-0.069722	0.000000	0.159965	0.007550	6.7
446	-0.075701	0.000000	0.159965	0.003516	5.0
447	-0.074022	0.000000	0.159965	0.009197	5.6
448	-0.073319	0.000000	0.159965	0.009070	6.1
449	-0.070261	0.000000	0.159965	0.007406	5.8
450	-0.066892	0.000000	0.159965	0.009133	6.2
451	-0.072311	0.000000	0.159965	0.010364	5.9
452	-0.066973	0.000000	0.159965	0.005710	5.6
453	-0.067154	0.000000	0.159965	0.009901	5.5
454	-0.068205	0.000000	0.159965	0.006498	5.7
455	-0.070329	0.000000	0.159965	0.009960	5.1
456	-0.069491	0.000000	0.159965	0.007142	5.1
457	-0.072757	0.000000	0.159965	0.008240	5.7
458	-0.069721	0.000000	0.159965	0.008370	5.9
459	-0.065707	0.000000	0.159965	0.010233	5.8
460	-0.067553	0.000000	0.159965	0.008768	5.8
461	-0.070665	0.000000	0.159965	0.009052	6.1
462	-0.065483	0.000000	0.159965	0.006316	6.3
463	-0.065324	0.000000	0.159965	0.006806	6.0
464	-0.072093	0.000000	0.159965	0.009292	6.3
465	-0.073460	0.000000	0.159965	0.008679	6.0
466	-0.067681	0.000000	0.159965	0.009523	6.3
467	-0.065691	0.000000	0.159965	0.008809	6.3
468	-0.066083	0.000000	0.159965	0.007830	6.1
469	-0.066903	0.000000	0.159965	0.007827	5.8
470	-0.065975	0.000000	0.159965	0.008493	6.2
471	-0.065586	0.000000	0.159965	0.006639	6.0
472	-0.069081	0.000000	0.159965	0.006952	5.8
473	-0.065607	0.000000	0.159965	0.006866	6.4
474	-0.073381	0.000000	0.159965	0.008318	6.6
475	-0.069892	0.000000	0.159965	0.006600	5.8
476	-0.070722	0.000000	0.159965	0.006809	5.9
477	-0.070357	0.000000	0.159965	0.005949	6.6
478	-0.066310	0.000000	0.159965	0.006542	6.7
479	-0.072527	0.000000	0.159965	0.005560	6.1
480	-0.066061	0.000000	0.159965	0.007122	6.5
481	-0.068165	0.000000	0.159965	0.005978	6.5
482	-0.069795	0.000000	0.159965	0.006367	6.6
483	-0.068962	0.000000	0.159965	0.007674	5.8
484	-0.071381	0.000000	0.159965	0.006561	6.8
485	-0.070321	0.000000	0.159965	0.004304	5.8
486	-0.067019	0.000000	0.159965	0.008492	6.2
487	-0.072972	0.000000	0.159965	0.005187	6.5
488	-0.072636	0.000000	0.159965	0.006081	6.9
489	-0.071755	0.000000	0.159965	0.005276	6.6
490	-0.070435	1.000000	0.155547	0.008097	6.6
491	-0.067837	0.200000	0.159054	0.008615	6.1
492	-0.064158	0.000000	0.159965	0.007020	6.1
493	-0.067944	0.000000	0.159965	0.006030	5.9
494	-0.067621	0.000000	0.159965	0.006437	6.7
495	-0.074970	0.000000	0.159965	0.009689	6.8
496	-0.065048	0.000000	0.159965	0.007483	6.6
497	-0.068461	0.000000	0.159965	0.008901	6.6
498	-0.065121	0.000000	0.159965	0.004038	6.2
499	-0.071314	0.000000	0.159965	0.006086	6.2
500	-0.071126	0.000000	0.159965	0.006613	6.6
501	-0.070882	0.000000	0.159965	0.006708	6.7
502	-0.073881	0.000000	0.159965	0.008881	6.6
503	-0.071491	0.000000	0.159965	0.006921	7.0
504	-0.065180	0.000000	0.159965	0.006153	6.9
505	-0.064857	0.000000	0.159965	0.005283	6.7
506	-0.071461	0.000000	0.159965	0.007309	6.8
507	-0.069222	0.000000	0.159965	0.007296	6.8
508	-0.066833	0.000000	0.159965	0.007164	7.3
509	-0.071775	0.000000	0.159965	0.006217	6.8
510	-0.067641	0.000000	0.159965	0.007488	7.0
511	-0.071801	0.000000	0.159965	0.006899	7.0
512	-0.067511	0.000000	0.159965	0.006491	6.7
513	-0.069450	0.000000	0.159965	0.010038	6.9
514	-0.070333	0.000000	0.159965	0.008216	7.1
515	-0.070829	0.000000	0.159965	0.005991	6.7
516	-0.067460	0.000000	0.159965	0.005370	7.0
517	-0.066517	0.000000	0.159965	0.006053	6.9
518	-0.065876	0.000000	0.159965	0.006877	6.9
519	-0.067652	0.000000	0.159965	0.005686	6.3
520	-0.069296	0.000000	0.159965	0.006571	6.6
521	-0.068178	0.000000	0.159965	0.007343	7.3
522	-0.071006	0.000000	0.159965	0.008172	6.8
523	-0.069868	0.000000	0.159965	0.005892	6.5
524	-0.073088	0.000000	0.159965	0.004690	6.4
525	-0.070856	0.000000	0.159965	0.012047	6.0
526	-0.071230	0.000000	0.159965	0.005908	5.9
527	-0.066428	0.000000	0.159965	0.004857	5.8
528	-0.070930	0.000000	0.159965	0.006003	6.1
529	-0.069526	0.000000	0.159965	0.006007	6.3
530	-0.068251	0.000000	0.159965	0.007147	5.5
531	-0.070793	0.000000	0.159965	0.005966	5.5
532	-0.066973	0.000000	0.159965	0.005219	5.3
533	-0.071064	1.000000	0.155547	0.008640	5.9
534	-0.069385	0.200000	0.159054	0.004105	6.7
535	-0.073607	0.000000	0.159965	0.008132	6.2
536	-0.070643	0.000000	0.159965	0.007456	6.2
537	-0.065980	0.000000	0.159965	0.008712	6.0
538	-0.070578	0.000000	0.159965	0.007512	5.8
539	-0.072420	0.000000	0.159965	0.006362	5.6
540	-0.070387	0.000000	0.159965	0.010095	5.7
541	-0.069241	0.000000	0.159965	0.007686	5.7
542	-0.068513	0.000000	0.159965	0.004032	5.4
543	-0.069461	0.000000	0.159965	0.007380	6.2
544	-0.073009	0.000000	0.159965	0.007663	5.4
545	-0.071790	0.000000	0.159965	0.006130	5.4
546	-0.063313	0.000000	0.159965	0.007441	5.6
547	-0.067864	0.000000	0.159965	0.005072	6.2
548	-0.071052	0.000000	0.159965	0.007798	6.2
549	-0.068199	0.000000	0.159965	0.005895	5.6
550	-0.070694	0.000000	0.159965	0.009094	5.5
551	-0.067566	0.000000	0.159965	0.008961	6.2
552	-0.065953	0.000000	0.159965	0.006153	6.2
553	-0.067415	0.000000	0.159965	0.007283	6.0
554	-0.066805	0.000000	0.159965	0.006840	6.3
555	-0.071647	0.000000	0.159965	0.011047	6.6
556	-0.070021	0.000000	0.159965	0.005836	6.6
557	-0.065544	0.000000	0.159965	0.006218	6.0
558	-0.071930	0.000000	0.159965	0.003898	6.3
559	-0.069873	0.000000	0.159965	0.008062	6.2
560	-0.065093	0.000000	0.159965	0.006044	6.4
561	-0.070972	0.000000	0.159965	0.008595	5.9
562	-0.070407	0.000000	0.159965	0.009104	6.1
563	-0.066691	0.000000	0.159965	0.007522	6.2
564	-0.075879	0.000000	0.159965	0.009481	5.8
565	-0.069230	0.000000	0.159965	0.004785	5.7
566	-0.066256	1.000000	0.155547	0.008888	5.6
567	-0.070810	0.200000	0.159054	0.009145	5.7
568	-0.071247	0.000000	0.159965	0.006327	5.5
569	-0.062327	0.000000	0.159965	0.007028	5.3
570	-0.066334	0.000000	0.159965	0.008541	5.3
571	-0.068140	0.000000	0.159965	0.004848	6.4
572	-0.065226	0.000000	0.159965	0.009278	6.5
573	-0.069610	0.000000	0.159965	0.004019	6.5
574	-0.068582	0.000000	0.159965	0.008287	6.1
575	-0.068406	0.000000	0.159965	0.006477	6.8
576	-0.071654	0.000000	0.159965	0.006246	6.4
577	-0.066912	0.000000	0.159965	0.007071	6.4
578	-0.069540	0.000000	0.159965	0.009014	6.4
579	-0.064614	0.000000	0.159965	0.006651	6.6
580	-0.073463	0.000000	0.159965	0.005737	6.5
581	-0.071957	0.000000	0.159965	0.005106	6.1
582	-0.071857	0.000000	0.159965	0.004680	6.6
583	-0.074542	0.000000	0.159965	0.008445	6.4
584	-0.068651	0.000000	0.159965	0.006082	6.7
585	-0.065487	0.000000	0.159965	0.006030	6.6
586	-0.074520	0.000000	0.159965	0.007674	6.4
587	-0.068424	0.000000	0.159965	0.005217	6.4
588	-0.072396	0.000000	0.159965	0.007218	6.2
589	-0.071802	0.000000	0.159965	0.007644	5.9
590	-0.069043	0.000000	0.159965	0.008493	5.7
591	-0.066514	0.000000	0.159965	0.007097	5.5
592	-0.071269	0.000000	0.159965	0.008147	5.1
593	-0.070450	0.000000	0.159965	0.007447	5.1
594	-0.074724	0.000000	0.159965	0.011442	5.2
595	-0.077588	0.000000	0.159965	0.008620	6.1
596	-0.069120	0.000000	0.159965	0.008598	6.1
597	-0.070890	0.000000	0.159965	0.006773	5.6
598	-0.070583	0.000000	0.159965	0.008498	5.4
599	-0.068193	0.000000	0.159965	0.006015	5.3
600	-0.067417	0.000000	0.159965	0.008458	6.0
601	-0.072331	0.000000	0.159965	0.002843	5.5
602	-0.071480	0.000000	0.159965	0.007024	5.3
603	-0.070136	0.000000	0.159965	0.009045	5.0
604	-0.067801	0.000000	0.159965	0.010075	4.9
605	-0.068480	0.000000	0.159965	0.005689	4.8
606	-0.070754	0.000000	0.159965	0.010084	4.8
607	-0.069858	0.000000	0.159965	0.008869	4.8
608	-0.073533	0.000000	0.159965	0.007631	4.8
609	-0.068887	0.000000	0.159965	0.004542	4.9
610	-0.069878	0.000000	0.159965	0.005651	4.6
611	-0.069559	0.000000	0.159965	0.008860	4.5
612	-0.071222	0.000000	0.159965	0.006687	5.4
613	-0.067898	0.000000	0.159965	0.007363	4.6
614	-0.066193	0.000000	0.159965	0.005497	4.8
615	-0.067736	0.000000	0.159965	0.006273	5.7
616	-0.069226	0.000000	0.159965	0.004673	4.5
617	-0.069985	0.000000	0.159965	0.006084	4.8
618	-0.071811	0.000000	0.159965	0.007701	6.1
619	-0.073998	0.000000	0.159965	0.007955	5.8
620	-0.070111	0.000000	0.159965	0.005773	5.2
621	-0.067671	0.000000	0.159965	0.007092	5.2
622	-0.069738	0.000000	0.159965	0.006911	4.7
623	-0.070160	0.000000	0.159965	0.004953	4.7
624	-0.064965	0.000000	0.159965	0.006958	4.5
625	-0.074652	0.000000	0.159965	0.010535	4.6
626	-0.070301	0.000000	0.159965	0.005452	4.5
627	-0.070028	0.000000	0.159965	0.005510	4.6
628	-0.066485	0.000000	0.159965	0.005558	5.6
629	-0.072080	0.000000	0.159965	0.004805	5.7
630	-0.070939	0.000000	0.159965	0.007901	4.8
631	-0.069535	0.000000	0.159965	0.007377	4.9
632	-0.071374	0.000000	0.159965	0.008715	4.9
633	-0.066334	0.000000	0.159965	0.008451	4.8
634	-0.067288	0.000000	0.159965	0.006080	5.2
635	-0.070859	0.000000	0.159965	0.009299	5.9
636	-0.067788	0.000000	0.159965	0.008202	6.0
637	-0.073478	0.000000	0.159965	0.006476	5.2
638	-0.071128	0.000000	0.159965	0.005700	5.5
639	-0.074676	0.000000	0.159965	0.010291	5.2
640	-0.070286	0.000000	0.159965	0.006449	4.9
641	-0.066574	0.000000	0.159965	0.008662	5.5
642	-0.066476	0.000000	0.159965	0.006492	5.1
643	-0.070445	0.000000	0.159965	0.008145	5.0
644	-0.070006	0.000000	0.159965	0.005641	5.1
645	-0.069882	0.000000	0.159965	0.008019	5.5
646	-0.067218	0.000000	0.159965	0.008926	5.8
647	-0.072410	0.000000	0.159965	0.005968	5.2
648	-0.072461	0.000000	0.159965	0.007133	5.1
649	-0.070259	0.000000	0.159965	0.008798	5.3
650	-0.069174	0.000000	0.159965	0.007231	5.2
651	-0.068408	0.000000	0.159965	0.008949	4.8
652	-0.068020	0.000000	0.159965	0.005889	5.0
653	-0.070308	0.000000	0.159965	0.010226	6.0
654	-0.071913	0.000000	0.159965	0.009863	6.1
655	-0.063916	0.000000	0.159965	0.007930	5.9
656	-0.072961	0.000000	0.159965	0.007611	6.0
657	-0.076201	0.000000	0.159965	0.007804	5.9
658	-0.069519	0.000000	0.159965	0.005472	5.4
659	-0.066053	0.000000	0.159965	0.009431	6.1
660	-0.069386	0.000000	0.159965	0.009104	5.4
661	-0.070967	0.000000	0.159965	0.006516	5.4
662	-0.072103	0.000000	0.159965	0.009830	5.4
663	-0.072184	0.000000	0.159965	0.010524	4.8
664	-0.070186	0.000000	0.159965	0.008205	4.8
665	-0.062544	0.000000	0.159965	0.006346	4.6
666	-0.069703	0.000000	0.159965	0.007127	5.7
667	-0.066800	0.000000	0.159965	0.008698	6.4
668	-0.066690	0.000000	0.159965	0.002717	6.0
669	-0.068646	0.000000	0.159965	0.011353	6.1
670	-0.065387	0.000000	0.159965	0.005762	6.3
671	-0.072595	0.000000	0.159965	0.005792	6.2
672	-0.068239	0.000000	0.159965	0.004760	6.3
673	-0.067971	0.000000	0.159965	0.007247	6.1
674	-0.068333	0.000000	0.159965	0.005781	6.2
675	-0.069846	0.000000	0.159965	0.009862	5.5
676	-0.071831	0.000000	0.159965	0.004082	5.7
677	-0.072674	0.000000	0.159965	0.010967	6.2
678	-0.065742	0.000000	0.159965	0.006172	6.2
679	-0.063466	0.000000	0.159965	0.005304	5.7
680	-0.067610	0.000000	0.159965	0.009444	6.2
681	-0.064002	0.000000	0.159965	0.003366	6.1
682	-0.071004	0.000000	0.159965	0.004525	6.1
683	-0.071196	0.000000	0.159965	0.006421	6.3
684	-0.068578	0.000000	0.159965	0.009038	6.4
685	-0.067823	0.000000	0.159965	0.003348	6.2
686	-0.073638	0.000000	0.159965	0.008802	6.1
687	-0.069313	0.000000	0.159965	0.007404	6.4
688	-0.069786	0.000000	0.159965	0.007709	6.3
689	-0.071075	0.000000	0.159965	0.006311	6.4
690	-0.072242	0.000000	0.159965	0.006540	6.1
691	-0.072227	0.000000	0.159965	0.007707	5.9
692	-0.070634	0.000000	0.159965	0.008590	5.8
693	-0.065414	0.000000	0.159965	0.007239	6.4
694	-0.070974	0.000000	0.159965	0.008496	6.2
695	-0.068263	0.000000	0.159965	0.008342	6.3
696	-0.073123	0.000000	0.159965	0.009094	6.1
697	-0.068481	0.000000	0.159965	0.002934	6.3
698	-0.072595	0.000000	0.159965	0.006288	6.1
699	-0.071155	0.000000	0.159965	0.006278	5.9
700	-0.065658	0.000000	0.159965	0.008234	5.8
701	-0.074860	0.000000	0.159965	0.006337	5.6
702	-0.073712	0.000000	0.159965	0.008214	5.4
703	-0.067581	0.000000	0.159965	0.007957	6.2
704	-0.065223	0.000000	0.159965	0.009219	6.2
705	-0.067351	0.000000	0.159965	0.006359	5.7
706	-0.069938	0.000000	0.159965	0.006063	5.8
707	-0.065957	0.000000	0.159965	0.005803	5.5
708	-0.068773	0.000000	0.159965	0.004985	5.2
709	-0.070794	0.000000	0.159965	0.006331	5.1
710	-0.076448	0.000000	0.159965	0.004151	5.2
711	-0.074438	0.000000	0.159965	0.006538	6.1
712	-0.072973	0.000000	0.159965	0.006456	5.0
713	-0.069984	0.000000	0.159965	0.006506	6.2
714	-0.069516	0.000000	0.159965	0.006631	5.3
715	-0.068350	0.000000	0.159965	0.006861	5.6
716	-0.070831	0.000000	0.159965	0.009301	5.5
717	-0.068392	0.000000	0.159965	0.003744	5.1
718	-0.071731	0.000000	0.159965	0.009119	5.1
719	-0.070927	1.000000	0.155547	0.004812	5.9
720	-0.070246	0.200000	0.159054	0.007921	5.3
721	-0.069426	0.000000	0.159965	0.009018	5.1
722	-0.067085	0.000000	0.159965	0.007401	4.7
723	-0.068494	0.000000	0.159965	0.008333	4.8
724	-0.069320	0.000000	0.159965	0.003690	5.7
725	-0.072498	0.000000	0.159965	0.007640	4.5
726	-0.074140	0.000000	0.159965	0.006296	5.0
727	-0.065325	0.000000	0.159965	0.003907	5.2
728	-0.073943	0.000000	0.159965	0.008350	5.2
729	-0.069885	0.000000	0.159965	0.007565	5.2
730	-0.065745	0.000000	0.159965	0.010586	6.2
731	-0.062375	0.000000	0.159965	0.007659	5.6
732	-0.068770	0.000000	0.159965	0.008147	5.0
733	-0.073932	0.000000	0.159965	0.005548	4.9
734	-0.069535	0.000000	0.159965	0.010414	4.8
735	-0.072783	0.000000	0.159965	0.009170	4.9
736	-0.069267	0.000000	0.159965	0.006535	5.9
737	-0.070332	0.000000	0.159965	0.008341	5.3
738	-0.070497	0.000000	0.159965	0.005934	5.4
739	-0.070424	0.000000	0.159965	0.007184	5.3
740	-0.075799	0.000000	0.159965	0.007161	5.4
741	-0.073715	0.000000	0.159965	0.008899	5.2
742	-0.066795	0.000000	0.159965	0.006811	5.0
743	-0.073012	0.000000	0.159965	0.006891	4.7
744	-0.063257	0.000000	0.159965	0.006906	4.7
745	-0.071291	0.000000	0.159965	0.008333	4.6
746	-0.068749	0.000000	0.159965	0.006748	4.6
747	-0.078461	0.000000	0.159965	0.008445	4.2
748	-0.067726	0.000000	0.159965	0.009207	4.2
749	-0.068809	0.000000	0.159965	0.007289	4.5
750	-0.071169	0.000000	0.159965	0.006703	5.6
751	-0.068241	0.000000	0.159965	0.005987	5.2
752	-0.071900	0.000000	0.159965	0.008345	4.6
753	-0.069812	0.000000	0.159965	0.005820	6.0
754	-0.066039	0.000000	0.159965	0.006517	5.3
755	-0.073166	0.000000	0.159965	0.005425	5.4
756	-0.072096	0.000000	0.159965	0.008222	6.1
757	-0.072220	0.000000	0.159965	0.007995	5.6
758	-0.067561	0.000000	0.159965	0.007328	5.6
759	-0.072425	0.000000	0.159965	0.007899	6.1
760	-0.071393	0.000000	0.159965	0.007046	6.0
761	-0.068387	0.000000	0.159965	0.005024	5.8
762	-0.070049	0.000000	0.159965	0.009621	5.6
763	-0.068587	0.000000	0.159965	0.006242	5.5
764	-0.068266	0.000000	0.159965	0.009591	6.2
765	-0.068514	0.000000	0.159965	0.005449	6.3
766	-0.071009	0.000000	0.159965	0.010158	6.1
767	-0.068263	0.000000	0.159965	0.006518	6.3
768	-0.069969	0.000000	0.159965	0.007781	6.3
769	-0.062167	0.000000	0.159965	0.009395	6.1
770	-0.069853	0.000000	0.159965	0.005623	6.2
771	-0.070805	0.000000	0.159965	0.009227	6.4
772	-0.073200	0.000000	0.159965	0.003673	6.2
773	-0.068129	0.000000	0.159965	0.007865	6.1
774	-0.066623	0.000000	0.159965	0.007420	6.0
775	-0.069303	0.000000	0.159965	0.003564	6.4
776	-0.072403	0.000000	0.159965	0.010571	6.1
777	-0.068458	0.000000	0.159965	0.005773	6.4
778	-0.066014	0.000000	0.159965	0.004889	6.4
779	-0.070211	0.000000	0.159965	0.009595	6.3
780	-0.065938	0.000000	0.159965	0.006792	6.5
781	-0.073094	0.000000	0.159965	0.010228	6.3
782	-0.071650	0.000000	0.159965	0.011230	6.2
783	-0.071499	0.000000	0.159965	0.006242	6.0
784	-0.072792	0.000000	0.159965	0.008386	5.5
785	-0.068888	0.000000	0.159965	0.006440	6.4
786	-0.074174	0.000000	0.159965	0.009035	5.6
787	-0.070473	0.000000	0.159965	0.005054	5.8
788	-0.071935	0.000000	0.159965	0.007014	5.4
789	-0.072172	0.000000	0.159965	0.004192	5.2
790	-0.070521	0.000000	0.159965	0.008105	6.2
791	-0.071849	0.000000	0.159965	0.007194	6.4
792	-0.070488	0.000000	0.159965	0.008798	5.5
793	-0.066437	0.000000	0.159965	0.006127	6.2
794	-0.072624	0.000000	0.159965	0.010224	5.9
795	-0.068586	0.000000	0.159965	0.004834	6.0
796	-0.066329	0.000000	0.159965	0.005881	6.3
797	-0.067538	0.000000	0.159965	0.006281	6.1
798	-0.070911	0.000000	0.159965	0.005476	5.8
799	-0.070714	0.000000	0.159965	0.007774	5.9
800	-0.065601	0.000000	0.159965	0.010589	6.2
801	-0.069515	0.000000	0.159965	0.007466	6.2
802	-0.076448	0.000000	0.159965	0.007417	5.7
803	-0.073919	0.000000	0.159965	0.005818	6.3
804	-0.070709	0.000000	0.159965	0.006558	6.3
805	-0.072219	0.000000	0.159965	0.004558	6.0
806	-0.072792	0.000000	0.159965	0.008531	6.1
807	-0.068430	0.000000	0.159965	0.007629	6.5
808	-0.072058	0.000000	0.159965	0.006969	6.2
809	-0.070832	0.000000	0.159965	0.009739	5.8
810	-0.068682	0.000000	0.159965	0.004689	6.3
811	-0.071786	0.000000	0.159965	0.007129	6.0
812	-0.069799	0.000000	0.159965	0.010243	5.8
813	-0.074392	0.000000	0.159965	0.007702	6.1
814	-0.068216	0.000000	0.159965	0.006516	6.2
815	-0.067888	0.000000	0.159965	0.006580	6.1
816	-0.068392	0.000000	0.159965	0.004587	5.9
817	-0.066773	0.000000	0.159965	0.002201	6.4
818	-0.068791	0.000000	0.159965	0.005647	6.5
819	-0.070752	0.000000	0.159965	0.008923	6.3
820	-0.070322	0.000000	0.159965	0.009614	6.6
821	-0.071339	0.000000	0.159965	0.004425	6.4
822	-0.070637	0.000000	0.159965	0.004666	6.3
823	-0.067676	0.000000	0.159965	0.009017	6.7
824	-0.066191	0.000000	0.159965	0.010929	6.3
825	-0.061427	0.000000	0.159965	0.007391	6.4
826	-0.069912	0.000000	0.159965	0.006204	6.5
827	-0.071094	0.000000	0.159965	0.006485	6.5
828	-0.075456	0.000000	0.159965	0.007061	6.3
829	-0.071718	0.000000	0.159965	0.009143	6.6
830	-0.070579	0.000000	0.159965	0.008524	6.1
831	-0.065992	0.000000	0.159965	0.006483	6.3
832	-0.068782	0.000000	0.159965	0.008351	6.2
833	-0.073697	0.000000	0.159965	0.009080	6.3
834	-0.071806	0.000000	0.159965	0.009756	6.4
835	-0.068580	0.000000	0.159965	0.009511	5.8
836	-0.079176	0.000000	0.159965	0.007387	5.9
837	-0.069412	0.000000	0.159965	0.009944	6.0
838	-0.070803	0.000000	0.159965	0.006210	6.5
839	-0.065882	0.000000	0.159965	0.008450	6.3
840	-0.071453	0.000000	0.159965	0.006782	6.3
841	-0.067797	0.000000	0.159965	0.005393	6.1
842	-0.070859	0.000000	0.159965	0.007501	6.0
843	-0.072969	0.000000	0.159965	0.003808	6.1
844	-0.069382	0.000000	0.159965	0.006132	6.6
845	-0.070981	0.000000	0.159965	0.005245	6.6
846	-0.071929	0.000000	0.159965	0.008345	6.3
847	-0.069288	0.000000	0.159965	0.008984	5.9
848	-0.069163	0.000000	0.159965	0.007046	5.9
849	-0.067215	0.000000	0.159965	0.004013	6.5
850	-0.073784	0.000000	0.159965	0.007507	6.7
851	-0.071099	0.000000	0.159965	0.007693	6.7
852	-0.070592	0.000000	0.159965	0.009948	6.6
853	-0.067406	0.000000	0.159965	0.008249	7.1
854	-0.071744	0.000000	0.159965	0.008844	6.8
855	-0.069432	0.000000	0.159965	0.005798	6.4
856	-0.069768	0.000000	0.159965	0.009088	7.1
857	-0.074454	0.000000	0.159965	0.004751	6.9
858	-0.070761	0.000000	0.159965	0.008505	5.7
859	-0.070752	0.000000	0.159965	0.008553	6.0
860	-0.072313	0.000000	0.159965	0.007854	5.8
861	-0.067961	0.000000	0.159965	0.006634	6.2
862	-0.071937	0.000000	0.159965	0.011622	6.0
863	-0.068896	0.000000	0.159965	0.007365	5.4
864	-0.071758	0.000000	0.159965	0.004316	5.4
865	-0.073854	0.000000	0.159965	0.007617	5.6
866	-0.068217	0.000000	0.159965	0.007140	6.9
867	-0.063793	0.000000	0.159965	0.006522	6.5
868	-0.068576	0.000000	0.159965	0.007410	5.9
869	-0.068715	0.000000	0.159965	0.009762	5.8
870	-0.068543	0.000000	0.159965	0.008021	5.7
871	-0.067847	0.000000	0.159965	0.010052	7.0
872	-0.068096	0.000000	0.159965	0.006271	6.5
873	-0.071428	0.000000	0.159965	0.003599	6.8
874	-0.068645	0.000000	0.159965	0.007489	6.5
875	-0.075140	0.000000	0.159965	0.003472	7.0
876	-0.069559	0.000000	0.159965	0.007841	6.7
877	-0.074206	0.000000	0.159965	0.005409	6.5
878	-0.066161	0.000000	0.159965	0.009180	6.9
879	-0.070603	0.000000	0.159965	0.006152	6.8
880	-0.071425	0.000000	0.159965	0.006355	6.6
881	-0.073892	0.000000	0.159965	0.007515	6.6
882	-0.072831	0.000000	0.159965	0.006827	6.5
883	-0.072619	0.000000	0.159965	0.008662	6.0
884	-0.067309	0.000000	0.159965	0.006509	6.4
885	-0.072025	0.000000	0.159965	0.008696	6.3
886	-0.073302	0.000000	0.159965	0.005487	6.4
887	-0.072195	0.000000	0.159965	0.007615	6.4
888	-0.068654	0.000000	0.159965	0.004483	6.6
889	-0.073485	0.000000	0.159965	0.011569	6.6
890	-0.070344	0.000000	0.159965	0.005215	7.0
891	-0.072619	0.000000	0.159965	0.006249	6.5
892	-0.070754	0.000000	0.159965	0.006887	5.9
893	-0.070620	0.000000	0.159965	0.005846	7.2
894	-0.066631	0.000000	0.159965	0.004747	6.8
895	-0.070428	0.000000	0.159965	0.006268	6.3
896	-0.074765	0.000000	0.159965	0.006228	7.6
897	-0.068341	0.000000	0.159965	0.007029	6.8
898	-0.071805	0.000000	0.159965	0.004813	6.8
899	-0.072381	0.000000	0.159965	0.006413	6.1
900	-0.072342	0.000000	0.159965	0.010683	5.9
901	-0.073529	0.000000	0.159965	0.008325	5.7
902	-0.067692	0.000000	0.159965	0.009196	6.5
903	-0.066541	0.000000	0.159965	0.010493	5.7
904	-0.074767	0.000000	0.159965	0.012272	5.7
905	-0.075964	0.000000	0.159965	0.007349	5.9
906	-0.070176	0.000000	0.159965	0.011578	5.9
907	-0.070016	0.000000	0.159965	0.009398	5.4
908	-0.071459	0.000000	0.159965	0.006283	5.6
909	-0.071437	0.000000	0.159965	0.009932	6.2
910	-0.073052	0.000000	0.159965	0.006027	6.4
911	-0.067260	0.000000	0.159965	0.008080	6.4
912	-0.069253	0.000000	0.159965	0.009373	5.8
913	-0.070737	0.000000	0.159965	0.011311	6.1
914	-0.068303	0.000000	0.159965	0.007375	6.4
915	-0.068214	0.000000	0.159965	0.005503	6.4
916	-0.071699	0.000000	0.159965	0.007567	6.4
917	-0.067384	0.000000	0.159965	0.006966	5.9
918	-0.075293	0.000000	0.159965	0.008888	5.9
919	-0.070937	0.000000	0.159965	0.008272	5.6
920	-0.074618	0.000000	0.159965	0.009050	5.6
921	-0.073244	0.000000	0.159965	0.007504	5.7
922	-0.066710	0.000000	0.159965	0.006284	6.3
923	-0.073249	0.000000	0.159965	0.007601	6.5
924	-0.071460	0.000000	0.159965	0.009451	6.7
925	-0.073449	0.000000	0.159965	0.008987	6.4
926	-0.070497	0.000000	0.159965	0.007206	6.4
927	-0.072246	0.000000	0.159965	0.007604	6.5
928	-0.067447	0.000000	0.159965	0.007546	6.0
929	-0.071442	0.000000	0.159965	0.008857	6.4
930	-0.065869	0.000000	0.159965	0.007358	6.6
931	-0.069430	0.000000	0.159965	0.008364	6.3
932	-0.071787	0.000000	0.159965	0.008275	6.7
933	-0.065720	0.000000	0.159965	0.004854	6.6
934	-0.075502	0.000000	0.159965	0.007664	6.1
935	-0.071711	0.000000	0.159965	0.007108	6.8
936	-0.068513	0.000000	0.159965	0.002647	7.2
937	-0.072426	0.000000	0.159965	0.007258	6.4
938	-0.071138	0.000000	0.159965	0.002887	6.8
939	-0.072107	0.000000	0.159965	0.004322	6.6
940	-0.067807	0.000000	0.159965	0.009866	6.3
941	-0.072617	0.000000	0.159965	0.007133	6.9
942	-0.073741	0.000000	0.159965	0.008489	6.6
943	-0.068658	0.000000	0.159965	0.004856	7.1
944	-0.069180	0.000000	0.159965	0.005932	6.6
945	-0.071856	0.000000	0.159965	0.003328	6.1
946	-0.068891	0.000000	0.159965	0.004738	6.7
947	-0.066190	0.000000	0.159965	0.004180	6.6
948	-0.068902	0.000000	0.159965	0.008787	7.0
949	-0.071005	0.000000	0.159965	0.003768	6.4
950	-0.074161	0.000000	0.159965	0.009839	6.4
951	-0.073002	0.000000	0.159965	0.008131	6.5
952	-0.070324	0.000000	0.159965	0.008954	6.8
953	-0.070077	0.000000	0.159965	0.006630	6.5
954	-0.072521	0.000000	0.159965	0.006142	6.1
955	-0.075848	0.000000	0.159965	0.006774	6.1
956	-0.072715	0.000000	0.159965	0.004077	5.5
957	-0.071403	0.000000	0.159965	0.006148	5.7
958	-0.074617	0.000000	0.159965	0.009881	5.4
959	-0.069996	0.000000	0.159965	0.007656	5.4
960	-0.072051	0.000000	0.159965	0.009051	6.4
961	-0.072479	0.000000	0.159965	0.009500	6.4
962	-0.068978	0.000000	0.159965	0.007912	5.6
963	-0.067696	0.000000	0.159965	0.007661	5.9
964	-0.070070	0.000000	0.159965	0.006996	6.4
965	-0.070556	0.000000	0.159965	0.007710	5.8
966	-0.074374	0.000000	0.159965	0.008223	6.0
967	-0.069086	0.000000	0.159965	0.009173	6.1
968	-0.069372	0.000000	0.159965	0.005233	6.5
969	-0.069210	0.000000	0.159965	0.006329	6.4
970	-0.072338	0.000000	0.159965	0.001809	6.6
971	-0.069917	1.000000	0.155547	0.005260	6.6
972	-0.070869	0.200000	0.159054	0.003330	6.2
973	-0.072757	1.199997	0.154702	0.005240	6.9
974	-0.073021	0.399997	0.158158	0.007350	6.6
975	-0.073465	0.000000	0.159965	0.006081	6.6
976	-0.069827	0.000000	0.159965	0.005542	6.2
977	-0.069688	0.000000	0.159965	0.008612	6.5
978	-0.074398	0.000000	0.159965	0.010602	6.3
979	-0.069493	0.000000	0.159965	0.005960	6.1
980	-0.071384	0.000000	0.159965	0.006181	6.1
981	-0.069545	0.000000	0.159965	0.005732	6.0
982	-0.068478	0.000000	0.159965	0.006168	5.9
983	-0.073036	0.000000	0.159965	0.005099	6.6
984	-0.069343	0.000000	0.159965	0.007866	5.9
985	-0.066997	0.000000	0.159965	0.008798	6.8
986	-0.070514	0.000000	0.159965	0.008095	6.7
987	-0.070529	0.000000	0.159965	0.008100	6.5
988	-0.074224	0.000000	0.159965	0.008723	6.8
989	-0.073261	0.000000	0.159965	0.004871	6.1
990	-0.069614	0.000000	0.159965	0.005921	6.0
991	-0.067391	0.000000	0.159965	0.006442	5.9
992	-0.069811	1.000000	0.155547	0.005862	6.2
993	-0.070981	0.200000	0.159054	0.004925	6.3
994	-0.066018	0.000000	0.159965	0.008123	6.1
995	-0.073147	0.000000	0.159965	0.004393	5.7
996	-0.069742	0.000000	0.159965	0.006325	5.6
997	-0.071618	0.000000	0.159965	0.006459	5.3
998	-0.068733	1.000000	0.155547	0.006085	5.2
999	-0.067534	0.200000	0.159054	0.006376	5.4
