1:ItNr	2:Metric	3a:Time	3b:StepSize	4:||Gradient||	Time[ms]
0	-0.077219	0.000000	0.159965	0.009142	3.1
1	-0.081279	0.000000	0.159965	0.007809	1.8
2	-0.081954	0.000000	0.159965	0.008529	1.7
3	-0.086422	0.000000	0.159965	0.010050	1.8
4	-0.081923	0.000000	0.159965	0.008757	1.7
5	-0.081428	0.000000	0.159965	0.008214	1.7
6	-0.077262	0.000000	0.159965	0.007758	1.8
7	-0.078971	0.000000	0.159965	0.009782	1.7
8	-0.080366	0.000000	0.159965	0.006818	1.9
9	-0.080502	0.000000	0.159965	0.007676	1.9
10	-0.080304	0.000000	0.159965	0.007645	1.9
11	-0.082562	0.000000	0.159965	0.010288	1.9
12	-0.082696	0.000000	0.159965	0.007636	2.2
13	-0.083994	0.000000	0.159965	0.010474	2.0
14	-0.084772	0.000000	0.159965	0.009237	2.0
15	-0.080516	0.000000	0.159965	0.007021	1.8
16	-0.082006	0.000000	0.159965	0.008165	1.9
17	-0.085906	0.000000	0.159965	0.008335	2.0
18	-0.079521	0.000000	0.159965	0.008571	1.9
19	-0.080779	0.000000	0.159965	0.008414	1.9
20	-0.085083	0.000000	0.159965	0.008458	1.9
21	-0.085078	0.000000	0.159965	0.008146	2.2
22	-0.075357	0.000000	0.159965	0.007994	2.0
23	-0.082939	0.000000	0.159965	0.007771	2.4
24	-0.087149	0.000000	0.159965	0.008810	2.4
25	-0.082096	0.000000	0.159965	0.009597	2.5
26	-0.081156	0.000000	0.159965	0.008752	2.7
27	-0.083687	0.000000	0.159965	0.009287	2.5
28	-0.085671	0.000000	0.159965	0.007391	2.5
29	-0.084855	0.000000	0.159965	0.007304	2.6
30	-0.085522	0.000000	0.159965	0.008811	3.1
31	-0.083811	0.000000	0.159965	0.006401	2.6
32	-0.079411	0.000000	0.159965	0.009532	2.7
33	-0.084186	0.000000	0.159965	0.006913	3.2
34	-0.087572	0.000000	0.159965	0.007930	2.9
35	-0.081369	0.000000	0.159965	0.009016	2.4
36	-0.076295	0.000000	0.159965	0.008249	2.5
37	-0.084428	0.000000	0.159965	0.010320	2.9
38	-0.087540	0.000000	0.159965	0.010158	2.9
39	-0.081514	0.000000	0.159965	0.008230	2.9
40	-0.084403	0.000000	0.159965	0.009904	2.8
41	-0.087442	0.000000	0.159965	0.008015	2.9
42	-0.084698	0.000000	0.159965	0.010226	3.0
43	-0.080547	0.000000	0.159965	0.007772	3.0
44	-0.089518	0.000000	0.159965	0.008045	2.5
45	-0.090601	0.000000	0.159965	0.010114	3.5
46	-0.087576	0.000000	0.159965	0.008821	3.1
47	-0.087586	0.000000	0.159965	0.008966	2.6
48	-0.089470	0.000000	0.159965	0.007846	2.6
49	-0.084927	0.000000	0.159965	0.010087	2.6
50	-0.084918	0.000000	0.159965	0.009591	2.8
51	-0.081422	0.000000	0.159965	0.008074	3.6
52	-0.084651	0.000000	0.159965	0.009225	3.5
53	-0.086971	0.000000	0.159965	0.008083	3.2
54	-0.084874	0.000000	0.159965	0.010413	2.7
55	-0.085196	0.000000	0.159965	0.007954	3.4
56	-0.086607	0.000000	0.159965	0.009412	2.8
57	-0.088274	0.000000	0.159965	0.010907	2.6
58	-0.083431	0.000000	0.159965	0.008122	2.5
59	-0.082757	0.000000	0.159965	0.008612	2.5
60	-0.083788	0.000000	0.159965	0.011240	2.7
61	-0.079616	0.000000	0.159965	0.008201	2.5
62	-0.084253	0.000000	0.159965	0.010955	2.9
63	-0.083070	0.000000	0.159965	0.009158	2.6
64	-0.088533	0.000000	0.159965	0.008085	2.9
65	-0.082968	0.000000	0.159965	0.009887	2.4
66	-0.080421	0.000000	0.159965	0.009455	2.4
67	-0.082809	0.000000	0.159965	0.008510	2.2
68	-0.087038	0.000000	0.159965	0.007237	2.2
69	-0.080314	0.000000	0.159965	0.007374	2.5
70	-0.091283	0.000000	0.159965	0.007735	2.2
71	-0.086411	0.000000	0.159965	0.008546	2.2
72	-0.084762	0.000000	0.159965	0.007157	2.2
73	-0.082627	0.000000	0.159965	0.008751	2.8
74	-0.085754	0.000000	0.159965	0.007488	2.8
75	-0.083256	0.000000	0.159965	0.008530	3.3
76	-0.085425	0.000000	0.159965	0.007740	2.4
77	-0.084686	0.000000	0.159965	0.008484	2.4
78	-0.076418	0.000000	0.159965	0.010547	2.3
79	-0.082970	0.000000	0.159965	0.008473	2.5
80	-0.090025	0.000000	0.159965	0.008557	2.7
81	-0.089133	0.000000	0.159965	0.007631	3.0
82	-0.084050	0.000000	0.159965	0.009186	2.5
83	-0.084272	0.000000	0.159965	0.009619	2.5
84	-0.087036	0.000000	0.159965	0.009787	2.4
85	-0.083734	0.000000	0.159965	0.008056	2.4
86	-0.079356	0.000000	0.159965	0.008303	2.6
87	-0.085529	0.000000	0.159965	0.008252	2.7
88	-0.084667	0.000000	0.159965	0.009790	2.9
89	-0.081641	0.000000	0.159965	0.005959	3.2
90	-0.082314	0.000000	0.159965	0.008726	2.6
91	-0.084317	0.000000	0.159965	0.010236	2.5
92	-0.085417	0.000000	0.159965	0.008810	2.5
93	-0.080276	0.000000	0.159965	0.007626	2.8
94	-0.085463	0.000000	0.159965	0.007449	2.4
95	-0.086040	0.000000	0.159965	0.008504	2.5
96	-0.081296	0.000000	0.159965	0.008340	2.5
97	-0.085139	0.000000	0.159965	0.008283	2.4
98	-0.090855	0.000000	0.159965	0.010620	2.5
99	-0.086056	0.000000	0.159965	0.007327	2.4
100	-0.087670	0.000000	0.159965	0.009351	2.8
101	-0.086634	0.000000	0.159965	0.008899	3.0
102	-0.084036	0.000000	0.159965	0.011779	3.1
103	-0.081956	0.000000	0.159965	0.009290	2.9
104	-0.081408	0.000000	0.159965	0.011370	3.1
105	-0.079824	0.000000	0.159965	0.007654	3.2
106	-0.086478	0.000000	0.159965	0.007172	3.2
107	-0.089633	0.000000	0.159965	0.009587	3.0
108	-0.090396	0.000000	0.159965	0.007869	2.9
109	-0.081843	0.000000	0.159965	0.008396	3.1
110	-0.082735	0.000000	0.159965	0.006633	3.5
111	-0.084267	0.000000	0.159965	0.007870	3.5
112	-0.081453	0.000000	0.159965	0.008611	3.4
113	-0.085803	0.000000	0.159965	0.008356	3.4
114	-0.081474	0.000000	0.159965	0.009025	3.2
115	-0.091191	0.000000	0.159965	0.009735	3.4
116	-0.084160	0.000000	0.159965	0.009670	3.6
117	-0.082604	0.000000	0.159965	0.009118	2.7
118	-0.088980	0.000000	0.159965	0.009474	2.5
119	-0.085215	0.000000	0.159965	0.010195	2.7
120	-0.088468	0.000000	0.159965	0.007958	3.2
121	-0.080769	0.000000	0.159965	0.007344	2.5
122	-0.084644	0.000000	0.159965	0.005691	2.8
123	-0.087646	0.000000	0.159965	0.009208	3.4
124	-0.085635	0.000000	0.159965	0.008988	3.1
125	-0.085157	0.000000	0.159965	0.009683	3.2
126	-0.085038	0.000000	0.159965	0.009758	3.5
127	-0.084742	0.000000	0.159965	0.009356	3.5
128	-0.082324	0.000000	0.159965	0.009958	2.9
129	-0.088728	0.000000	0.159965	0.008367	3.1
130	-0.081193	0.000000	0.159965	0.007232	3.6
131	-0.087054	0.000000	0.159965	0.008678	3.4
132	-0.083035	0.000000	0.159965	0.007605	3.4
133	-0.087517	0.000000	0.159965	0.008348	3.2
134	-0.081849	0.000000	0.159965	0.010617	3.1
135	-0.083276	0.000000	0.159965	0.008014	3.6
136	-0.088935	0.000000	0.159965	0.009227	3.6
137	-0.086138	0.000000	0.159965	0.009701	3.6
138	-0.076660	0.000000	0.159965	0.007319	3.6
139	-0.083224	0.000000	0.159965	0.009068	3.6
140	-0.086967	0.000000	0.159965	0.006693	3.7
141	-0.081058	0.000000	0.159965	0.007069	3.5
142	-0.083233	0.000000	0.159965	0.010020	3.7
143	-0.079491	0.000000	0.159965	0.010487	3.7
144	-0.078511	0.000000	0.159965	0.009312	3.1
145	-0.083916	0.000000	0.159965	0.009362	2.7
146	-0.080037	0.000000	0.159965	0.009406	2.9
147	-0.081022	0.000000	0.159965	0.009609	3.7
148	-0.082974	0.000000	0.159965	0.007976	3.6
149	-0.086592	0.000000	0.159965	0.009220	3.3
150	-0.084392	0.000000	0.159965	0.007690	3.5
151	-0.077246	0.000000	0.159965	0.008015	3.7
152	-0.086176	0.000000	0.159965	0.007707	3.6
153	-0.082898	0.000000	0.159965	0.008829	3.7
154	-0.085839	0.000000	0.159965	0.010646	3.5
155	-0.080291	0.000000	0.159965	0.007709	3.6
156	-0.086103	0.000000	0.159965	0.008821	3.2
157	-0.087475	0.000000	0.159965	0.008961	3.6
158	-0.088474	0.000000	0.159965	0.008697	3.6
159	-0.084521	0.000000	0.159965	0.010871	3.7
160	-0.085233	0.000000	0.159965	0.011176	3.8
161	-0.088955	0.000000	0.159965	0.008044	3.7
162	-0.086998	0.000000	0.159965	0.009140	3.6
163	-0.081127	0.000000	0.159965	0.006626	2.9
164	-0.089863	0.000000	0.159965	0.009358	3.3
165	-0.082292	0.000000	0.159965	0.010938	3.3
166	-0.093313	0.000000	0.159965	0.009914	3.1
167	-0.082335	0.000000	0.159965	0.009855	3.8
168	-0.084830	0.000000	0.159965	0.008163	3.9
169	-0.084447	0.000000	0.159965	0.008636	3.6
170	-0.087287	0.000000	0.159965	0.008973	3.5
171	-0.083249	0.000000	0.159965	0.007920	3.6
172	-0.083507	0.000000	0.159965	0.007219	3.4
173	-0.088675	0.000000	0.159965	0.010450	3.0
174	-0.086221	0.000000	0.159965	0.010096	3.2
175	-0.093008	0.000000	0.159965	0.008829	3.6
176	-0.085189	0.000000	0.159965	0.009041	3.9
177	-0.082179	0.000000	0.159965	0.009987	3.7
178	-0.087477	0.000000	0.159965	0.009302	3.3
179	-0.084008	0.000000	0.159965	0.007661	3.7
180	-0.088412	0.000000	0.159965	0.010742	3.5
181	-0.081790	0.000000	0.159965	0.008841	3.0
182	-0.085915	0.000000	0.159965	0.008855	3.0
183	-0.087596	0.000000	0.159965	0.010284	3.5
184	-0.081454	0.000000	0.159965	0.007834	3.5
185	-0.084106	0.000000	0.159965	0.007841	3.5
186	-0.086321	0.000000	0.159965	0.008304	3.6
187	-0.079418	0.000000	0.159965	0.008152	3.7
188	-0.083347	0.000000	0.159965	0.007206	3.8
189	-0.085353	0.000000	0.159965	0.009089	3.7
190	-0.082310	0.000000	0.159965	0.006935	3.6
191	-0.087708	0.000000	0.159965	0.010518	3.7
192	-0.081244	0.000000	0.159965	0.008715	3.6
193	-0.084652	0.000000	0.159965	0.009873	3.7
194	-0.088479	0.000000	0.159965	0.010734	3.7
195	-0.079291	0.000000	0.159965	0.007330	3.8
196	-0.087045	0.000000	0.159965	0.008877	3.6
197	-0.087863	0.000000	0.159965	0.008451	3.6
198	-0.080082	0.000000	0.159965	0.009810	3.8
199	-0.084001	0.000000	0.159965	0.008299	3.6
200	-0.086908	0.000000	0.159965	0.008241	3.7
201	-0.087080	0.000000	0.159965	0.008574	3.1
202	-0.080137	0.000000	0.159965	0.009657	3.8
203	-0.091657	0.000000	0.159965	0.007938	3.5
204	-0.084811	0.000000	0.159965	0.009640	3.2
205	-0.084545	0.000000	0.159965	0.008004	3.2
206	-0.082937	0.000000	0.159965	0.010440	3.2
207	-0.086435	0.000000	0.159965	0.008671	3.0
208	-0.084711	0.000000	0.159965	0.008639	2.8
209	-0.086222	0.000000	0.159965	0.008851	2.7
210	-0.089284	0.000000	0.159965	0.008310	2.8
211	-0.085486	0.000000	0.159965	0.009830	3.0
212	-0.083383	0.000000	0.159965	0.007843	3.6
213	-0.090283	0.000000	0.159965	0.010323	3.7
214	-0.079292	0.000000	0.159965	0.008888	2.7
215	-0.088757	0.000000	0.159965	0.007827	3.5
216	-0.088133	0.000000	0.159965	0.008713	3.3
217	-0.086593	0.000000	0.159965	0.008178	3.3
218	-0.082715	0.000000	0.159965	0.006739	3.2
219	-0.086689	0.000000	0.159965	0.006843	3.0
220	-0.086719	0.000000	0.159965	0.009269	2.8
221	-0.084890	0.000000	0.159965	0.006835	3.0
222	-0.084622	0.000000	0.159965	0.009191	3.0
223	-0.083569	0.000000	0.159965	0.007853	3.3
224	-0.086891	0.000000	0.159965	0.007906	3.2
225	-0.077445	0.000000	0.159965	0.008813	3.2
226	-0.086563	0.000000	0.159965	0.009361	3.3
227	-0.087064	0.000000	0.159965	0.009485	3.0
228	-0.089510	0.000000	0.159965	0.009768	3.1
229	-0.091556	0.000000	0.159965	0.009438	3.0
230	-0.082374	0.000000	0.159965	0.008269	3.2
231	-0.085333	0.000000	0.159965	0.007597	3.7
232	-0.086596	0.000000	0.159965	0.007481	3.9
233	-0.084199	0.000000	0.159965	0.009917	3.3
234	-0.087225	0.000000	0.159965	0.010350	3.8
235	-0.086777	0.000000	0.159965	0.010825	3.9
236	-0.085088	0.000000	0.159965	0.009365	3.3
237	-0.083739	0.000000	0.159965	0.008755	3.2
238	-0.092010	0.000000	0.159965	0.008545	3.4
239	-0.081126	0.000000	0.159965	0.009684	3.9
240	-0.089772	0.000000	0.159965	0.009531	3.8
241	-0.085023	0.000000	0.159965	0.009166	3.5
242	-0.085366	0.000000	0.159965	0.007924	3.4
243	-0.087066	0.000000	0.159965	0.008221	3.9
244	-0.087641	0.000000	0.159965	0.008681	3.8
245	-0.085870	0.000000	0.159965	0.008794	3.4
246	-0.085048	0.000000	0.159965	0.010475	3.3
247	-0.089915	0.000000	0.159965	0.010102	3.4
248	-0.085180	0.000000	0.159965	0.010766	3.4
249	-0.085975	0.000000	0.159965	0.009127	3.4
250	-0.080482	0.000000	0.159965	0.008350	3.4
251	-0.087901	0.000000	0.159965	0.008600	3.5
252	-0.081820	0.000000	0.159965	0.009660	3.3
253	-0.085332	0.000000	0.159965	0.009151	3.2
254	-0.083741	0.000000	0.159965	0.006981	3.5
255	-0.082537	0.000000	0.159965	0.007773	3.8
256	-0.087561	0.000000	0.159965	0.007649	3.5
257	-0.081815	0.000000	0.159965	0.008887	3.7
258	-0.082131	0.000000	0.159965	0.008294	3.6
259	-0.086977	0.000000	0.159965	0.008006	3.6
260	-0.089094	0.000000	0.159965	0.008986	3.5
261	-0.087847	0.000000	0.159965	0.010184	3.5
262	-0.083087	0.000000	0.159965	0.009110	3.6
263	-0.090720	0.000000	0.159965	0.007096	3.6
264	-0.081252	0.000000	0.159965	0.009114	3.5
265	-0.086331	0.000000	0.159965	0.009713	3.5
266	-0.084017	0.000000	0.159965	0.010286	3.2
267	-0.083109	0.000000	0.159965	0.008442	3.4
268	-0.091155	0.000000	0.159965	0.009077	3.3
269	-0.080870	0.000000	0.159965	0.010390	3.3
270	-0.090454	0.000000	0.159965	0.009147	2.9
271	-0.082198	0.000000	0.159965	0.010286	3.2
272	-0.086232	0.000000	0.159965	0.007334	3.8
273	-0.079256	0.000000	0.159965	0.009953	3.6
274	-0.083946	0.000000	0.159965	0.008808	3.4
275	-0.085341	0.000000	0.159965	0.009315	3.1
276	-0.087506	0.000000	0.159965	0.008414	3.2
277	-0.084447	0.000000	0.159965	0.009791	3.1
278	-0.084794	0.000000	0.159965	0.009072	3.1
279	-0.079081	0.000000	0.159965	0.008756	2.8
280	-0.092569	0.000000	0.159965	0.008434	2.8
281	-0.089146	0.000000	0.159965	0.008585	3.4
282	-0.083676	0.000000	0.159965	0.008877	2.8
283	-0.082799	0.000000	0.159965	0.006538	2.7
284	-0.087004	0.000000	0.159965	0.008755	2.7
285	-0.087059	0.000000	0.159965	0.009398	2.6
286	-0.082218	0.000000	0.159965	0.006735	3.3
287	-0.081386	0.000000	0.159965	0.009680	3.0
288	-0.086047	0.000000	0.159965	0.009987	2.5
289	-0.087132	0.000000	0.159965	0.011602	2.7
290	-0.077430	0.000000	0.159965	0.010318	3.1
291	-0.088307	0.000000	0.159965	0.008509	3.3
292	-0.083862	0.000000	0.159965	0.007844	3.3
293	-0.085241	0.000000	0.159965	0.009381	2.9
294	-0.085822	0.000000	0.159965	0.008802	2.7
295	-0.087553	0.000000	0.159965	0.008872	2.8
296	-0.080280	0.000000	0.159965	0.007883	3.0
297	-0.089292	0.000000	0.159965	0.008703	3.2
298	-0.084634	0.000000	0.159965	0.007616	3.4
299	-0.087922	0.000000	0.159965	0.008905	2.9
300	-0.088862	0.000000	0.159965	0.010141	2.8
301	-0.079903	0.000000	0.159965	0.009469	2.6
302	-0.080238	0.000000	0.159965	0.008454	2.8
303	-0.086620	0.000000	0.159965	0.010458	2.6
304	-0.083841	0.000000	0.159965	0.010040	2.4
305	-0.088345	0.000000	0.159965	0.009021	2.5
306	-0.081234	0.000000	0.159965	0.007785	2.4
307	-0.085685	0.000000	0.159965	0.009202	3.3
308	-0.084860	0.000000	0.159965	0.008247	2.9
309	-0.085610	0.000000	0.159965	0.008303	3.2
310	-0.087895	0.000000	0.159965	0.008196	2.3
311	-0.082986	0.000000	0.159965	0.009809	2.8
312	-0.083513	0.000000	0.159965	0.010799	2.8
313	-0.084727	0.000000	0.159965	0.008536	2.6
314	-0.087541	0.000000	0.159965	0.009083	2.9
315	-0.085237	0.000000	0.159965	0.009388	3.0
316	-0.079718	0.000000	0.159965	0.009627	2.7
317	-0.089181	0.000000	0.159965	0.010462	2.7
318	-0.092630	0.000000	0.159965	0.007919	2.3
319	-0.090942	0.000000	0.159965	0.010051	2.1
320	-0.086054	0.000000	0.159965	0.010687	2.3
321	-0.086275	0.000000	0.159965	0.009808	2.3
322	-0.086531	0.000000	0.159965	0.008158	2.4
323	-0.089011	0.000000	0.159965	0.009409	2.2
324	-0.082827	0.000000	0.159965	0.007789	2.3
325	-0.090316	0.000000	0.159965	0.011430	2.2
326	-0.089987	0.000000	0.159965	0.008601	2.4
327	-0.083971	0.000000	0.159965	0.007104	2.2
328	-0.083195	0.000000	0.159965	0.006571	2.3
329	-0.090671	0.000000	0.159965	0.009605	2.1
330	-0.087525	0.000000	0.159965	0.010924	2.3
331	-0.086532	0.000000	0.159965	0.008135	2.9
332	-0.086594	0.000000	0.159965	0.009540	2.8
333	-0.084390	0.000000	0.159965	0.009902	2.4
334	-0.086297	0.000000	0.159965	0.011431	2.5
335	-0.086593	0.000000	0.159965	0.009811	2.3
336	-0.082596	0.000000	0.159965	0.010662	2.4
337	-0.086688	0.000000	0.159965	0.008419	2.4
338	-0.085046	0.000000	0.159965	0.008973	2.6
339	-0.085348	0.000000	0.159965	0.011035	2.6
340	-0.088504	0.000000	0.159965	0.007255	3.1
341	-0.087152	0.000000	0.159965	0.008974	3.1
342	-0.083192	0.000000	0.159965	0.006862	2.7
343	-0.083624	0.000000	0.159965	0.008527	2.4
344	-0.088143	0.000000	0.159965	0.009389	2.8
345	-0.087485	0.000000	0.159965	0.007514	3.2
346	-0.082284	0.000000	0.159965	0.007981	2.7
347	-0.088413	0.000000	0.159965	0.008394	2.9
348	-0.082547	0.000000	0.159965	0.007452	2.8
349	-0.090132	0.000000	0.159965	0.009338	3.4
350	-0.085761	0.000000	0.159965	0.009448	3.2
351	-0.086169	0.000000	0.159965	0.008683	3.3
352	-0.083220	0.000000	0.159965	0.009509	3.2
353	-0.088691	0.000000	0.159965	0.007884	3.0
354	-0.091348	0.000000	0.159965	0.011786	2.9
355	-0.088897	0.000000	0.159965	0.010996	2.7
356	-0.092554	0.000000	0.159965	0.006195	2.8
357	-0.087597	0.000000	0.159965	0.009109	2.9
358	-0.086999	0.000000	0.159965	0.007988	3.6
359	-0.085196	0.000000	0.159965	0.006819	2.6
360	-0.086415	0.000000	0.159965	0.007837	2.7
361	-0.088581	0.000000	0.159965	0.008694	2.7
362	-0.083638	0.000000	0.159965	0.008159	2.6
363	-0.086828	0.000000	0.159965	0.009260	2.8
364	-0.087484	0.000000	0.159965	0.008634	3.5
365	-0.087848	0.000000	0.159965	0.008326	2.7
366	-0.092617	0.000000	0.159965	0.009357	2.6
367	-0.080738	0.000000	0.159965	0.007950	2.8
368	-0.083589	0.000000	0.159965	0.008227	3.2
369	-0.084404	0.000000	0.159965	0.008549	3.1
370	-0.085267	0.000000	0.159965	0.009325	3.3
371	-0.091405	0.000000	0.159965	0.011492	2.9
372	-0.086119	0.000000	0.159965	0.006781	3.0
373	-0.090043	0.000000	0.159965	0.008711	2.6
374	-0.089215	0.000000	0.159965	0.009580	2.8
375	-0.083219	0.000000	0.159965	0.007290	2.9
376	-0.084306	0.000000	0.159965	0.011556	3.2
377	-0.086615	0.000000	0.159965	0.008921	3.0
378	-0.086214	0.000000	0.159965	0.007934	3.7
379	-0.083509	0.000000	0.159965	0.008076	3.6
380	-0.087085	0.000000	0.159965	0.008557	3.9
381	-0.087521	0.000000	0.159965	0.008783	3.7
382	-0.084431	0.000000	0.159965	0.009949	3.5
383	-0.090162	0.000000	0.159965	0.010139	2.6
384	-0.087759	0.000000	0.159965	0.008564	2.9
385	-0.083848	0.000000	0.159965	0.007930	2.7
386	-0.089166	0.000000	0.159965	0.008688	2.6
387	-0.089122	0.000000	0.159965	0.008841	2.2
388	-0.085757	0.000000	0.159965	0.012070	2.2
389	-0.086921	0.000000	0.159965	0.008120	2.7
390	-0.088968	0.000000	0.159965	0.008694	3.4
391	-0.086362	0.000000	0.159965	0.007440	2.8
392	-0.086878	0.000000	0.159965	0.009824	3.3
393	-0.090701	0.000000	0.159965	0.009362	3.2
394	-0.086487	0.000000	0.159965	0.008648	3.3
395	-0.085699	0.000000	0.159965	0.011413	3.4
396	-0.085953	0.000000	0.159965	0.010437	3.6
397	-0.087828	0.000000	0.159965	0.010460	3.2
398	-0.087401	0.000000	0.159965	0.008012	3.4
399	-0.092196	0.000000	0.159965	0.009213	3.2
400	-0.086154	0.000000	0.159965	0.009622	3.4
401	-0.087961	0.000000	0.159965	0.010536	3.7
402	-0.085829	0.000000	0.159965	0.008388	2.6
403	-0.089101	0.000000	0.159965	0.008707	2.8
404	-0.087701	0.000000	0.159965	0.009419	2.6
405	-0.088885	0.000000	0.159965	0.008591	2.9
406	-0.084653	0.000000	0.159965	0.008646	3.3
407	-0.092180	0.000000	0.159965	0.010776	3.7
408	-0.085921	0.000000	0.159965	0.009121	3.7
409	-0.090637	0.000000	0.159965	0.008718	3.6
410	-0.093820	0.000000	0.159965	0.008766	3.7
411	-0.087410	0.000000	0.159965	0.008112	3.4
412	-0.085214	0.000000	0.159965	0.009151	3.3
413	-0.087676	0.000000	0.159965	0.011120	3.1
414	-0.094489	0.000000	0.159965	0.010006	3.0
415	-0.091609	0.000000	0.159965	0.010166	2.9
416	-0.084955	0.000000	0.159965	0.009447	3.0
417	-0.089688	0.000000	0.159965	0.007070	3.0
418	-0.085927	0.000000	0.159965	0.008230	3.2
419	-0.084447	0.000000	0.159965	0.007950	2.8
420	-0.094330	0.000000	0.159965	0.008774	2.9
421	-0.091393	0.000000	0.159965	0.008570	3.0
422	-0.086780	0.000000	0.159965	0.009569	3.1
423	-0.085316	0.000000	0.159965	0.008983	3.0
424	-0.089352	0.000000	0.159965	0.011327	2.6
425	-0.089196	0.000000	0.159965	0.009057	2.5
426	-0.090181	0.000000	0.159965	0.010069	2.7
427	-0.087709	0.000000	0.159965	0.008580	2.7
428	-0.088932	0.000000	0.159965	0.007765	2.4
429	-0.082144	0.000000	0.159965	0.009138	2.7
430	-0.090581	0.000000	0.159965	0.009266	3.3
431	-0.087474	0.000000	0.159965	0.011458	2.7
432	-0.088304	0.000000	0.159965	0.007104	3.2
433	-0.080325	0.000000	0.159965	0.006587	3.3
434	-0.094650	0.000000	0.159965	0.009864	3.3
435	-0.084110	0.000000	0.159965	0.009518	3.3
436	-0.086316	0.000000	0.159965	0.009081	3.4
437	-0.089573	0.000000	0.159965	0.007145	3.3
438	-0.091987	0.000000	0.159965	0.008489	3.2
439	-0.086735	0.000000	0.159965	0.008480	3.6
440	-0.086820	0.000000	0.159965	0.008569	3.3
441	-0.084415	0.000000	0.159965	0.009744	2.9
442	-0.089979	0.000000	0.159965	0.009488	3.3
443	-0.083988	0.000000	0.159965	0.008694	4.4
444	-0.091951	0.000000	0.159965	0.009927	4.2
445	-0.090451	0.000000	0.159965	0.008773	3.8
446	-0.083236	0.000000	0.159965	0.009129	3.2
447	-0.089307	0.000000	0.159965	0.010647	3.8
448	-0.088058	0.000000	0.159965	0.009020	3.9
449	-0.080347	0.000000	0.159965	0.008310	3.5
450	-0.093265	0.000000	0.159965	0.009524	3.6
451	-0.087457	0.000000	0.159965	0.007406	3.1
452	-0.091497	0.000000	0.159965	0.008277	3.8
453	-0.082602	0.000000	0.159965	0.008389	3.4
454	-0.084469	0.000000	0.159965	0.010028	3.6
455	-0.088842	0.000000	0.159965	0.008868	3.9
456	-0.092141	0.000000	0.159965	0.010785	3.2
457	-0.091699	0.000000	0.159965	0.008867	2.7
458	-0.087902	0.000000	0.159965	0.008592	2.6
459	-0.087193	0.000000	0.159965	0.008572	2.7
460	-0.091304	0.000000	0.159965	0.009496	3.0
461	-0.089154	0.000000	0.159965	0.007781	3.6
462	-0.086415	0.000000	0.159965	0.008734	2.5
463	-0.083705	0.000000	0.159965	0.010078	2.7
464	-0.089281	0.000000	0.159965	0.008092	2.8
465	-0.087555	0.000000	0.159965	0.007950	3.7
466	-0.086663	0.000000	0.159965	0.007089	3.2
467	-0.084017	0.000000	0.159965	0.007864	3.1
468	-0.089000	0.000000	0.159965	0.010636	2.7
469	-0.088069	0.000000	0.159965	0.009563	2.5
470	-0.084090	0.000000	0.159965	0.008967	2.6
471	-0.089179	0.000000	0.159965	0.009272	3.8
472	-0.091518	0.000000	0.159965	0.010298	3.2
473	-0.089209	0.000000	0.159965	0.008803	3.1
474	-0.085258	0.000000	0.159965	0.010446	3.1
475	-0.086513	0.000000	0.159965	0.009634	3.2
476	-0.087203	0.000000	0.159965	0.008174	3.5
477	-0.084742	0.000000	0.159965	0.008371	3.4
478	-0.088779	0.000000	0.159965	0.010306	3.3
479	-0.089279	0.000000	0.159965	0.009573	3.2
480	-0.090120	0.000000	0.159965	0.008834	2.8
481	-0.079122	0.000000	0.159965	0.008274	2.8
482	-0.089240	0.000000	0.159965	0.010907	3.2
483	-0.090266	0.000000	0.159965	0.008632	3.3
484	-0.080405	0.000000	0.159965	0.008523	3.3
485	-0.084796	0.000000	0.159965	0.007748	3.6
486	-0.083970	0.000000	0.159965	0.007449	3.6
487	-0.085138	0.000000	0.159965	0.009778	3.2
488	-0.087318	0.000000	0.159965	0.011361	3.0
489	-0.085773	0.000000	0.159965	0.008794	2.9
490	-0.089374	0.000000	0.159965	0.011678	2.9
491	-0.089727	0.000000	0.159965	0.010378	3.4
492	-0.087392	0.000000	0.159965	0.010695	3.0
493	-0.082201	0.000000	0.159965	0.009489	2.7
494	-0.089141	0.000000	0.159965	0.007446	2.6
495	-0.088989	0.000000	0.159965	0.007634	2.9
496	-0.091174	0.000000	0.159965	0.009210	2.6
497	-0.090780	0.000000	0.159965	0.007463	2.5
498	-0.081541	0.000000	0.159965	0.007632	2.5
499	-0.091002	0.000000	0.159965	0.010138	2.5
500	-0.087635	0.000000	0.159965	0.009917	2.5
501	-0.090613	0.000000	0.159965	0.007690	2.8
502	-0.086602	0.000000	0.159965	0.008599	2.3
503	-0.083714	0.000000	0.159965	0.007566	2.3
504	-0.089396	0.000000	0.159965	0.008010	2.6
505	-0.083375	0.000000	0.159965	0.008851	2.4
506	-0.084860	0.000000	0.159965	0.008731	2.5
507	-0.090466	0.000000	0.159965	0.009409	2.4
508	-0.088837	0.000000	0.159965	0.006689	2.4
509	-0.082008	0.000000	0.159965	0.008551	2.9
510	-0.088539	0.000000	0.159965	0.008090	2.4
511	-0.087397	0.000000	0.159965	0.006625	2.4
512	-0.089443	0.000000	0.159965	0.010069	2.5
513	-0.088688	0.000000	0.159965	0.008770	2.6
514	-0.089335	0.000000	0.159965	0.007969	2.6
515	-0.089960	0.000000	0.159965	0.010603	2.7
516	-0.084795	0.000000	0.159965	0.007191	2.7
517	-0.089484	0.000000	0.159965	0.010257	3.3
518	-0.083247	0.000000	0.159965	0.008646	3.5
519	-0.090161	0.000000	0.159965	0.009789	3.0
520	-0.088162	0.000000	0.159965	0.009447	3.5
521	-0.090936	0.000000	0.159965	0.007543	3.5
522	-0.086773	0.000000	0.159965	0.007179	3.6
523	-0.091946	0.000000	0.159965	0.010809	3.7
524	-0.087892	0.000000	0.159965	0.009376	3.2
525	-0.092853	0.000000	0.159965	0.010087	3.2
526	-0.086989	0.000000	0.159965	0.008651	3.2
527	-0.090137	0.000000	0.159965	0.007628	2.8
528	-0.088507	0.000000	0.159965	0.010242	3.0
529	-0.083173	0.000000	0.159965	0.010001	3.7
530	-0.090808	0.000000	0.159965	0.012427	3.6
531	-0.095489	0.000000	0.159965	0.008350	3.5
532	-0.085644	0.000000	0.159965	0.008890	3.0
533	-0.086607	0.000000	0.159965	0.008546	3.6
534	-0.084232	0.000000	0.159965	0.009121	3.3
535	-0.089403	0.000000	0.159965	0.009057	3.0
536	-0.086489	0.000000	0.159965	0.009720	3.4
537	-0.086922	0.000000	0.159965	0.008881	3.7
538	-0.087637	0.000000	0.159965	0.009142	3.7
539	-0.090326	0.000000	0.159965	0.008161	3.4
540	-0.084655	0.000000	0.159965	0.007365	3.1
541	-0.090456	0.000000	0.159965	0.008764	3.2
542	-0.089121	0.000000	0.159965	0.009991	3.0
543	-0.086749	0.000000	0.159965	0.010105	3.0
544	-0.089146	0.000000	0.159965	0.010110	3.2
545	-0.087194	0.000000	0.159965	0.008097	3.5
546	-0.094342	0.000000	0.159965	0.009256	3.4
547	-0.080686	0.000000	0.159965	0.009989	3.2
548	-0.089457	0.000000	0.159965	0.009415	3.4
549	-0.089837	0.000000	0.159965	0.007926	3.6
550	-0.090028	0.000000	0.159965	0.008368	3.4
551	-0.085223	0.000000	0.159965	0.010645	3.4
552	-0.085354	0.000000	0.159965	0.008454	3.2
553	-0.086419	0.000000	0.159965	0.009237	3.0
554	-0.088118	0.000000	0.159965	0.010383	3.4
555	-0.086734	0.000000	0.159965	0.007040	3.0
556	-0.088083	0.000000	0.159965	0.010630	2.9
557	-0.093174	0.000000	0.159965	0.008794	3.0
558	-0.088853	0.000000	0.159965	0.010531	3.7
559	-0.087472	0.000000	0.159965	0.007095	3.0
560	-0.090266	0.000000	0.159965	0.011170	2.9
561	-0.090612	0.000000	0.159965	0.009056	2.9
562	-0.096526	0.000000	0.159965	0.008816	3.2
563	-0.090628	0.000000	0.159965	0.008231	3.2
564	-0.085961	0.000000	0.159965	0.009294	3.4
565	-0.085266	0.000000	0.159965	0.008060	3.3
566	-0.090884	0.000000	0.159965	0.009166	3.3
567	-0.083601	0.000000	0.159965	0.008330	2.9
568	-0.087726	0.000000	0.159965	0.010013	3.7
569	-0.090712	0.000000	0.159965	0.008842	3.5
570	-0.092334	0.000000	0.159965	0.008567	2.9
571	-0.090262	0.000000	0.159965	0.009036	3.7
572	-0.091901	0.000000	0.159965	0.009205	3.2
573	-0.088860	0.000000	0.159965	0.008206	3.2
574	-0.087473	0.000000	0.159965	0.010359	3.4
575	-0.085134	0.000000	0.159965	0.008958	3.2
576	-0.089460	0.000000	0.159965	0.010627	3.4
577	-0.092843	0.000000	0.159965	0.008125	3.8
578	-0.090068	0.000000	0.159965	0.008571	3.3
579	-0.085391	0.000000	0.159965	0.007498	3.1
580	-0.085676	0.000000	0.159965	0.008979	3.7
581	-0.087032	0.000000	0.159965	0.009276	3.6
582	-0.089843	0.000000	0.159965	0.007756	3.1
583	-0.088878	0.000000	0.159965	0.009135	4.0
584	-0.083835	0.000000	0.159965	0.007205	3.2
585	-0.088084	0.000000	0.159965	0.007977	2.6
586	-0.093811	0.000000	0.159965	0.009604	2.6
587	-0.087724	0.000000	0.159965	0.009462	2.9
588	-0.093879	0.000000	0.159965	0.010557	2.4
589	-0.093001	0.000000	0.159965	0.009304	2.4
590	-0.085532	0.000000	0.159965	0.010249	2.5
591	-0.090213	0.000000	0.159965	0.008602	2.5
592	-0.085513	0.000000	0.159965	0.008499	2.4
593	-0.092936	0.000000	0.159965	0.007622	2.4
594	-0.086967	0.000000	0.159965	0.010078	2.4
595	-0.089165	0.000000	0.159965	0.008303	2.3
596	-0.088240	0.000000	0.159965	0.009034	2.7
597	-0.085716	0.000000	0.159965	0.009731	3.1
598	-0.084294	0.000000	0.159965	0.008544	2.9
599	-0.088471	0.000000	0.159965	0.008289	2.8
600	-0.082136	0.000000	0.159965	0.007682	3.5
601	-0.088329	0.000000	0.159965	0.007679	3.4
602	-0.087572	0.000000	0.159965	0.009994	3.1
603	-0.087336	0.000000	0.159965	0.006769	2.7
604	-0.088432	0.000000	0.159965	0.006857	2.6
605	-0.086606	0.000000	0.159965	0.009795	3.5
606	-0.091200	0.000000	0.159965	0.010214	3.6
607	-0.088526	0.000000	0.159965	0.010839	2.9
608	-0.088194	0.000000	0.159965	0.009918	3.1
609	-0.097200	0.000000	0.159965	0.008267	3.6
610	-0.085741	0.000000	0.159965	0.008673	3.3
611	-0.092269	0.000000	0.159965	0.008840	2.9
612	-0.089543	0.000000	0.159965	0.008450	2.8
613	-0.089947	0.000000	0.159965	0.008904	2.7
614	-0.085539	0.000000	0.159965	0.008500	2.7
615	-0.086519	0.000000	0.159965	0.008962	2.8
616	-0.093366	0.000000	0.159965	0.009346	2.9
617	-0.088594	0.000000	0.159965	0.008711	3.3
618	-0.088167	0.000000	0.159965	0.008852	3.4
619	-0.088027	0.000000	0.159965	0.009535	3.2
620	-0.089380	0.000000	0.159965	0.008152	3.6
621	-0.085627	0.000000	0.159965	0.008119	3.2
622	-0.094146	0.000000	0.159965	0.008609	2.9
623	-0.090918	0.000000	0.159965	0.008982	3.0
624	-0.091082	0.000000	0.159965	0.007352	3.4
625	-0.092917	0.000000	0.159965	0.010906	3.2
626	-0.093047	0.000000	0.159965	0.007998	3.7
627	-0.091863	0.000000	0.159965	0.009315	3.5
628	-0.091730	0.000000	0.159965	0.009796	3.3
629	-0.092101	0.000000	0.159965	0.007988	3.1
630	-0.090937	0.000000	0.159965	0.008080	3.2
631	-0.090025	0.000000	0.159965	0.007800	3.8
632	-0.091682	0.000000	0.159965	0.008897	3.8
633	-0.090753	0.000000	0.159965	0.009040	3.8
634	-0.090920	0.000000	0.159965	0.009449	3.7
635	-0.087696	0.000000	0.159965	0.007038	3.6
636	-0.087827	0.000000	0.159965	0.009319	3.9
637	-0.091310	0.000000	0.159965	0.008385	3.9
638	-0.092193	0.000000	0.159965	0.008104	3.3
639	-0.090611	0.000000	0.159965	0.009168	3.6
640	-0.083000	0.000000	0.159965	0.007915	3.7
641	-0.088087	0.000000	0.159965	0.009344	3.6
642	-0.088976	0.000000	0.159965	0.011072	3.4
643	-0.099190	0.000000	0.159965	0.009167	3.3
644	-0.090903	0.000000	0.159965	0.009870	3.6
645	-0.090354	0.000000	0.159965	0.010061	3.6
646	-0.085671	0.000000	0.159965	0.007851	3.6
647	-0.088784	0.000000	0.159965	0.009612	3.3
648	-0.093120	0.000000	0.159965	0.009462	3.0
649	-0.087945	0.000000	0.159965	0.010476	3.1
650	-0.086649	0.000000	0.159965	0.009147	3.1
651	-0.087101	0.000000	0.159965	0.008358	3.6
652	-0.089600	0.000000	0.159965	0.009941	2.8
653	-0.084295	0.000000	0.159965	0.008782	3.4
654	-0.088430	0.000000	0.159965	0.008231	3.5
655	-0.086884	0.000000	0.159965	0.010090	3.6
656	-0.090948	0.000000	0.159965	0.010049	3.5
657	-0.088190	0.000000	0.159965	0.008870	3.6
658	-0.089743	0.000000	0.159965	0.010710	3.0
659	-0.095519	0.000000	0.159965	0.008239	2.8
660	-0.087928	0.000000	0.159965	0.007588	2.9
661	-0.090793	0.000000	0.159965	0.009810	3.2
662	-0.097765	0.000000	0.159965	0.009035	3.4
663	-0.094721	0.000000	0.159965	0.011340	3.6
664	-0.088061	0.000000	0.159965	0.006781	3.4
665	-0.090836	0.000000	0.159965	0.009362	3.2
666	-0.091887	0.000000	0.159965	0.010035	3.0
667	-0.088958	0.000000	0.159965	0.007371	3.1
668	-0.091273	0.000000	0.159965	0.010473	3.7
669	-0.090343	0.000000	0.159965	0.007769	3.5
670	-0.095509	0.000000	0.159965	0.009877	3.3
671	-0.090147	0.000000	0.159965	0.008153	3.4
672	-0.081171	0.000000	0.159965	0.006048	3.1
673	-0.092297	0.000000	0.159965	0.009704	3.2
674	-0.090788	0.000000	0.159965	0.007699	3.0
675	-0.089670	0.000000	0.159965	0.007334	3.1
676	-0.086220	0.000000	0.159965	0.008704	2.9
677	-0.092155	0.000000	0.159965	0.011550	3.7
678	-0.088712	0.000000	0.159965	0.008594	3.6
679	-0.086615	0.000000	0.159965	0.006827	3.6
680	-0.086667	0.000000	0.159965	0.008669	3.5
681	-0.085047	0.000000	0.159965	0.008834	3.5
682	-0.089637	0.000000	0.159965	0.009258	3.6
683	-0.093851	0.000000	0.159965	0.011209	3.4
684	-0.088495	0.000000	0.159965	0.010035	2.8
685	-0.089659	0.000000	0.159965	0.007390	2.9
686	-0.090860	0.000000	0.159965	0.007645	3.8
687	-0.093872	0.000000	0.159965	0.010318	3.1
688	-0.090133	0.000000	0.159965	0.010215	3.7
689	-0.088416	0.000000	0.159965	0.010647	3.5
690	-0.093914	0.000000	0.159965	0.008512	3.5
691	-0.094708	0.000000	0.159965	0.008014	3.6
692	-0.088125	0.000000	0.159965	0.009010	3.0
693	-0.089761	0.000000	0.159965	0.008098	3.7
694	-0.086726	0.000000	0.159965	0.007516	3.6
695	-0.089819	0.000000	0.159965	0.008928	3.1
696	-0.086631	0.000000	0.159965	0.009695	3.3
697	-0.091464	0.000000	0.159965	0.011408	3.2
698	-0.087584	0.000000	0.159965	0.009236	3.1
699	-0.089467	0.000000	0.159965	0.009645	3.1
700	-0.091080	0.000000	0.159965	0.008669	2.9
701	-0.091794	0.000000	0.159965	0.008855	2.7
702	-0.091323	0.000000	0.159965	0.010630	2.8
703	-0.086723	0.000000	0.159965	0.008002	2.9
704	-0.087750	0.000000	0.159965	0.008712	3.0
705	-0.092000	0.000000	0.159965	0.008539	3.5
706	-0.091585	0.000000	0.159965	0.009806	3.6
707	-0.090201	0.000000	0.159965	0.008562	3.2
708	-0.088349	0.000000	0.159965	0.007475	3.5
709	-0.087534	0.000000	0.159965	0.007432	2.8
710	-0.088002	0.000000	0.159965	0.008994	3.1
711	-0.090179	0.000000	0.159965	0.008069	3.5
712	-0.089781	0.000000	0.159965	0.011106	3.0
713	-0.088517	0.000000	0.159965	0.006250	3.0
714	-0.089432	0.000000	0.159965	0.010008	3.1
715	-0.091531	0.000000	0.159965	0.009660	2.8
716	-0.088205	0.000000	0.159965	0.010531	3.4
717	-0.094692	0.000000	0.159965	0.009461	3.6
718	-0.089305	0.000000	0.159965	0.009606	3.4
719	-0.090595	0.000000	0.159965	0.009638	3.1
720	-0.090539	0.000000	0.159965	0.009508	3.1
721	-0.093715	0.000000	0.159965	0.008679	3.1
722	-0.088053	0.000000	0.159965	0.007164	2.9
723	-0.088221	0.000000	0.159965	0.008011	3.1
724	-0.093843	0.000000	0.159965	0.010364	3.2
725	-0.091759	0.000000	0.159965	0.009369	3.3
726	-0.086712	0.000000	0.159965	0.009806	3.2
727	-0.088434	0.000000	0.159965	0.010883	3.2
728	-0.088717	0.000000	0.159965	0.008905	3.0
729	-0.086437	0.000000	0.159965	0.008404	3.5
730	-0.090072	0.000000	0.159965	0.007895	3.6
731	-0.091729	0.000000	0.159965	0.008897	3.8
732	-0.083677	0.000000	0.159965	0.008472	3.4
733	-0.091832	0.000000	0.159965	0.010337	3.1
734	-0.092792	0.000000	0.159965	0.008399	3.6
735	-0.093825	0.000000	0.159965	0.006844	3.6
736	-0.085716	0.000000	0.159965	0.008105	3.0
737	-0.087657	0.000000	0.159965	0.010907	3.7
738	-0.089744	0.000000	0.159965	0.007109	3.6
739	-0.084824	0.000000	0.159965	0.010328	3.6
740	-0.093999	0.000000	0.159965	0.007561	3.9
741	-0.088953	0.000000	0.159965	0.008515	3.7
742	-0.090456	0.000000	0.159965	0.008907	3.3
743	-0.093783	0.000000	0.159965	0.008881	3.3
744	-0.086810	0.000000	0.159965	0.010161	3.1
745	-0.092893	0.000000	0.159965	0.009177	2.9
746	-0.091206	0.000000	0.159965	0.009797	3.1
747	-0.093483	0.000000	0.159965	0.009358	3.4
748	-0.092430	0.000000	0.159965	0.008988	3.3
749	-0.098736	0.000000	0.159965	0.009881	2.9
750	-0.091758	0.000000	0.159965	0.008615	2.7
751	-0.095585	0.000000	0.159965	0.011130	3.1
752	-0.093618	0.000000	0.159965	0.007911	3.3
753	-0.090106	0.000000	0.159965	0.008727	2.8
754	-0.091598	0.000000	0.159965	0.012320	2.9
755	-0.087775	0.000000	0.159965	0.009897	2.9
756	-0.092720	0.000000	0.159965	0.007031	2.9
757	-0.091071	0.000000	0.159965	0.008392	3.0
758	-0.091419	0.000000	0.159965	0.009047	3.0
759	-0.091966	0.000000	0.159965	0.009855	2.8
760	-0.086412	0.000000	0.159965	0.010083	2.9
761	-0.090216	0.000000	0.159965	0.008626	2.9
762	-0.091468	0.000000	0.159965	0.010122	3.5
763	-0.084011	0.000000	0.159965	0.009337	3.0
764	-0.089945	0.000000	0.159965	0.007860	2.8
765	-0.090669	0.000000	0.159965	0.008801	2.6
766	-0.089018	0.000000	0.159965	0.008702	2.6
767	-0.091533	0.000000	0.159965	0.007270	2.7
768	-0.093776	0.000000	0.159965	0.010330	2.7
769	-0.085495	0.000000	0.159965	0.006789	3.1
770	-0.094458	0.000000	0.159965	0.010447	3.8
771	-0.090613	0.000000	0.159965	0.009491	2.9
772	-0.086198	0.000000	0.159965	0.007551	3.0
773	-0.092780	0.000000	0.159965	0.010670	3.6
774	-0.088372	0.000000	0.159965	0.008125	3.7
775	-0.096797	0.000000	0.159965	0.008797	3.4
776	-0.093889	0.000000	0.159965	0.008291	3.6
777	-0.088359	0.000000	0.159965	0.009639	3.2
778	-0.090175	0.000000	0.159965	0.007936	2.9
779	-0.097124	0.000000	0.159965	0.008408	3.5
780	-0.095715	0.000000	0.159965	0.011315	3.9
781	-0.091256	0.000000	0.159965	0.010359	3.7
782	-0.087423	0.000000	0.159965	0.009762	3.7
783	-0.092009	0.000000	0.159965	0.007893	3.6
784	-0.090158	0.000000	0.159965	0.008923	3.5
785	-0.094174	0.000000	0.159965	0.010884	3.6
786	-0.093228	0.000000	0.159965	0.007223	3.7
787	-0.090081	0.000000	0.159965	0.007889	3.6
788	-0.088699	0.000000	0.159965	0.009140	4.1
789	-0.087710	0.000000	0.159965	0.009433	3.6
790	-0.096616	0.000000	0.159965	0.010992	3.6
791	-0.088741	0.000000	0.159965	0.009003	3.9
792	-0.092657	0.000000	0.159965	0.010336	3.9
793	-0.087613	0.000000	0.159965	0.010013	3.8
794	-0.091194	0.000000	0.159965	0.007522	3.6
795	-0.085274	0.000000	0.159965	0.008655	3.6
796	-0.094382	0.000000	0.159965	0.007015	3.6
797	-0.089667	0.000000	0.159965	0.007854	3.5
798	-0.097185	0.000000	0.159965	0.007611	3.0
799	-0.087749	0.000000	0.159965	0.009304	3.0
800	-0.088716	0.000000	0.159965	0.007937	3.0
801	-0.090923	0.000000	0.159965	0.010635	2.8
802	-0.089736	0.000000	0.159965	0.007635	3.0
803	-0.090593	0.000000	0.159965	0.009475	2.8
804	-0.087951	0.000000	0.159965	0.009992	2.8
805	-0.089327	0.000000	0.159965	0.009131	2.8
806	-0.086423	0.000000	0.159965	0.009794	2.8
807	-0.094696	0.000000	0.159965	0.008928	2.9
808	-0.091655	0.000000	0.159965	0.010408	2.8
809	-0.092942	0.000000	0.159965	0.008091	2.8
810	-0.088784	0.000000	0.159965	0.009919	2.7
811	-0.090868	0.000000	0.159965	0.011997	2.7
812	-0.092248	0.000000	0.159965	0.008472	2.9
813	-0.091793	0.000000	0.159965	0.009061	3.7
814	-0.091089	0.000000	0.159965	0.009047	3.5
815	-0.095589	0.000000	0.159965	0.010302	2.7
816	-0.091766	0.000000	0.159965	0.010934	2.8
817	-0.094123	0.000000	0.159965	0.008380	3.0
818	-0.093717	0.000000	0.159965	0.008392	3.4
819	-0.096603	0.000000	0.159965	0.009773	2.6
820	-0.094949	0.000000	0.159965	0.009813	2.9
821	-0.091613	0.000000	0.159965	0.009865	3.3
822	-0.093914	0.000000	0.159965	0.008360	3.1
823	-0.094992	0.000000	0.159965	0.011044	2.6
824	-0.092009	0.000000	0.159965	0.008020	2.7
825	-0.090835	0.000000	0.159965	0.008372	2.8
826	-0.093212	0.000000	0.159965	0.006865	2.8
827	-0.093099	0.000000	0.159965	0.008275	2.8
828	-0.087842	0.000000	0.159965	0.008544	2.7
829	-0.095374	0.000000	0.159965	0.008583	2.6
830	-0.088393	0.000000	0.159965	0.010139	2.9
831	-0.090212	0.000000	0.159965	0.011345	3.0
832	-0.088086	0.000000	0.159965	0.008328	2.7
833	-0.092024	0.000000	0.159965	0.008617	2.7
834	-0.090994	0.000000	0.159965	0.008931	3.2
835	-0.092519	0.000000	0.159965	0.010289	3.5
836	-0.093406	0.000000	0.159965	0.009255	3.4
837	-0.087055	0.000000	0.159965	0.008053	3.4
838	-0.084519	0.000000	0.159965	0.008510	2.9
839	-0.096570	0.000000	0.159965	0.008073	2.8
840	-0.095371	0.000000	0.159965	0.008367	2.6
841	-0.091576	0.000000	0.159965	0.010318	2.4
842	-0.090276	0.000000	0.159965	0.007344	2.4
843	-0.091944	0.000000	0.159965	0.008326	2.7
844	-0.092880	0.000000	0.159965	0.009463	3.3
845	-0.084362	0.000000	0.159965	0.006831	2.6
846	-0.095476	0.000000	0.159965	0.010221	2.6
847	-0.092549	0.000000	0.159965	0.011055	2.8
848	-0.093314	0.000000	0.159965	0.008855	2.9
849	-0.086370	0.000000	0.159965	0.007884	3.4
850	-0.092830	0.000000	0.159965	0.008011	3.2
851	-0.090876	0.000000	0.159965	0.007744	2.7
852	-0.089192	0.000000	0.159965	0.007150	2.7
853	-0.090349	0.000000	0.159965	0.009037	2.8
854	-0.094556	0.000000	0.159965	0.009771	3.0
855	-0.092048	0.000000	0.159965	0.010160	3.4
856	-0.095626	0.000000	0.159965	0.007749	2.9
857	-0.090827	0.000000	0.159965	0.007040	2.4
858	-0.095431	0.000000	0.159965	0.007760	2.7
859	-0.086658	0.000000	0.159965	0.010044	3.1
860	-0.090357	0.000000	0.159965	0.008336	3.4
861	-0.093387	0.000000	0.159965	0.006612	2.9
862	-0.099345	0.000000	0.159965	0.010698	2.9
863	-0.088558	0.000000	0.159965	0.008158	3.1
864	-0.097127	0.000000	0.159965	0.007812	2.6
865	-0.090856	0.000000	0.159965	0.009723	2.7
866	-0.100983	0.000000	0.159965	0.011110	2.4
867	-0.090856	0.000000	0.159965	0.010429	2.5
868	-0.092532	0.000000	0.159965	0.009713	2.5
869	-0.088620	0.000000	0.159965	0.008827	2.9
870	-0.091205	0.000000	0.159965	0.007666	5.3
871	-0.097226	0.000000	0.159965	0.007695	9.2
872	-0.087484	0.000000	0.159965	0.008570	6.2
873	-0.091767	0.000000	0.159965	0.007836	5.7
874	-0.098424	0.000000	0.159965	0.009465	4.0
875	-0.090276	0.000000	0.159965	0.010770	5.7
876	-0.093272	0.000000	0.159965	0.007050	4.2
877	-0.091727	0.000000	0.159965	0.010405	2.6
878	-0.089729	0.000000	0.159965	0.009157	2.0
879	-0.093679	0.000000	0.159965	0.008180	2.0
880	-0.088299	0.000000	0.159965	0.010342	2.5
881	-0.089500	0.000000	0.159965	0.010341	2.5
882	-0.095822	0.000000	0.159965	0.007686	2.9
883	-0.092627	0.000000	0.159965	0.008726	2.6
884	-0.089777	0.000000	0.159965	0.008753	2.7
885	-0.090937	0.000000	0.159965	0.009265	2.7
886	-0.090369	0.000000	0.159965	0.009238	2.5
887	-0.095022	0.000000	0.159965	0.008549	2.3
888	-0.094937	0.000000	0.159965	0.008869	1.9
889	-0.088104	0.000000	0.159965	0.005726	1.9
890	-0.091854	0.000000	0.159965	0.009781	1.8
891	-0.093816	0.000000	0.159965	0.010523	1.9
892	-0.090838	0.000000	0.159965	0.008458	1.9
893	-0.091528	0.000000	0.159965	0.008422	1.9
894	-0.089288	0.000000	0.159965	0.009232	2.1
895	-0.092261	0.000000	0.159965	0.008810	1.6
896	-0.090478	0.000000	0.159965	0.008096	1.5
897	-0.092464	0.000000	0.159965	0.008431	1.5
898	-0.091718	0.000000	0.159965	0.009349	1.5
899	-0.094056	0.000000	0.159965	0.008660	1.4
900	-0.088223	0.000000	0.159965	0.008691	1.4
901	-0.087529	0.000000	0.159965	0.006120	1.4
902	-0.091005	0.000000	0.159965	0.009612	11.9
903	-0.093358	0.000000	0.159965	0.010274	4.1
904	-0.087756	0.000000	0.159965	0.009118	9.8
905	-0.088349	0.000000	0.159965	0.009795	5.4
906	-0.097630	0.000000	0.159965	0.008890	1.7
907	-0.090279	0.000000	0.159965	0.008242	1.5
908	-0.096427	0.000000	0.159965	0.006408	4.3
909	-0.095794	0.000000	0.159965	0.010325	3.7
910	-0.090170	0.000000	0.159965	0.009069	5.5
911	-0.088818	0.000000	0.159965	0.008451	2.9
912	-0.092713	0.000000	0.159965	0.007409	2.1
913	-0.090933	0.000000	0.159965	0.009509	2.0
914	-0.091770	0.000000	0.159965	0.007993	2.0
915	-0.099087	0.000000	0.159965	0.008717	1.5
916	-0.097096	0.000000	0.159965	0.011649	1.7
917	-0.095085	0.000000	0.159965	0.009894	1.7
918	-0.088167	0.000000	0.159965	0.008516	1.5
919	-0.093343	0.000000	0.159965	0.007327	9.5
920	-0.089277	0.000000	0.159965	0.007248	4.1
921	-0.091820	0.000000	0.159965	0.007543	2.2
922	-0.093549	0.000000	0.159965	0.009538	2.2
923	-0.090945	0.000000	0.159965	0.009102	1.5
924	-0.090918	0.000000	0.159965	0.008774	1.4
925	-0.092520	0.000000	0.159965	0.008999	1.5
926	-0.095304	0.000000	0.159965	0.008261	1.4
927	-0.090422	0.000000	0.159965	0.007252	1.5
928	-0.094428	0.000000	0.159965	0.011726	1.4
929	-0.092236	0.000000	0.159965	0.009472	1.4
930	-0.097412	0.000000	0.159965	0.008939	1.6
931	-0.093186	0.000000	0.159965	0.009809	1.4
932	-0.087213	0.000000	0.159965	0.007961	1.4
933	-0.099689	0.000000	0.159965	0.010027	1.5
934	-0.096571	0.000000	0.159965	0.007531	1.5
935	-0.100128	0.000000	0.159965	0.008938	1.4
936	-0.097272	0.000000	0.159965	0.010170	1.5
937	-0.090723	0.000000	0.159965	0.010470	1.5
938	-0.095006	0.000000	0.159965	0.007891	1.5
939	-0.084751	0.000000	0.159965	0.010933	1.5
940	-0.095976	0.000000	0.159965	0.011182	1.4
941	-0.095321	0.000000	0.159965	0.010075	1.5
942	-0.093033	0.000000	0.159965	0.011516	1.6
943	-0.091907	0.000000	0.159965	0.008330	1.6
944	-0.093705	0.000000	0.159965	0.009470	1.5
945	-0.095134	0.000000	0.159965	0.009188	1.4
946	-0.094061	0.000000	0.159965	0.007340	1.5
947	-0.092759	0.000000	0.159965	0.007841	1.5
948	-0.093436	0.000000	0.159965	0.009572	1.5
949	-0.093477	0.000000	0.159965	0.009096	1.5
950	-0.090748	0.000000	0.159965	0.008568	1.8
951	-0.094731	0.000000	0.159965	0.010021	1.7
952	-0.085947	0.000000	0.159965	0.010384	1.8
953	-0.084442	0.000000	0.159965	0.007556	1.8
954	-0.091725	0.000000	0.159965	0.010470	1.7
955	-0.100969	0.000000	0.159965	0.009951	2.1
956	-0.092140	0.000000	0.159965	0.010507	1.6
957	-0.086815	0.000000	0.159965	0.010158	1.7
958	-0.090321	0.000000	0.159965	0.009158	1.9
959	-0.101109	0.000000	0.159965	0.008617	1.7
960	-0.090161	0.000000	0.159965	0.008085	1.7
961	-0.095211	0.000000	0.159965	0.009440	1.7
962	-0.093046	0.000000	0.159965	0.009408	1.7
963	-0.090300	0.000000	0.159965	0.011524	1.9
964	-0.088508	0.000000	0.159965	0.006878	1.9
965	-0.094040	0.000000	0.159965	0.009036	1.9
966	-0.095646	0.000000	0.159965	0.009662	2.0
967	-0.091946	0.000000	0.159965	0.007832	2.7
968	-0.090330	0.000000	0.159965	0.008108	1.7
969	-0.090265	0.000000	0.159965	0.009460	1.7
970	-0.091094	0.000000	0.159965	0.009374	1.8
971	-0.094451	0.000000	0.159965	0.007640	1.8
972	-0.092437	0.000000	0.159965	0.008679	2.2
973	-0.091095	0.000000	0.159965	0.006696	2.4
974	-0.085812	0.000000	0.159965	0.009612	2.2
975	-0.093687	0.000000	0.159965	0.009002	2.3
976	-0.093761	0.000000	0.159965	0.009918	2.3
977	-0.095631	0.000000	0.159965	0.010137	2.2
978	-0.095644	0.000000	0.159965	0.009618	2.3
979	-0.095720	0.000000	0.159965	0.010648	2.1
980	-0.093189	0.000000	0.159965	0.007840	2.5
981	-0.089285	0.000000	0.159965	0.008150	2.5
982	-0.093649	0.000000	0.159965	0.010263	2.1
983	-0.096658	0.000000	0.159965	0.009875	2.4
984	-0.093550	0.000000	0.159965	0.007898	2.5
985	-0.092755	0.000000	0.159965	0.009232	2.5
986	-0.092821	0.000000	0.159965	0.008171	2.4
987	-0.090337	0.000000	0.159965	0.010289	2.2
988	-0.095993	0.000000	0.159965	0.008979	2.5
989	-0.091540	0.000000	0.159965	0.008996	2.4
990	-0.092154	0.000000	0.159965	0.008810	2.1
991	-0.093628	0.000000	0.159965	0.009462	2.1
992	-0.087507	0.000000	0.159965	0.009800	2.9
993	-0.097019	0.000000	0.159965	0.009871	2.8
994	-0.087610	0.000000	0.159965	0.007915	2.3
995	-0.093289	0.000000	0.159965	0.009529	2.2
996	-0.091531	0.000000	0.159965	0.009227	2.3
997	-0.098012	0.000000	0.159965	0.008092	2.3
998	-0.093368	0.000000	0.159965	0.009247	2.6
999	-0.092076	0.000000	0.159965	0.009614	2.4
