1:ItNr	2:Metric	3a:Time	3b:StepSize	4:||Gradient||	Time[ms]
0	-0.064151	0.000000	0.159965	0.006345	69.3
1	-0.069097	0.000000	0.159965	0.005466	4.3
2	-0.072362	0.000000	0.159965	0.009662	4.3
3	-0.070876	0.000000	0.159965	0.008861	5.0
4	-0.072724	0.000000	0.159965	0.008875	5.6
5	-0.067584	0.000000	0.159965	0.005343	5.0
6	-0.071898	0.000000	0.159965	0.006635	3.9
7	-0.071392	0.000000	0.159965	0.005518	4.6
8	-0.071232	0.000000	0.159965	0.008515	6.3
9	-0.065674	0.000000	0.159965	0.006532	4.5
10	-0.070308	0.000000	0.159965	0.007174	3.8
11	-0.068058	0.000000	0.159965	0.008091	3.6
12	-0.067807	0.000000	0.159965	0.007393	4.8
13	-0.071398	0.000000	0.159965	0.009370	4.3
14	-0.067356	0.000000	0.159965	0.008013	3.7
15	-0.071110	0.000000	0.159965	0.005416	3.9
16	-0.065717	0.000000	0.159965	0.004754	4.3
17	-0.071340	0.000000	0.159965	0.006618	4.3
18	-0.065128	0.000000	0.159965	0.004951	3.8
19	-0.071851	0.000000	0.159965	0.008396	5.1
20	-0.060868	0.000000	0.159965	0.004146	4.9
21	-0.068978	0.000000	0.159965	0.007967	5.1
22	-0.064930	0.000000	0.159965	0.007317	4.3
23	-0.070102	0.000000	0.159965	0.005196	3.7
24	-0.064806	0.000000	0.159965	0.005128	4.1
25	-0.063894	0.000000	0.159965	0.003140	4.2
26	-0.066466	0.000000	0.159965	0.008533	3.9
27	-0.069983	0.000000	0.159965	0.007115	4.9
28	-0.071970	0.000000	0.159965	0.007276	3.8
29	-0.070624	0.000000	0.159965	0.005913	3.7
30	-0.064705	0.000000	0.159965	0.006632	3.8
31	-0.070423	0.000000	0.159965	0.004922	4.8
32	-0.073800	0.000000	0.159965	0.009697	4.8
33	-0.069768	0.000000	0.159965	0.007493	3.8
34	-0.069945	0.000000	0.159965	0.008271	3.7
35	-0.069508	0.000000	0.159965	0.007095	3.8
36	-0.067890	0.000000	0.159965	0.006640	3.8
37	-0.071791	0.000000	0.159965	0.010356	4.8
38	-0.074307	0.000000	0.159965	0.006128	3.9
39	-0.063453	0.000000	0.159965	0.008049	3.9
40	-0.067181	0.000000	0.159965	0.006609	3.6
41	-0.066269	0.000000	0.159965	0.008232	3.6
42	-0.069424	0.000000	0.159965	0.007586	3.6
43	-0.063101	0.000000	0.159965	0.006284	3.6
44	-0.067878	0.000000	0.159965	0.008393	3.8
45	-0.065526	0.000000	0.159965	0.006413	3.7
46	-0.069943	0.000000	0.159965	0.008032	4.0
47	-0.071059	0.000000	0.159965	0.006385	3.8
48	-0.072072	0.000000	0.159965	0.007639	5.0
49	-0.072575	0.000000	0.159965	0.008274	4.8
50	-0.071360	0.000000	0.159965	0.006209	4.7
51	-0.067619	0.000000	0.159965	0.008905	4.6
52	-0.065493	0.000000	0.159965	0.006235	4.7
53	-0.067846	0.000000	0.159965	0.006328	3.8
54	-0.066969	0.000000	0.159965	0.004327	4.7
55	-0.074075	0.000000	0.159965	0.005992	3.8
56	-0.069906	0.000000	0.159965	0.007010	5.0
57	-0.065871	0.000000	0.159965	0.006951	4.9
58	-0.073717	0.000000	0.159965	0.011836	4.1
59	-0.068912	0.000000	0.159965	0.006232	4.6
60	-0.070336	0.000000	0.159965	0.006232	3.8
61	-0.068431	0.000000	0.159965	0.006902	3.8
62	-0.070459	0.000000	0.159965	0.005290	3.7
63	-0.067905	0.000000	0.159965	0.005492	5.5
64	-0.065362	0.000000	0.159965	0.006774	4.0
65	-0.070961	0.000000	0.159965	0.008617	3.6
66	-0.066153	0.000000	0.159965	0.008863	3.6
67	-0.066728	0.000000	0.159965	0.004923	3.6
68	-0.071945	0.000000	0.159965	0.005314	3.6
69	-0.071726	0.000000	0.159965	0.007377	3.8
70	-0.067926	0.000000	0.159965	0.008587	4.8
71	-0.071152	0.000000	0.159965	0.006334	4.1
72	-0.070744	0.000000	0.159965	0.007850	3.9
73	-0.067470	0.000000	0.159965	0.005939	4.8
74	-0.071992	0.000000	0.159965	0.005341	4.9
75	-0.065452	0.000000	0.159965	0.009401	4.9
76	-0.070704	0.000000	0.159965	0.003937	4.7
77	-0.066588	0.000000	0.159965	0.006801	4.2
78	-0.068549	0.000000	0.159965	0.006407	5.0
79	-0.070898	0.000000	0.159965	0.007527	4.5
80	-0.071370	0.000000	0.159965	0.006221	4.7
81	-0.067058	0.000000	0.159965	0.007066	5.2
82	-0.071445	0.000000	0.159965	0.008122	5.0
83	-0.071000	0.000000	0.159965	0.006526	5.1
84	-0.069316	0.000000	0.159965	0.007887	5.1
85	-0.071580	0.000000	0.159965	0.007672	5.1
86	-0.066351	0.000000	0.159965	0.006377	4.9
87	-0.067417	0.000000	0.159965	0.008267	5.0
88	-0.069559	0.000000	0.159965	0.009008	4.9
89	-0.071571	0.000000	0.159965	0.005656	5.0
90	-0.061159	0.000000	0.159965	0.006681	5.1
91	-0.073480	0.000000	0.159965	0.005216	4.0
92	-0.068171	0.000000	0.159965	0.005126	4.3
93	-0.067799	0.000000	0.159965	0.006811	4.6
94	-0.067969	0.000000	0.159965	0.005777	4.2
95	-0.069489	0.000000	0.159965	0.008064	4.8
96	-0.070990	0.000000	0.159965	0.007764	4.9
97	-0.069896	0.000000	0.159965	0.006980	5.0
98	-0.068698	0.000000	0.159965	0.004670	5.0
99	-0.070628	0.000000	0.159965	0.006254	5.0
100	-0.067876	0.000000	0.159965	0.012243	4.4
101	-0.065722	0.000000	0.159965	0.005895	4.8
102	-0.068348	0.000000	0.159965	0.005629	4.2
103	-0.069347	0.000000	0.159965	0.007300	4.2
104	-0.072064	0.000000	0.159965	0.008796	3.7
105	-0.063266	0.000000	0.159965	0.006135	3.5
106	-0.067897	0.000000	0.159965	0.006139	3.5
107	-0.063717	0.000000	0.159965	0.007007	3.4
108	-0.068456	0.000000	0.159965	0.005898	3.9
109	-0.066163	0.000000	0.159965	0.006647	4.8
110	-0.068356	0.000000	0.159965	0.007088	5.0
111	-0.067264	0.000000	0.159965	0.009182	5.0
112	-0.068508	0.000000	0.159965	0.006676	4.4
113	-0.071847	0.000000	0.159965	0.006650	4.0
114	-0.065768	0.000000	0.159965	0.005851	3.8
115	-0.065788	0.000000	0.159965	0.007495	3.6
116	-0.072428	0.000000	0.159965	0.007391	3.5
117	-0.071687	0.000000	0.159965	0.007234	3.9
118	-0.070718	0.000000	0.159965	0.006295	3.8
119	-0.063923	0.000000	0.159965	0.007713	4.6
120	-0.073839	0.000000	0.159965	0.006562	3.7
121	-0.071745	0.000000	0.159965	0.005763	3.4
122	-0.072159	0.000000	0.159965	0.004521	3.4
123	-0.069541	0.000000	0.159965	0.006030	3.4
124	-0.072041	0.000000	0.159965	0.006429	3.5
125	-0.067429	0.000000	0.159965	0.007442	3.8
126	-0.068921	0.000000	0.159965	0.004298	4.6
127	-0.067016	0.000000	0.159965	0.005936	4.6
128	-0.069989	0.000000	0.159965	0.005835	3.8
129	-0.068604	0.000000	0.159965	0.004851	3.8
130	-0.074104	0.000000	0.159965	0.006679	3.8
131	-0.068201	0.000000	0.159965	0.008312	3.8
132	-0.066544	0.000000	0.159965	0.007655	3.5
133	-0.067137	0.000000	0.159965	0.008761	3.6
134	-0.068848	0.000000	0.159965	0.006896	3.7
135	-0.071366	0.000000	0.159965	0.006688	3.5
136	-0.069957	0.000000	0.159965	0.005651	3.5
137	-0.060641	0.000000	0.159965	0.008050	4.2
138	-0.069852	0.000000	0.159965	0.006944	3.9
139	-0.075547	0.000000	0.159965	0.008596	3.6
140	-0.068844	0.000000	0.159965	0.006820	3.9
141	-0.066493	0.000000	0.159965	0.009798	4.5
142	-0.072289	0.000000	0.159965	0.006764	3.6
143	-0.067178	0.000000	0.159965	0.006036	3.6
144	-0.067378	0.000000	0.159965	0.005911	3.7
145	-0.066046	0.000000	0.159965	0.006200	3.7
146	-0.071173	0.000000	0.159965	0.007605	3.5
147	-0.064884	0.000000	0.159965	0.005400	3.9
148	-0.073984	0.000000	0.159965	0.006134	4.7
149	-0.070386	0.000000	0.159965	0.005002	4.5
150	-0.069184	0.000000	0.159965	0.005815	4.7
151	-0.071661	0.000000	0.159965	0.005734	3.6
152	-0.070418	0.000000	0.159965	0.004831	3.7
153	-0.068913	0.000000	0.159965	0.007543	4.6
154	-0.066158	0.000000	0.159965	0.006628	4.2
155	-0.071675	0.000000	0.159965	0.006058	4.6
156	-0.064567	0.000000	0.159965	0.004794	4.6
157	-0.073058	0.000000	0.159965	0.008529	4.7
158	-0.067540	0.000000	0.159965	0.006509	4.2
159	-0.072266	0.000000	0.159965	0.006410	4.5
160	-0.069894	0.000000	0.159965	0.005703	4.4
161	-0.073911	0.000000	0.159965	0.007086	3.5
162	-0.070646	0.000000	0.159965	0.007534	4.0
163	-0.064452	0.000000	0.159965	0.006005	3.5
164	-0.069536	0.000000	0.159965	0.009154	4.4
165	-0.063442	0.000000	0.159965	0.005118	4.5
166	-0.068353	1.000000	0.155547	0.005501	4.5
167	-0.069383	0.200000	0.159054	0.007030	4.0
168	-0.071421	0.000000	0.159965	0.008607	4.3
169	-0.070967	0.000000	0.159965	0.007137	4.3
170	-0.072545	0.000000	0.159965	0.005032	4.1
171	-0.063098	0.000000	0.159965	0.004932	3.8
172	-0.067033	0.000000	0.159965	0.007611	3.8
173	-0.070401	0.000000	0.159965	0.006916	3.6
174	-0.075823	0.000000	0.159965	0.005551	3.6
175	-0.069275	0.000000	0.159965	0.005822	4.5
176	-0.065861	0.000000	0.159965	0.007617	4.0
177	-0.066804	0.000000	0.159965	0.009927	3.5
178	-0.071312	0.000000	0.159965	0.008650	3.7
179	-0.066422	0.000000	0.159965	0.004419	4.2
180	-0.066291	0.000000	0.159965	0.006113	5.2
181	-0.070308	0.000000	0.159965	0.006045	5.0
182	-0.069713	0.000000	0.159965	0.008170	4.3
183	-0.067168	0.000000	0.159965	0.008866	5.0
184	-0.067402	0.000000	0.159965	0.006013	5.0
185	-0.070215	0.000000	0.159965	0.010247	3.8
186	-0.066274	0.000000	0.159965	0.006713	3.7
187	-0.068914	0.000000	0.159965	0.006484	4.2
188	-0.067711	0.000000	0.159965	0.005139	4.7
189	-0.067567	0.000000	0.159965	0.004516	4.0
190	-0.065240	0.000000	0.159965	0.008237	4.9
191	-0.067152	0.000000	0.159965	0.008565	4.7
192	-0.063217	0.000000	0.159965	0.006581	4.2
193	-0.073444	0.000000	0.159965	0.007211	4.6
194	-0.071150	0.000000	0.159965	0.005990	4.3
195	-0.065463	0.000000	0.159965	0.007303	5.0
196	-0.068769	0.000000	0.159965	0.010296	4.7
197	-0.067288	0.000000	0.159965	0.006305	4.5
198	-0.066636	0.000000	0.159965	0.004724	4.6
199	-0.072599	0.000000	0.159965	0.007752	4.8
200	-0.068095	0.000000	0.159965	0.008574	5.4
201	-0.066804	0.000000	0.159965	0.004519	4.8
202	-0.071353	0.000000	0.159965	0.007639	5.1
203	-0.070006	0.000000	0.159965	0.005938	4.7
204	-0.074503	0.000000	0.159965	0.007197	4.0
205	-0.070458	0.000000	0.159965	0.005249	4.3
206	-0.068229	0.000000	0.159965	0.005975	4.9
207	-0.069093	0.000000	0.159965	0.008038	4.0
208	-0.067147	0.000000	0.159965	0.008725	4.6
209	-0.071912	0.000000	0.159965	0.005537	3.9
210	-0.067223	0.000000	0.159965	0.007897	4.8
211	-0.067241	0.000000	0.159965	0.006483	4.9
212	-0.071252	0.000000	0.159965	0.006767	5.0
213	-0.071004	0.000000	0.159965	0.004650	3.8
214	-0.069641	0.000000	0.159965	0.007209	3.6
215	-0.070918	0.000000	0.159965	0.009595	4.0
216	-0.073904	0.000000	0.159965	0.006336	4.7
217	-0.071390	0.000000	0.159965	0.006617	4.5
218	-0.071797	0.000000	0.159965	0.007656	3.7
219	-0.070319	0.000000	0.159965	0.006531	3.6
220	-0.064462	0.000000	0.159965	0.007589	4.4
221	-0.075103	0.000000	0.159965	0.007073	4.6
222	-0.072106	0.000000	0.159965	0.008958	3.9
223	-0.068136	0.000000	0.159965	0.009991	3.9
224	-0.069514	0.000000	0.159965	0.007852	4.6
225	-0.068631	0.000000	0.159965	0.007292	3.7
226	-0.069865	0.000000	0.159965	0.006839	3.8
227	-0.065901	0.000000	0.159965	0.004946	3.5
228	-0.067729	0.000000	0.159965	0.007901	4.3
229	-0.066977	0.000000	0.159965	0.005220	4.5
230	-0.074724	0.000000	0.159965	0.009704	4.4
231	-0.072164	0.000000	0.159965	0.007065	4.7
232	-0.071064	0.000000	0.159965	0.008619	4.7
233	-0.067257	0.000000	0.159965	0.006442	4.6
234	-0.070994	0.000000	0.159965	0.005900	4.2
235	-0.065640	0.000000	0.159965	0.005486	4.4
236	-0.070285	0.000000	0.159965	0.006559	4.4
237	-0.071100	0.000000	0.159965	0.006905	4.4
238	-0.074896	0.000000	0.159965	0.007648	4.1
239	-0.071664	0.000000	0.159965	0.007355	4.5
240	-0.069975	0.000000	0.159965	0.007082	4.4
241	-0.069840	0.000000	0.159965	0.003062	4.3
242	-0.068816	0.000000	0.159965	0.005470	4.3
243	-0.071626	0.000000	0.159965	0.006619	4.1
244	-0.069317	0.000000	0.159965	0.006530	4.1
245	-0.070739	0.000000	0.159965	0.006987	4.0
246	-0.075314	0.000000	0.159965	0.005514	4.0
247	-0.066983	0.000000	0.159965	0.005601	4.0
248	-0.072076	0.000000	0.159965	0.010823	3.7
249	-0.065196	0.000000	0.159965	0.009691	3.9
250	-0.070608	0.000000	0.159965	0.005038	3.9
251	-0.070751	0.000000	0.159965	0.007222	3.8
252	-0.068381	0.000000	0.159965	0.006128	4.0
253	-0.071808	0.000000	0.159965	0.009119	4.8
254	-0.065518	0.000000	0.159965	0.005933	3.8
255	-0.071557	0.000000	0.159965	0.009608	3.5
256	-0.074326	0.000000	0.159965	0.005509	3.6
257	-0.071227	0.000000	0.159965	0.007129	3.9
258	-0.067310	0.000000	0.159965	0.005205	3.7
259	-0.064481	0.000000	0.159965	0.004654	4.2
260	-0.066068	0.000000	0.159965	0.005827	3.7
261	-0.067147	0.000000	0.159965	0.004467	3.6
262	-0.067875	0.000000	0.159965	0.007467	3.7
263	-0.067357	0.000000	0.159965	0.007468	3.6
264	-0.071575	0.000000	0.159965	0.008622	3.7
265	-0.071775	0.000000	0.159965	0.007166	3.6
266	-0.071640	0.000000	0.159965	0.005455	4.6
267	-0.068445	0.000000	0.159965	0.005400	4.7
268	-0.068137	0.000000	0.159965	0.005941	4.2
269	-0.066881	0.000000	0.159965	0.006748	4.7
270	-0.068918	0.000000	0.159965	0.005061	4.7
271	-0.071702	0.000000	0.159965	0.005042	4.4
272	-0.067947	0.000000	0.159965	0.009861	4.4
273	-0.070009	0.000000	0.159965	0.010618	4.7
274	-0.069699	0.000000	0.159965	0.004895	4.7
275	-0.065208	0.000000	0.159965	0.005981	4.4
276	-0.077000	0.000000	0.159965	0.010173	3.6
277	-0.072837	0.000000	0.159965	0.005386	4.5
278	-0.070570	0.000000	0.159965	0.007271	4.4
279	-0.068310	0.000000	0.159965	0.006899	4.2
280	-0.068747	0.000000	0.159965	0.004861	4.1
281	-0.072100	0.000000	0.159965	0.007869	3.9
282	-0.068626	0.000000	0.159965	0.007380	3.9
283	-0.068723	0.000000	0.159965	0.008558	4.9
284	-0.068895	0.000000	0.159965	0.007396	4.0
285	-0.064383	0.000000	0.159965	0.005943	3.8
286	-0.070034	0.000000	0.159965	0.006578	3.9
287	-0.072582	0.000000	0.159965	0.005955	4.0
288	-0.071565	0.000000	0.159965	0.006702	3.9
289	-0.068914	0.000000	0.159965	0.004443	3.6
290	-0.068659	0.000000	0.159965	0.007255	3.6
291	-0.067924	0.000000	0.159965	0.005707	3.7
292	-0.073815	0.000000	0.159965	0.006552	3.6
293	-0.074415	0.000000	0.159965	0.003926	3.4
294	-0.072629	0.000000	0.159965	0.005505	3.5
295	-0.073411	0.000000	0.159965	0.009189	3.5
296	-0.063338	0.000000	0.159965	0.006328	3.6
297	-0.069697	0.000000	0.159965	0.005164	3.6
298	-0.068187	0.000000	0.159965	0.006328	3.3
299	-0.074273	0.000000	0.159965	0.007167	3.7
300	-0.073251	0.000000	0.159965	0.005197	3.6
301	-0.069133	0.000000	0.159965	0.007454	3.6
302	-0.071800	0.000000	0.159965	0.004337	3.8
303	-0.063002	0.000000	0.159965	0.009226	4.0
304	-0.068036	0.000000	0.159965	0.008098	3.6
305	-0.071463	0.000000	0.159965	0.005547	3.5
306	-0.068180	0.000000	0.159965	0.005799	3.4
307	-0.069638	0.000000	0.159965	0.008175	3.4
308	-0.067367	0.000000	0.159965	0.005959	3.3
309	-0.071864	0.000000	0.159965	0.007854	3.4
310	-0.068925	0.000000	0.159965	0.007033	3.5
311	-0.071678	0.000000	0.159965	0.003924	3.3
312	-0.068112	0.000000	0.159965	0.006647	3.5
313	-0.066465	0.000000	0.159965	0.008381	3.4
314	-0.073043	0.000000	0.159965	0.004309	4.4
315	-0.070168	0.000000	0.159965	0.003871	4.6
316	-0.069894	0.000000	0.159965	0.007924	3.6
317	-0.072145	0.000000	0.159965	0.006923	3.6
318	-0.068598	0.000000	0.159965	0.005238	3.5
319	-0.069640	0.000000	0.159965	0.006774	3.8
320	-0.070436	0.000000	0.159965	0.006958	4.8
321	-0.072131	0.000000	0.159965	0.005237	3.9
322	-0.070506	0.000000	0.159965	0.007395	3.6
323	-0.069843	0.000000	0.159965	0.004797	3.5
324	-0.064895	0.000000	0.159965	0.008227	3.6
325	-0.068240	0.000000	0.159965	0.003480	3.5
326	-0.066470	0.000000	0.159965	0.011057	3.5
327	-0.067568	0.000000	0.159965	0.005180	3.7
328	-0.071084	0.000000	0.159965	0.008122	4.7
329	-0.070992	0.000000	0.159965	0.008030	4.5
330	-0.073612	0.000000	0.159965	0.006304	3.4
331	-0.071285	0.000000	0.159965	0.008339	3.9
332	-0.071944	0.000000	0.159965	0.005183	4.4
333	-0.068067	0.000000	0.159965	0.006094	4.3
334	-0.072361	0.000000	0.159965	0.006920	3.9
335	-0.070565	0.000000	0.159965	0.007072	4.0
336	-0.075187	0.000000	0.159965	0.004667	3.5
337	-0.070664	0.000000	0.159965	0.004945	3.7
338	-0.065606	0.000000	0.159965	0.007624	3.8
339	-0.068429	0.000000	0.159965	0.007098	4.5
340	-0.071926	0.000000	0.159965	0.007925	3.6
341	-0.071109	0.000000	0.159965	0.006989	4.1
342	-0.070684	0.000000	0.159965	0.003994	4.7
343	-0.064582	0.000000	0.159965	0.006561	4.1
344	-0.068633	0.000000	0.159965	0.003298	4.0
345	-0.067592	0.000000	0.159965	0.004658	4.1
346	-0.070372	0.000000	0.159965	0.003351	3.6
347	-0.071542	0.000000	0.159965	0.007303	3.7
348	-0.070664	0.000000	0.159965	0.007007	3.7
349	-0.072324	0.000000	0.159965	0.007992	4.0
350	-0.063843	0.000000	0.159965	0.003556	3.8
351	-0.071050	0.000000	0.159965	0.009174	3.9
352	-0.071951	0.000000	0.159965	0.008573	4.9
353	-0.064764	0.000000	0.159965	0.006617	4.8
354	-0.073508	0.000000	0.159965	0.006662	4.6
355	-0.066358	0.000000	0.159965	0.007335	5.1
356	-0.069947	0.000000	0.159965	0.006726	4.0
357	-0.072180	0.000000	0.159965	0.005334	4.8
358	-0.069352	0.000000	0.159965	0.004255	3.8
359	-0.070427	0.000000	0.159965	0.006302	3.8
360	-0.069352	0.000000	0.159965	0.004015	4.2
361	-0.067365	0.000000	0.159965	0.006835	4.9
362	-0.070848	0.000000	0.159965	0.009316	4.6
363	-0.071543	0.000000	0.159965	0.006408	4.3
364	-0.068824	0.000000	0.159965	0.004395	3.8
365	-0.068547	0.000000	0.159965	0.005425	4.8
366	-0.073995	0.000000	0.159965	0.008382	4.7
367	-0.073254	0.000000	0.159965	0.005928	4.5
368	-0.068668	0.000000	0.159965	0.004314	4.3
369	-0.074112	0.000000	0.159965	0.008467	3.8
370	-0.069380	0.000000	0.159965	0.005738	3.8
371	-0.070188	0.000000	0.159965	0.006412	4.4
372	-0.068732	0.000000	0.159965	0.007793	4.9
373	-0.073782	0.000000	0.159965	0.008156	4.9
374	-0.067055	0.000000	0.159965	0.006845	4.2
375	-0.070182	0.000000	0.159965	0.009960	4.4
376	-0.070351	0.000000	0.159965	0.005797	4.9
377	-0.070739	0.000000	0.159965	0.007752	4.9
378	-0.073461	0.000000	0.159965	0.008060	4.7
379	-0.073042	0.000000	0.159965	0.008236	4.5
380	-0.069740	0.000000	0.159965	0.007413	4.2
381	-0.076377	0.000000	0.159965	0.004754	4.9
382	-0.063909	0.000000	0.159965	0.006331	3.8
383	-0.071658	0.000000	0.159965	0.006820	4.0
384	-0.066806	0.000000	0.159965	0.005925	4.9
385	-0.067645	0.000000	0.159965	0.005014	4.9
386	-0.072099	0.000000	0.159965	0.005948	4.2
387	-0.068629	0.000000	0.159965	0.006367	5.3
388	-0.075525	0.000000	0.159965	0.006021	5.2
389	-0.069109	0.000000	0.159965	0.007372	4.6
390	-0.070071	0.000000	0.159965	0.005014	4.4
391	-0.068219	0.000000	0.159965	0.005604	4.6
392	-0.073215	0.000000	0.159965	0.006607	4.7
393	-0.071757	0.000000	0.159965	0.007707	4.6
394	-0.070702	0.000000	0.159965	0.007835	5.1
395	-0.072744	0.000000	0.159965	0.008465	5.1
396	-0.071585	0.000000	0.159965	0.007233	5.1
397	-0.070412	0.000000	0.159965	0.003439	5.0
398	-0.072568	0.000000	0.159965	0.004359	5.3
399	-0.067160	0.000000	0.159965	0.005210	5.5
400	-0.071607	0.000000	0.159965	0.006987	5.0
401	-0.070911	0.000000	0.159965	0.007151	4.4
402	-0.064834	0.000000	0.159965	0.005342	4.5
403	-0.069149	0.000000	0.159965	0.007106	5.2
404	-0.068890	0.000000	0.159965	0.005648	5.3
405	-0.070340	0.000000	0.159965	0.007842	5.2
406	-0.064990	0.000000	0.159965	0.005620	5.3
407	-0.068836	0.000000	0.159965	0.007763	5.3
408	-0.071487	0.000000	0.159965	0.006183	4.8
409	-0.073541	0.000000	0.159965	0.006970	5.2
410	-0.072794	0.000000	0.159965	0.008169	5.6
411	-0.069485	0.000000	0.159965	0.003818	5.6
412	-0.071834	0.000000	0.159965	0.006028	5.9
413	-0.070034	0.000000	0.159965	0.004656	5.2
414	-0.070973	0.000000	0.159965	0.005849	4.9
415	-0.072504	0.000000	0.159965	0.005588	5.2
416	-0.076362	0.000000	0.159965	0.006726	5.5
417	-0.071091	0.000000	0.159965	0.007176	5.2
418	-0.064526	0.000000	0.159965	0.005621	5.2
419	-0.065335	0.000000	0.159965	0.010677	5.1
420	-0.071739	0.000000	0.159965	0.005997	5.0
421	-0.065231	0.000000	0.159965	0.007796	5.5
422	-0.069233	0.000000	0.159965	0.004216	5.3
423	-0.070252	0.000000	0.159965	0.005700	4.8
424	-0.070205	0.000000	0.159965	0.005633	5.1
425	-0.072361	0.000000	0.159965	0.008427	4.9
426	-0.069496	0.000000	0.159965	0.004914	4.8
427	-0.064304	0.000000	0.159965	0.006877	4.3
428	-0.069137	0.000000	0.159965	0.008019	4.0
429	-0.071881	0.000000	0.159965	0.006500	4.0
430	-0.072296	0.000000	0.159965	0.007734	4.3
431	-0.070619	0.000000	0.159965	0.005370	4.4
432	-0.072640	0.000000	0.159965	0.006658	5.1
433	-0.071804	0.000000	0.159965	0.005695	5.0
434	-0.074456	0.000000	0.159965	0.007736	4.6
435	-0.068792	0.000000	0.159965	0.005816	4.9
436	-0.069134	0.000000	0.159965	0.008833	4.6
437	-0.069976	0.000000	0.159965	0.007191	4.2
438	-0.074691	0.000000	0.159965	0.008297	3.8
439	-0.074473	0.000000	0.159965	0.007254	4.0
440	-0.065163	0.000000	0.159965	0.007621	4.0
441	-0.073645	0.000000	0.159965	0.007913	4.0
442	-0.070909	0.000000	0.159965	0.008987	4.8
443	-0.071831	0.000000	0.159965	0.008493	3.8
444	-0.067157	0.000000	0.159965	0.006380	4.0
445	-0.068952	0.000000	0.159965	0.005053	4.8
446	-0.064005	0.000000	0.159965	0.006770	3.8
447	-0.069480	0.000000	0.159965	0.005352	3.7
448	-0.071131	0.000000	0.159965	0.005556	3.7
449	-0.065659	0.000000	0.159965	0.007652	3.8
450	-0.072374	0.000000	0.159965	0.005658	4.7
451	-0.075576	0.000000	0.159965	0.004075	4.9
452	-0.073277	0.000000	0.159965	0.006540	4.4
453	-0.070179	0.000000	0.159965	0.010270	3.7
454	-0.073586	0.000000	0.159965	0.005831	5.1
455	-0.070730	0.000000	0.159965	0.007434	3.9
456	-0.072149	0.000000	0.159965	0.008995	4.4
457	-0.075289	0.000000	0.159965	0.004725	4.2
458	-0.073575	0.000000	0.159965	0.006478	4.7
459	-0.067986	0.000000	0.159965	0.005552	4.5
460	-0.074335	0.000000	0.159965	0.005030	5.0
461	-0.072166	0.000000	0.159965	0.007086	5.0
462	-0.071132	0.000000	0.159965	0.006679	4.9
463	-0.073033	0.000000	0.159965	0.007999	4.7
464	-0.072553	0.000000	0.159965	0.006853	4.8
465	-0.072301	0.000000	0.159965	0.007340	4.6
466	-0.069929	0.000000	0.159965	0.008711	4.5
467	-0.066339	0.000000	0.159965	0.011547	4.0
468	-0.067313	0.000000	0.159965	0.008099	4.0
469	-0.068206	0.000000	0.159965	0.004108	4.0
470	-0.068951	0.000000	0.159965	0.008670	4.1
471	-0.066556	0.000000	0.159965	0.007643	3.9
472	-0.072024	0.000000	0.159965	0.008254	4.9
473	-0.068588	0.000000	0.159965	0.004841	4.9
474	-0.070022	0.000000	0.159965	0.006261	4.4
475	-0.070867	0.000000	0.159965	0.009352	4.3
476	-0.068722	0.000000	0.159965	0.004829	4.3
477	-0.071375	0.000000	0.159965	0.004150	4.4
478	-0.073989	0.000000	0.159965	0.006054	5.0
479	-0.070550	0.000000	0.159965	0.004749	4.7
480	-0.067730	0.000000	0.159965	0.004177	4.6
481	-0.074231	0.000000	0.159965	0.004973	4.6
482	-0.070542	0.000000	0.159965	0.008930	5.1
483	-0.067703	0.000000	0.159965	0.006651	5.0
484	-0.068495	0.000000	0.159965	0.008759	5.1
485	-0.074355	0.000000	0.159965	0.007653	5.1
486	-0.071379	0.000000	0.159965	0.004376	4.3
487	-0.068318	0.000000	0.159965	0.009407	4.9
488	-0.071736	0.000000	0.159965	0.009676	4.7
489	-0.068336	0.000000	0.159965	0.004738	4.8
490	-0.071866	0.000000	0.159965	0.004226	4.4
491	-0.069239	0.000000	0.159965	0.004639	4.2
492	-0.072870	0.000000	0.159965	0.005333	4.9
493	-0.067826	0.000000	0.159965	0.004794	5.0
494	-0.069178	0.000000	0.159965	0.006586	4.7
495	-0.069654	0.000000	0.159965	0.006848	4.2
496	-0.070571	0.000000	0.159965	0.007726	5.4
497	-0.071787	0.000000	0.159965	0.005601	5.3
498	-0.063644	0.000000	0.159965	0.008773	5.3
499	-0.071287	0.000000	0.159965	0.007268	5.1
500	-0.069517	0.000000	0.159965	0.008116	4.9
501	-0.071467	0.000000	0.159965	0.005605	4.9
502	-0.071241	0.000000	0.159965	0.005697	5.0
503	-0.063776	0.000000	0.159965	0.009280	4.8
504	-0.069139	0.000000	0.159965	0.007693	4.8
505	-0.072926	0.000000	0.159965	0.007200	5.0
506	-0.067729	0.000000	0.159965	0.010835	4.8
507	-0.070615	0.000000	0.159965	0.007424	5.0
508	-0.069084	0.000000	0.159965	0.005535	4.4
509	-0.067543	0.000000	0.159965	0.010455	5.2
510	-0.069134	0.000000	0.159965	0.008116	5.0
511	-0.071852	0.000000	0.159965	0.008588	5.0
512	-0.071798	0.000000	0.159965	0.008406	5.0
513	-0.069650	0.000000	0.159965	0.006074	5.2
514	-0.074780	0.000000	0.159965	0.004778	5.1
515	-0.069318	0.000000	0.159965	0.004967	4.9
516	-0.066759	0.000000	0.159965	0.009212	4.6
517	-0.069112	0.000000	0.159965	0.007149	4.7
518	-0.069558	0.000000	0.159965	0.003244	4.2
519	-0.066428	0.000000	0.159965	0.004818	4.0
520	-0.069261	0.000000	0.159965	0.008244	4.3
521	-0.072267	0.000000	0.159965	0.007100	4.9
522	-0.070995	0.000000	0.159965	0.006421	4.9
523	-0.070750	0.000000	0.159965	0.006197	4.3
524	-0.072044	0.000000	0.159965	0.007955	4.6
525	-0.075276	0.000000	0.159965	0.006022	5.0
526	-0.069975	0.000000	0.159965	0.008256	5.1
527	-0.069628	0.000000	0.159965	0.006389	5.1
528	-0.075616	0.000000	0.159965	0.005255	4.7
529	-0.075083	1.000000	0.155547	0.007367	4.2
530	-0.074952	0.200000	0.159054	0.006632	4.3
531	-0.067236	0.000000	0.159965	0.005538	4.6
532	-0.068881	0.000000	0.159965	0.006687	4.9
533	-0.073098	0.000000	0.159965	0.006429	4.9
534	-0.073040	0.000000	0.159965	0.005983	4.9
535	-0.071611	0.000000	0.159965	0.010175	4.8
536	-0.073525	0.000000	0.159965	0.005119	4.6
537	-0.069599	0.000000	0.159965	0.005279	4.1
538	-0.072653	0.000000	0.159965	0.003751	4.3
539	-0.068531	0.000000	0.159965	0.007678	5.1
540	-0.074873	0.000000	0.159965	0.007824	4.9
541	-0.070174	0.000000	0.159965	0.007724	5.3
542	-0.070109	0.000000	0.159965	0.008736	5.4
543	-0.066554	0.000000	0.159965	0.008755	5.1
544	-0.071024	0.000000	0.159965	0.009955	4.6
545	-0.070986	0.000000	0.159965	0.007854	5.0
546	-0.072264	0.000000	0.159965	0.006027	4.8
547	-0.068644	0.000000	0.159965	0.008213	4.5
548	-0.070872	0.000000	0.159965	0.008539	4.6
549	-0.070944	0.000000	0.159965	0.006144	4.4
550	-0.070271	0.000000	0.159965	0.006145	4.9
551	-0.074028	0.000000	0.159965	0.010387	4.7
552	-0.069682	0.000000	0.159965	0.005822	4.9
553	-0.072317	0.000000	0.159965	0.006976	4.8
554	-0.069431	0.000000	0.159965	0.007989	4.7
555	-0.072390	0.000000	0.159965	0.009608	4.1
556	-0.075634	0.000000	0.159965	0.005312	4.1
557	-0.067646	0.000000	0.159965	0.007223	4.0
558	-0.072728	0.000000	0.159965	0.004542	4.1
559	-0.073008	1.000000	0.155547	0.010094	4.7
560	-0.073290	0.200000	0.159054	0.007376	4.0
561	-0.068403	0.000000	0.159965	0.007657	4.1
562	-0.071576	0.000000	0.159965	0.008038	4.7
563	-0.069805	0.000000	0.159965	0.008801	4.3
564	-0.069179	0.000000	0.159965	0.006662	4.3
565	-0.072242	0.000000	0.159965	0.005202	4.9
566	-0.066639	0.000000	0.159965	0.006039	5.0
567	-0.072315	0.000000	0.159965	0.003279	4.9
568	-0.068973	0.000000	0.159965	0.008318	5.0
569	-0.073946	0.000000	0.159965	0.004531	4.9
570	-0.070385	0.000000	0.159965	0.005076	4.8
571	-0.065457	0.000000	0.159965	0.006539	4.9
572	-0.067669	0.000000	0.159965	0.004011	4.8
573	-0.067754	0.000000	0.159965	0.006136	4.7
574	-0.067962	0.000000	0.159965	0.005859	4.7
575	-0.070688	0.000000	0.159965	0.006634	4.3
576	-0.070355	0.000000	0.159965	0.007544	4.3
577	-0.072146	0.000000	0.159965	0.003386	4.3
578	-0.075279	0.000000	0.159965	0.007183	4.9
579	-0.075944	0.000000	0.159965	0.007035	4.9
580	-0.074112	0.000000	0.159965	0.008740	4.8
581	-0.071659	0.000000	0.159965	0.006796	4.3
582	-0.074328	0.000000	0.159965	0.006560	4.7
583	-0.069568	0.000000	0.159965	0.005652	4.8
584	-0.069934	0.000000	0.159965	0.007354	4.7
585	-0.073131	0.000000	0.159965	0.009099	4.9
586	-0.067099	0.000000	0.159965	0.007606	4.9
587	-0.069306	0.000000	0.159965	0.008170	4.9
588	-0.071112	0.000000	0.159965	0.005977	4.9
589	-0.068460	0.000000	0.159965	0.006796	4.8
590	-0.069735	0.000000	0.159965	0.008938	4.8
591	-0.067096	0.000000	0.159965	0.007590	4.2
592	-0.072163	0.000000	0.159965	0.005293	4.9
593	-0.071575	0.000000	0.159965	0.008804	5.1
594	-0.066023	0.000000	0.159965	0.005739	4.9
595	-0.067076	0.000000	0.159965	0.004887	4.3
596	-0.070919	0.000000	0.159965	0.005346	4.3
597	-0.064974	0.000000	0.159965	0.006543	4.4
598	-0.068624	0.000000	0.159965	0.005890	4.0
599	-0.070792	0.000000	0.159965	0.010638	4.8
600	-0.064761	0.000000	0.159965	0.006776	4.7
601	-0.074137	0.000000	0.159965	0.003414	3.7
602	-0.071612	0.000000	0.159965	0.006352	4.1
603	-0.074864	0.000000	0.159965	0.006952	4.9
604	-0.073846	0.000000	0.159965	0.004915	4.1
605	-0.069451	0.000000	0.159965	0.005979	4.0
606	-0.069685	0.000000	0.159965	0.003880	5.5
607	-0.074150	1.000000	0.155547	0.004030	4.2
608	-0.070424	0.200000	0.159054	0.004186	4.6
609	-0.076197	0.000000	0.159965	0.006700	4.9
610	-0.072866	0.000000	0.159965	0.006371	4.9
611	-0.069641	0.000000	0.159965	0.005819	4.7
612	-0.071177	0.000000	0.159965	0.007668	4.6
613	-0.068546	0.000000	0.159965	0.008467	4.6
614	-0.071544	0.000000	0.159965	0.006437	5.1
615	-0.072778	0.000000	0.159965	0.005372	4.5
616	-0.070613	0.000000	0.159965	0.006193	4.4
617	-0.071416	0.000000	0.159965	0.006384	4.3
618	-0.076019	0.000000	0.159965	0.008093	4.2
619	-0.069944	0.000000	0.159965	0.006497	4.0
620	-0.063654	0.000000	0.159965	0.006956	4.8
621	-0.067466	0.000000	0.159965	0.005283	4.7
622	-0.070049	0.000000	0.159965	0.007900	4.8
623	-0.073976	0.000000	0.159965	0.006049	4.4
624	-0.071576	0.000000	0.159965	0.009128	4.7
625	-0.066127	0.000000	0.159965	0.008759	4.7
626	-0.066191	0.000000	0.159965	0.006545	5.1
627	-0.070209	0.000000	0.159965	0.009853	5.0
628	-0.071914	0.000000	0.159965	0.006359	5.0
629	-0.068377	0.000000	0.159965	0.008173	4.1
630	-0.069172	0.000000	0.159965	0.006722	5.0
631	-0.073888	0.000000	0.159965	0.005947	4.2
632	-0.071329	0.000000	0.159965	0.005594	3.9
633	-0.068186	0.000000	0.159965	0.004884	4.2
634	-0.067592	0.000000	0.159965	0.004254	4.8
635	-0.071983	0.000000	0.159965	0.004494	5.1
636	-0.075393	0.000000	0.159965	0.011418	5.1
637	-0.068559	0.000000	0.159965	0.006680	5.3
638	-0.069943	0.000000	0.159965	0.005975	5.4
639	-0.072972	0.000000	0.159965	0.006872	5.4
640	-0.069896	0.000000	0.159965	0.008928	5.1
641	-0.076554	0.000000	0.159965	0.004977	4.9
642	-0.072160	0.000000	0.159965	0.006733	4.5
643	-0.073215	0.000000	0.159965	0.005233	5.1
644	-0.077115	0.000000	0.159965	0.006251	4.9
645	-0.066336	0.000000	0.159965	0.005348	5.0
646	-0.071048	0.000000	0.159965	0.008011	5.2
647	-0.065231	0.000000	0.159965	0.005528	5.0
648	-0.073898	1.000000	0.155547	0.006526	4.8
649	-0.068034	0.200000	0.159054	0.006779	4.9
650	-0.073811	0.000000	0.159965	0.006616	4.6
651	-0.068076	0.000000	0.159965	0.004032	4.5
652	-0.065784	0.000000	0.159965	0.006549	4.7
653	-0.067271	0.000000	0.159965	0.008867	4.4
654	-0.074186	0.000000	0.159965	0.007070	4.2
655	-0.071262	0.000000	0.159965	0.007559	4.2
656	-0.070906	0.000000	0.159965	0.005992	4.8
657	-0.078300	0.000000	0.159965	0.004974	4.1
658	-0.072993	0.000000	0.159965	0.007328	3.9
659	-0.074167	0.000000	0.159965	0.007016	4.0
660	-0.068607	0.000000	0.159965	0.005212	5.2
661	-0.070283	0.000000	0.159965	0.008199	5.0
662	-0.073902	0.000000	0.159965	0.008141	5.0
663	-0.069575	0.000000	0.159965	0.005664	4.8
664	-0.069080	0.000000	0.159965	0.008504	4.6
665	-0.068799	0.000000	0.159965	0.005922	4.7
666	-0.066781	0.000000	0.159965	0.006217	4.8
667	-0.066586	0.000000	0.159965	0.006578	4.9
668	-0.070033	0.000000	0.159965	0.006011	4.8
669	-0.068033	0.000000	0.159965	0.009276	4.6
670	-0.079615	0.000000	0.159965	0.007012	4.4
671	-0.072748	0.000000	0.159965	0.005575	5.0
672	-0.071758	0.000000	0.159965	0.004350	5.1
673	-0.068235	0.000000	0.159965	0.006286	4.7
674	-0.071502	0.000000	0.159965	0.006520	3.9
675	-0.066070	0.000000	0.159965	0.007098	4.0
676	-0.068479	0.000000	0.159965	0.009056	3.8
677	-0.067737	0.000000	0.159965	0.007759	4.1
678	-0.070166	0.000000	0.159965	0.003289	5.1
679	-0.076802	0.000000	0.159965	0.008033	5.0
680	-0.072495	0.000000	0.159965	0.003718	5.3
681	-0.076578	0.000000	0.159965	0.010314	5.0
682	-0.072078	0.000000	0.159965	0.008545	5.0
683	-0.068135	0.000000	0.159965	0.004909	4.3
684	-0.072900	0.000000	0.159965	0.008360	4.1
685	-0.069132	0.000000	0.159965	0.007534	3.9
686	-0.073724	0.000000	0.159965	0.006707	3.7
687	-0.076170	0.000000	0.159965	0.005207	3.8
688	-0.069475	0.000000	0.159965	0.007877	4.1
689	-0.072230	0.000000	0.159965	0.006590	4.8
690	-0.067617	0.000000	0.159965	0.006874	4.8
691	-0.069250	0.000000	0.159965	0.007341	4.7
692	-0.069013	0.000000	0.159965	0.006249	4.9
693	-0.068620	0.000000	0.159965	0.005495	4.9
694	-0.066560	0.000000	0.159965	0.007257	5.0
695	-0.070506	0.000000	0.159965	0.004865	4.8
696	-0.075102	0.000000	0.159965	0.007020	5.3
697	-0.072209	0.000000	0.159965	0.005583	5.4
698	-0.073455	0.000000	0.159965	0.009456	5.5
699	-0.074656	1.000000	0.155547	0.006575	5.3
700	-0.073136	0.200000	0.159054	0.009383	5.3
701	-0.069346	0.000000	0.159965	0.005282	4.3
702	-0.067130	0.000000	0.159965	0.007025	4.5
703	-0.074223	0.000000	0.159965	0.009581	4.7
704	-0.072021	0.000000	0.159965	0.008120	4.7
705	-0.071448	0.000000	0.159965	0.008976	4.7
706	-0.069725	0.000000	0.159965	0.006954	4.3
707	-0.077665	0.000000	0.159965	0.004773	4.0
708	-0.066568	0.000000	0.159965	0.008829	4.1
709	-0.074233	0.000000	0.159965	0.007053	4.2
710	-0.071096	0.000000	0.159965	0.004590	4.7
711	-0.068559	0.000000	0.159965	0.009180	4.6
712	-0.067813	0.000000	0.159965	0.004754	4.6
713	-0.071419	0.000000	0.159965	0.009048	4.7
714	-0.070223	0.000000	0.159965	0.006480	5.0
715	-0.064906	0.000000	0.159965	0.006423	4.7
716	-0.070869	0.000000	0.159965	0.005685	5.3
717	-0.070126	0.000000	0.159965	0.009929	5.0
718	-0.074429	0.000000	0.159965	0.005888	4.5
719	-0.073177	0.000000	0.159965	0.010014	5.2
720	-0.072670	0.000000	0.159965	0.008126	5.0
721	-0.075136	0.000000	0.159965	0.008330	5.3
722	-0.070417	0.000000	0.159965	0.005117	5.2
723	-0.073831	0.000000	0.159965	0.005520	5.0
724	-0.064000	0.000000	0.159965	0.009422	5.1
725	-0.070301	0.000000	0.159965	0.011458	4.8
726	-0.068559	0.000000	0.159965	0.007203	4.7
727	-0.071325	0.000000	0.159965	0.006009	4.5
728	-0.071345	0.000000	0.159965	0.008439	5.1
729	-0.069532	0.000000	0.159965	0.006618	5.0
730	-0.066110	0.000000	0.159965	0.007152	5.0
731	-0.073694	0.000000	0.159965	0.006027	4.8
732	-0.074382	0.000000	0.159965	0.008241	4.8
733	-0.072004	0.000000	0.159965	0.009560	4.7
734	-0.071592	0.000000	0.159965	0.004274	4.9
735	-0.065815	0.000000	0.159965	0.006099	4.7
736	-0.072707	0.000000	0.159965	0.007575	5.0
737	-0.068909	0.000000	0.159965	0.006531	5.0
738	-0.066330	0.000000	0.159965	0.004318	4.9
739	-0.071416	0.000000	0.159965	0.003547	4.9
740	-0.072482	0.000000	0.159965	0.008441	5.1
741	-0.069653	0.000000	0.159965	0.003659	4.8
742	-0.071873	0.000000	0.159965	0.005931	4.8
743	-0.072444	0.000000	0.159965	0.007166	5.1
744	-0.072029	0.000000	0.159965	0.007708	4.9
745	-0.068226	0.000000	0.159965	0.007470	4.9
746	-0.071308	0.000000	0.159965	0.008672	4.9
747	-0.075093	0.000000	0.159965	0.006547	4.8
748	-0.063059	0.000000	0.159965	0.005742	4.7
749	-0.071272	0.000000	0.159965	0.004321	4.3
750	-0.079552	0.000000	0.159965	0.006488	4.2
751	-0.068057	0.000000	0.159965	0.003414	3.8
752	-0.068118	0.000000	0.159965	0.007188	4.2
753	-0.067605	0.000000	0.159965	0.005554	4.7
754	-0.074068	0.000000	0.159965	0.005527	4.9
755	-0.069104	0.000000	0.159965	0.008788	4.8
756	-0.076302	0.000000	0.159965	0.010730	4.9
757	-0.069855	0.000000	0.159965	0.006658	4.5
758	-0.074878	0.000000	0.159965	0.008435	4.2
759	-0.070765	0.000000	0.159965	0.003945	4.1
760	-0.071349	0.000000	0.159965	0.006463	4.0
761	-0.072242	0.000000	0.159965	0.008410	4.9
762	-0.072957	0.000000	0.159965	0.006938	4.1
763	-0.073575	0.000000	0.159965	0.007797	4.0
764	-0.073557	0.000000	0.159965	0.007918	4.9
765	-0.068701	0.000000	0.159965	0.007666	4.8
766	-0.073518	0.000000	0.159965	0.004904	4.2
767	-0.078132	0.000000	0.159965	0.003942	4.3
768	-0.071987	0.000000	0.159965	0.006075	4.1
769	-0.076419	0.000000	0.159965	0.006161	3.9
770	-0.074788	0.000000	0.159965	0.005304	3.9
771	-0.071207	0.000000	0.159965	0.008925	4.8
772	-0.075321	0.000000	0.159965	0.002896	4.8
773	-0.071293	0.000000	0.159965	0.006846	4.8
774	-0.067971	0.000000	0.159965	0.006715	4.8
775	-0.073738	0.000000	0.159965	0.006210	4.4
776	-0.072149	0.000000	0.159965	0.005958	3.8
777	-0.073082	0.000000	0.159965	0.006258	3.9
778	-0.070924	0.000000	0.159965	0.005018	4.8
779	-0.077868	0.000000	0.159965	0.008854	4.9
780	-0.078186	0.000000	0.159965	0.009776	4.6
781	-0.068880	0.000000	0.159965	0.006010	4.5
782	-0.070881	0.000000	0.159965	0.005414	4.1
783	-0.072883	0.000000	0.159965	0.006776	4.0
784	-0.071584	0.000000	0.159965	0.004292	3.9
785	-0.067010	0.000000	0.159965	0.005511	3.8
786	-0.067515	0.000000	0.159965	0.007357	3.7
787	-0.069432	0.000000	0.159965	0.007587	3.7
788	-0.067432	0.000000	0.159965	0.003896	3.7
789	-0.071376	0.000000	0.159965	0.006525	3.7
790	-0.073489	0.000000	0.159965	0.008186	4.8
791	-0.070594	0.000000	0.159965	0.004342	4.6
792	-0.070699	0.000000	0.159965	0.007780	3.9
793	-0.073506	0.000000	0.159965	0.008653	4.5
794	-0.071740	0.000000	0.159965	0.007738	4.8
795	-0.070767	0.000000	0.159965	0.008524	4.7
796	-0.070796	0.000000	0.159965	0.007431	4.1
797	-0.073143	0.000000	0.159965	0.005596	3.7
798	-0.069570	0.000000	0.159965	0.006088	3.8
799	-0.071025	0.000000	0.159965	0.006393	3.7
800	-0.076926	0.000000	0.159965	0.007986	4.0
801	-0.069893	0.000000	0.159965	0.004540	4.9
802	-0.076527	0.000000	0.159965	0.006694	4.9
803	-0.074451	0.000000	0.159965	0.005310	4.1
804	-0.070448	0.000000	0.159965	0.005644	4.8
805	-0.071048	0.000000	0.159965	0.007604	4.2
806	-0.073795	0.000000	0.159965	0.009857	4.3
807	-0.072261	0.000000	0.159965	0.006178	5.0
808	-0.072324	0.000000	0.159965	0.003917	4.5
809	-0.072410	0.000000	0.159965	0.003980	4.0
810	-0.072534	0.000000	0.159965	0.004900	3.9
811	-0.075145	0.000000	0.159965	0.008006	3.9
812	-0.067306	0.000000	0.159965	0.005542	4.9
813	-0.072435	0.000000	0.159965	0.007411	5.0
814	-0.068803	0.000000	0.159965	0.005231	5.0
815	-0.067567	0.000000	0.159965	0.006181	4.0
816	-0.074113	0.000000	0.159965	0.008165	4.5
817	-0.071594	0.000000	0.159965	0.008942	5.0
818	-0.073444	0.000000	0.159965	0.006762	4.9
819	-0.072333	0.000000	0.159965	0.005181	4.7
820	-0.069632	0.000000	0.159965	0.006021	4.8
821	-0.073332	0.000000	0.159965	0.005467	5.2
822	-0.073637	0.000000	0.159965	0.005985	4.8
823	-0.076430	0.000000	0.159965	0.005278	5.2
824	-0.076811	0.000000	0.159965	0.006157	4.8
825	-0.075700	0.000000	0.159965	0.008634	4.7
826	-0.075763	0.000000	0.159965	0.007427	5.1
827	-0.069378	0.000000	0.159965	0.006166	4.9
828	-0.068411	0.000000	0.159965	0.006164	4.8
829	-0.069226	0.000000	0.159965	0.008230	5.1
830	-0.069826	0.000000	0.159965	0.007763	5.1
831	-0.075473	0.000000	0.159965	0.005373	5.2
832	-0.073111	0.000000	0.159965	0.007855	4.6
833	-0.072449	0.000000	0.159965	0.005711	4.8
834	-0.070675	0.000000	0.159965	0.006945	5.1
835	-0.071030	0.000000	0.159965	0.006949	5.1
836	-0.068269	0.000000	0.159965	0.005665	5.2
837	-0.065316	0.000000	0.159965	0.006428	5.2
838	-0.072424	0.000000	0.159965	0.006934	5.0
839	-0.068461	0.000000	0.159965	0.005728	5.0
840	-0.072772	0.000000	0.159965	0.006257	4.7
841	-0.071024	0.000000	0.159965	0.009138	4.9
842	-0.075768	0.000000	0.159965	0.008398	4.8
843	-0.068451	0.000000	0.159965	0.006362	4.7
844	-0.070435	0.000000	0.159965	0.005437	5.1
845	-0.071403	0.000000	0.159965	0.006444	4.9
846	-0.069225	0.000000	0.159965	0.006876	4.1
847	-0.070313	0.000000	0.159965	0.008688	4.9
848	-0.067967	0.000000	0.159965	0.007826	5.0
849	-0.071809	0.000000	0.159965	0.002766	4.8
850	-0.073383	0.000000	0.159965	0.006095	5.0
851	-0.069396	0.000000	0.159965	0.008217	5.1
852	-0.076228	0.000000	0.159965	0.005436	4.9
853	-0.074435	0.000000	0.159965	0.007647	4.8
854	-0.070476	0.000000	0.159965	0.006785	4.7
855	-0.073355	0.000000	0.159965	0.007232	4.5
856	-0.070347	0.000000	0.159965	0.006778	4.3
857	-0.072151	0.000000	0.159965	0.004574	4.9
858	-0.065960	0.000000	0.159965	0.004855	4.9
859	-0.080201	0.000000	0.159965	0.006881	5.0
860	-0.075568	0.000000	0.159965	0.008194	4.5
861	-0.073435	0.000000	0.159965	0.006344	4.8
862	-0.071411	0.000000	0.159965	0.006532	4.8
863	-0.069991	0.000000	0.159965	0.005743	4.9
864	-0.074958	0.000000	0.159965	0.010202	5.0
865	-0.077168	0.000000	0.159965	0.005797	4.8
866	-0.073773	0.000000	0.159965	0.007104	4.1
867	-0.067169	0.000000	0.159965	0.008870	4.3
868	-0.069972	0.000000	0.159965	0.005062	5.1
869	-0.074271	0.000000	0.159965	0.007048	5.3
870	-0.069983	0.000000	0.159965	0.004389	5.1
871	-0.065333	0.000000	0.159965	0.004951	4.6
872	-0.075285	0.000000	0.159965	0.007243	4.5
873	-0.070180	0.000000	0.159965	0.008996	4.4
874	-0.068478	0.000000	0.159965	0.006024	4.1
875	-0.066748	0.000000	0.159965	0.006977	4.1
876	-0.074084	0.000000	0.159965	0.005723	4.4
877	-0.073872	0.000000	0.159965	0.008391	4.5
878	-0.073098	0.000000	0.159965	0.008535	4.1
879	-0.071605	0.000000	0.159965	0.004954	4.2
880	-0.074061	0.000000	0.159965	0.007022	4.9
881	-0.072689	0.000000	0.159965	0.003446	3.9
882	-0.073415	0.000000	0.159965	0.005459	3.8
883	-0.073384	0.000000	0.159965	0.007787	4.0
884	-0.076655	0.000000	0.159965	0.005444	5.2
885	-0.073395	0.000000	0.159965	0.006825	5.1
886	-0.071019	0.000000	0.159965	0.006026	5.2
887	-0.072959	0.000000	0.159965	0.004470	5.2
888	-0.070753	0.000000	0.159965	0.006119	5.2
889	-0.071903	0.000000	0.159965	0.007721	5.4
890	-0.073914	0.000000	0.159965	0.007373	5.4
891	-0.071397	0.000000	0.159965	0.005434	5.3
892	-0.075071	0.000000	0.159965	0.004301	5.1
893	-0.073152	0.000000	0.159965	0.008241	4.9
894	-0.071912	0.000000	0.159965	0.005543	4.6
895	-0.074718	0.000000	0.159965	0.005800	5.0
896	-0.066577	0.000000	0.159965	0.005590	4.9
897	-0.074306	0.000000	0.159965	0.007098	4.8
898	-0.073492	0.000000	0.159965	0.004669	4.1
899	-0.071382	0.000000	0.159965	0.007591	5.0
900	-0.073909	0.000000	0.159965	0.006746	5.0
901	-0.074331	0.000000	0.159965	0.007618	4.8
902	-0.070654	0.000000	0.159965	0.008620	4.5
903	-0.074800	0.000000	0.159965	0.005949	4.5
904	-0.073103	0.000000	0.159965	0.005094	4.1
905	-0.078160	0.000000	0.159965	0.007248	4.2
906	-0.075245	0.000000	0.159965	0.005112	5.0
907	-0.069989	0.000000	0.159965	0.006379	4.3
908	-0.072376	0.000000	0.159965	0.006060	4.3
909	-0.071605	0.000000	0.159965	0.007417	5.1
910	-0.074827	0.000000	0.159965	0.006643	4.4
911	-0.074825	0.000000	0.159965	0.004645	4.8
912	-0.072738	0.000000	0.159965	0.006257	5.1
913	-0.070565	0.000000	0.159965	0.006782	5.3
914	-0.071106	0.000000	0.159965	0.007040	5.2
915	-0.070099	0.000000	0.159965	0.005635	5.1
916	-0.074423	0.000000	0.159965	0.010265	5.3
917	-0.073006	0.000000	0.159965	0.009816	5.3
918	-0.073462	0.000000	0.159965	0.002317	4.6
919	-0.069111	0.000000	0.159965	0.006586	5.1
920	-0.069659	0.000000	0.159965	0.007834	5.2
921	-0.071228	0.000000	0.159965	0.005230	5.4
922	-0.076899	0.000000	0.159965	0.008326	5.3
923	-0.072171	0.000000	0.159965	0.007227	5.0
924	-0.070862	0.000000	0.159965	0.008552	5.1
925	-0.070327	0.000000	0.159965	0.007103	5.2
926	-0.072939	0.000000	0.159965	0.005350	5.3
927	-0.072725	0.000000	0.159965	0.009262	5.1
928	-0.067385	0.000000	0.159965	0.006131	5.1
929	-0.072342	0.000000	0.159965	0.006989	5.3
930	-0.076912	0.000000	0.159965	0.007347	5.4
931	-0.081104	0.000000	0.159965	0.004444	5.2
932	-0.069461	0.000000	0.159965	0.008333	5.2
933	-0.075278	0.000000	0.159965	0.006248	5.2
934	-0.073749	0.000000	0.159965	0.004849	5.2
935	-0.068861	0.000000	0.159965	0.005198	5.1
936	-0.067966	0.000000	0.159965	0.008212	5.2
937	-0.071020	0.000000	0.159965	0.008072	5.2
938	-0.072493	0.000000	0.159965	0.006239	4.9
939	-0.071153	0.000000	0.159965	0.005941	4.9
940	-0.069058	0.000000	0.159965	0.008297	4.7
941	-0.069209	0.000000	0.159965	0.005664	4.2
942	-0.072552	0.000000	0.159965	0.005566	4.9
943	-0.067124	0.000000	0.159965	0.009632	5.1
944	-0.074302	0.000000	0.159965	0.006986	4.9
945	-0.076662	0.000000	0.159965	0.007526	5.6
946	-0.071947	0.000000	0.159965	0.005503	5.0
947	-0.076216	0.000000	0.159965	0.007784	5.1
948	-0.069135	0.000000	0.159965	0.005465	5.3
949	-0.070766	0.000000	0.159965	0.006702	5.2
950	-0.075403	0.000000	0.159965	0.003016	4.8
951	-0.069580	0.000000	0.159965	0.006583	4.4
952	-0.069193	0.000000	0.159965	0.007083	5.0
953	-0.073344	0.000000	0.159965	0.006502	4.9
954	-0.071477	0.000000	0.159965	0.006250	4.9
955	-0.076707	0.000000	0.159965	0.007836	4.7
956	-0.072989	0.000000	0.159965	0.007482	4.9
957	-0.067770	0.000000	0.159965	0.004582	3.9
958	-0.070682	0.000000	0.159965	0.009259	4.4
959	-0.069145	0.000000	0.159965	0.004917	4.9
960	-0.075028	0.000000	0.159965	0.006139	5.0
961	-0.068866	0.000000	0.159965	0.006382	4.9
962	-0.068551	0.000000	0.159965	0.006360	4.9
963	-0.071521	0.000000	0.159965	0.007429	4.6
964	-0.077129	0.000000	0.159965	0.006833	4.4
965	-0.070101	0.000000	0.159965	0.005225	3.9
966	-0.072176	0.000000	0.159965	0.004866	4.0
967	-0.072447	0.000000	0.159965	0.006557	5.0
968	-0.071047	0.000000	0.159965	0.005875	5.2
969	-0.075160	0.000000	0.159965	0.007955	4.2
970	-0.070918	0.000000	0.159965	0.005939	4.3
971	-0.066017	0.000000	0.159965	0.007764	4.2
972	-0.077866	0.000000	0.159965	0.005251	3.6
973	-0.072860	0.000000	0.159965	0.006247	4.1
974	-0.076462	0.000000	0.159965	0.009001	4.7
975	-0.072473	0.000000	0.159965	0.009734	4.8
976	-0.070871	0.000000	0.159965	0.006882	4.2
977	-0.069345	0.000000	0.159965	0.005725	4.1
978	-0.069801	0.000000	0.159965	0.005949	4.5
979	-0.074328	0.000000	0.159965	0.007373	4.5
980	-0.074850	0.000000	0.159965	0.004702	4.2
981	-0.071819	0.000000	0.159965	0.010723	3.8
982	-0.072519	0.000000	0.159965	0.006969	3.9
983	-0.072930	0.000000	0.159965	0.006367	5.1
984	-0.068001	0.000000	0.159965	0.008113	4.1
985	-0.070678	0.000000	0.159965	0.007030	3.8
986	-0.076956	0.000000	0.159965	0.004810	3.6
987	-0.072656	0.000000	0.159965	0.007089	3.6
988	-0.075282	0.000000	0.159965	0.007249	3.7
989	-0.074177	0.000000	0.159965	0.007468	3.7
990	-0.072333	0.000000	0.159965	0.008447	3.5
991	-0.074237	0.000000	0.159965	0.006656	3.8
992	-0.076042	0.000000	0.159965	0.005741	5.0
993	-0.076410	0.000000	0.159965	0.005881	4.6
994	-0.075280	0.000000	0.159965	0.007322	3.8
995	-0.067568	0.000000	0.159965	0.004285	4.6
996	-0.074688	0.000000	0.159965	0.006305	4.2
997	-0.072866	0.000000	0.159965	0.006523	3.9
998	-0.064598	0.000000	0.159965	0.005327	4.7
999	-0.067667	0.000000	0.159965	0.008510	4.1
