1:ItNr	2:Metric	3a:Time	3b:StepSize	4:||Gradient||	Time[ms]
0	-0.077219	0.000000	0.159965	0.009142	2.6
1	-0.081279	0.000000	0.159965	0.007809	1.4
2	-0.081954	0.000000	0.159965	0.008529	1.3
3	-0.086422	0.000000	0.159965	0.010050	1.4
4	-0.081923	0.000000	0.159965	0.008757	1.4
5	-0.081428	0.000000	0.159965	0.008214	1.7
6	-0.077262	0.000000	0.159965	0.007758	1.7
7	-0.078971	0.000000	0.159965	0.009782	1.7
8	-0.080366	0.000000	0.159965	0.006818	1.7
9	-0.080502	0.000000	0.159965	0.007676	1.7
10	-0.080304	0.000000	0.159965	0.007645	1.7
11	-0.082562	0.000000	0.159965	0.010288	1.6
12	-0.082696	0.000000	0.159965	0.007636	1.7
13	-0.083994	0.000000	0.159965	0.010474	1.6
14	-0.084772	0.000000	0.159965	0.009237	1.6
15	-0.080516	0.000000	0.159965	0.007021	1.7
16	-0.082006	0.000000	0.159965	0.008165	1.9
17	-0.085906	0.000000	0.159965	0.008335	1.8
18	-0.079521	0.000000	0.159965	0.008571	1.6
19	-0.080779	0.000000	0.159965	0.008414	1.6
20	-0.085083	0.000000	0.159965	0.008458	1.6
21	-0.085078	0.000000	0.159965	0.008146	1.7
22	-0.075357	0.000000	0.159965	0.007994	2.1
23	-0.082939	0.000000	0.159965	0.007771	2.0
24	-0.087149	0.000000	0.159965	0.008810	1.7
25	-0.082096	0.000000	0.159965	0.009597	1.7
26	-0.081156	0.000000	0.159965	0.008752	1.7
27	-0.083687	0.000000	0.159965	0.009287	1.7
28	-0.085671	0.000000	0.159965	0.007391	1.8
29	-0.084855	0.000000	0.159965	0.007304	1.9
30	-0.085522	0.000000	0.159965	0.008811	1.9
31	-0.083811	0.000000	0.159965	0.006401	1.9
32	-0.079411	0.000000	0.159965	0.009532	1.9
33	-0.084186	0.000000	0.159965	0.006913	2.1
34	-0.087572	0.000000	0.159965	0.007930	2.1
35	-0.081369	0.000000	0.159965	0.009016	2.0
36	-0.076295	0.000000	0.159965	0.008249	2.3
37	-0.084428	0.000000	0.159965	0.010320	2.6
38	-0.087540	0.000000	0.159965	0.010158	2.7
39	-0.081514	0.000000	0.159965	0.008230	2.6
40	-0.084403	0.000000	0.159965	0.009904	2.5
41	-0.087442	0.000000	0.159965	0.008015	2.7
42	-0.084698	0.000000	0.159965	0.010226	2.7
43	-0.080547	0.000000	0.159965	0.007772	2.8
44	-0.089518	0.000000	0.159965	0.008045	3.0
45	-0.090601	0.000000	0.159965	0.010114	2.9
46	-0.087576	0.000000	0.159965	0.008821	3.1
47	-0.087586	0.000000	0.159965	0.008966	3.5
48	-0.089470	0.000000	0.159965	0.007846	3.5
49	-0.084927	0.000000	0.159965	0.010087	2.6
50	-0.084918	0.000000	0.159965	0.009591	2.6
51	-0.081422	0.000000	0.159965	0.008074	2.5
52	-0.084651	0.000000	0.159965	0.009225	3.3
53	-0.086971	0.000000	0.159965	0.008083	2.4
54	-0.084874	0.000000	0.159965	0.010413	2.7
55	-0.085196	0.000000	0.159965	0.007954	2.5
56	-0.086607	0.000000	0.159965	0.009412	2.1
57	-0.088274	0.000000	0.159965	0.010907	2.4
58	-0.083431	0.000000	0.159965	0.008122	3.3
59	-0.082757	0.000000	0.159965	0.008612	3.1
60	-0.083788	0.000000	0.159965	0.011240	2.7
61	-0.079616	0.000000	0.159965	0.008201	2.5
62	-0.084253	0.000000	0.159965	0.010955	2.0
63	-0.083070	0.000000	0.159965	0.009158	2.0
64	-0.088533	0.000000	0.159965	0.008085	2.0
65	-0.082968	0.000000	0.159965	0.009887	1.9
66	-0.080421	0.000000	0.159965	0.009455	2.0
67	-0.082809	0.000000	0.159965	0.008510	2.0
68	-0.087038	0.000000	0.159965	0.007237	2.0
69	-0.080314	0.000000	0.159965	0.007374	2.0
70	-0.091283	0.000000	0.159965	0.007735	2.0
71	-0.086411	0.000000	0.159965	0.008546	2.1
72	-0.084762	0.000000	0.159965	0.007157	2.3
73	-0.082627	0.000000	0.159965	0.008751	2.3
74	-0.085754	0.000000	0.159965	0.007488	2.3
75	-0.083256	0.000000	0.159965	0.008530	2.3
76	-0.085425	0.000000	0.159965	0.007740	2.5
77	-0.084686	0.000000	0.159965	0.008484	2.7
78	-0.076418	0.000000	0.159965	0.010547	2.6
79	-0.082970	0.000000	0.159965	0.008473	2.8
80	-0.090025	0.000000	0.159965	0.008557	3.3
81	-0.089133	0.000000	0.159965	0.007631	3.0
82	-0.084050	0.000000	0.159965	0.009186	2.9
83	-0.084272	0.000000	0.159965	0.009619	3.1
84	-0.087036	0.000000	0.159965	0.009787	3.0
85	-0.083734	0.000000	0.159965	0.008056	3.0
86	-0.079356	0.000000	0.159965	0.008303	3.2
87	-0.085529	0.000000	0.159965	0.008252	3.6
88	-0.084667	0.000000	0.159965	0.009790	3.2
89	-0.081641	0.000000	0.159965	0.005959	2.9
90	-0.082314	0.000000	0.159965	0.008726	3.1
91	-0.084317	0.000000	0.159965	0.010236	3.6
92	-0.085417	0.000000	0.159965	0.008810	3.6
93	-0.080276	0.000000	0.159965	0.007626	3.2
94	-0.085463	0.000000	0.159965	0.007449	3.8
95	-0.086040	0.000000	0.159965	0.008504	4.2
96	-0.081296	0.000000	0.159965	0.008340	3.4
97	-0.085139	0.000000	0.159965	0.008283	3.2
98	-0.090855	0.000000	0.159965	0.010620	3.7
99	-0.086056	0.000000	0.159965	0.007327	3.7
100	-0.087670	0.000000	0.159965	0.009351	3.6
101	-0.086634	0.000000	0.159965	0.008899	3.6
102	-0.084036	0.000000	0.159965	0.011779	3.8
103	-0.081956	0.000000	0.159965	0.009290	3.6
104	-0.081408	0.000000	0.159965	0.011370	3.6
105	-0.079824	0.000000	0.159965	0.007654	2.7
106	-0.086478	0.000000	0.159965	0.007172	3.8
107	-0.089633	0.000000	0.159965	0.009587	3.7
108	-0.090396	0.000000	0.159965	0.007869	3.5
109	-0.081843	0.000000	0.159965	0.008396	3.8
110	-0.082735	0.000000	0.159965	0.006633	3.5
111	-0.084267	0.000000	0.159965	0.007870	3.4
112	-0.081453	0.000000	0.159965	0.008611	3.4
113	-0.085803	0.000000	0.159965	0.008356	3.2
114	-0.081474	0.000000	0.159965	0.009025	3.6
115	-0.091191	0.000000	0.159965	0.009735	3.6
116	-0.084160	0.000000	0.159965	0.009670	3.4
117	-0.082604	0.000000	0.159965	0.009118	3.2
118	-0.088980	0.000000	0.159965	0.009474	3.6
119	-0.085215	0.000000	0.159965	0.010195	3.6
120	-0.088468	0.000000	0.159965	0.007958	3.6
121	-0.080769	0.000000	0.159965	0.007344	3.5
122	-0.084644	0.000000	0.159965	0.005691	3.1
123	-0.087646	0.000000	0.159965	0.009208	3.1
124	-0.085635	0.000000	0.159965	0.008988	3.1
125	-0.085157	0.000000	0.159965	0.009683	3.1
126	-0.085038	0.000000	0.159965	0.009758	3.2
127	-0.084742	0.000000	0.159965	0.009356	3.6
128	-0.082324	0.000000	0.159965	0.009958	3.4
129	-0.088728	0.000000	0.159965	0.008367	3.6
130	-0.081193	0.000000	0.159965	0.007232	3.7
131	-0.087054	0.000000	0.159965	0.008678	3.9
132	-0.083035	0.000000	0.159965	0.007605	3.4
133	-0.087517	0.000000	0.159965	0.008348	3.5
134	-0.081849	0.000000	0.159965	0.010617	3.5
135	-0.083276	0.000000	0.159965	0.008014	3.7
136	-0.088935	0.000000	0.159965	0.009227	3.6
137	-0.086138	0.000000	0.159965	0.009701	3.7
138	-0.076660	0.000000	0.159965	0.007319	3.1
139	-0.083224	0.000000	0.159965	0.009068	3.3
140	-0.086967	0.000000	0.159965	0.006693	3.7
141	-0.081058	0.000000	0.159965	0.007069	3.6
142	-0.083233	0.000000	0.159965	0.010020	3.4
143	-0.079491	0.000000	0.159965	0.010487	3.5
144	-0.078511	0.000000	0.159965	0.009312	3.3
145	-0.083916	0.000000	0.159965	0.009362	3.4
146	-0.080037	0.000000	0.159965	0.009406	3.3
147	-0.081022	0.000000	0.159965	0.009609	3.3
148	-0.082974	0.000000	0.159965	0.007976	3.1
149	-0.086592	0.000000	0.159965	0.009220	2.5
150	-0.084392	0.000000	0.159965	0.007690	2.6
151	-0.077246	0.000000	0.159965	0.008015	3.2
152	-0.086176	0.000000	0.159965	0.007707	2.8
153	-0.082898	0.000000	0.159965	0.008829	3.3
154	-0.085839	0.000000	0.159965	0.010646	3.0
155	-0.080291	0.000000	0.159965	0.007709	2.9
156	-0.086103	0.000000	0.159965	0.008821	3.0
157	-0.087475	0.000000	0.159965	0.008961	2.9
158	-0.088474	0.000000	0.159965	0.008697	3.2
159	-0.084521	0.000000	0.159965	0.010871	3.7
160	-0.085233	0.000000	0.159965	0.011176	3.6
161	-0.088955	0.000000	0.159965	0.008044	3.5
162	-0.086998	0.000000	0.159965	0.009140	3.4
163	-0.081127	0.000000	0.159965	0.006626	3.0
164	-0.089863	0.000000	0.159965	0.009358	3.2
165	-0.082292	0.000000	0.159965	0.010938	3.4
166	-0.093313	0.000000	0.159965	0.009914	3.5
167	-0.082335	0.000000	0.159965	0.009855	3.1
168	-0.084830	0.000000	0.159965	0.008163	3.0
169	-0.084447	0.000000	0.159965	0.008636	3.3
170	-0.087287	0.000000	0.159965	0.008973	3.7
171	-0.083249	0.000000	0.159965	0.007920	3.5
172	-0.083507	0.000000	0.159965	0.007219	3.5
173	-0.088675	0.000000	0.159965	0.010450	3.8
174	-0.086221	0.000000	0.159965	0.010096	3.5
175	-0.093008	0.000000	0.159965	0.008829	3.5
176	-0.085189	0.000000	0.159965	0.009041	3.5
177	-0.082179	0.000000	0.159965	0.009987	3.9
178	-0.087477	0.000000	0.159965	0.009302	3.5
179	-0.084008	0.000000	0.159965	0.007661	3.5
180	-0.088412	0.000000	0.159965	0.010742	3.1
181	-0.081790	0.000000	0.159965	0.008841	3.2
182	-0.085915	0.000000	0.159965	0.008855	2.8
183	-0.087596	0.000000	0.159965	0.010284	3.1
184	-0.081454	0.000000	0.159965	0.007834	3.2
185	-0.084106	0.000000	0.159965	0.007841	3.3
186	-0.086321	0.000000	0.159965	0.008304	3.2
187	-0.079418	0.000000	0.159965	0.008152	3.7
188	-0.083347	0.000000	0.159965	0.007206	3.4
189	-0.085353	0.000000	0.159965	0.009089	3.5
190	-0.082310	0.000000	0.159965	0.006935	3.5
191	-0.087708	0.000000	0.159965	0.010518	3.2
192	-0.081244	0.000000	0.159965	0.008715	3.1
193	-0.084652	0.000000	0.159965	0.009873	3.7
194	-0.088479	0.000000	0.159965	0.010734	3.5
195	-0.079291	0.000000	0.159965	0.007330	3.4
196	-0.087045	0.000000	0.159965	0.008877	3.4
197	-0.087863	0.000000	0.159965	0.008451	3.2
198	-0.080082	0.000000	0.159965	0.009810	3.4
199	-0.084001	0.000000	0.159965	0.008299	3.7
200	-0.086908	0.000000	0.159965	0.008241	3.5
201	-0.087080	0.000000	0.159965	0.008574	3.6
202	-0.080137	0.000000	0.159965	0.009657	3.9
203	-0.091657	0.000000	0.159965	0.007938	3.5
204	-0.084811	0.000000	0.159965	0.009640	3.3
205	-0.084545	0.000000	0.159965	0.008004	3.0
206	-0.082937	0.000000	0.159965	0.010440	3.1
207	-0.086435	0.000000	0.159965	0.008671	2.8
208	-0.084711	0.000000	0.159965	0.008639	2.7
209	-0.086222	0.000000	0.159965	0.008851	3.4
210	-0.089284	0.000000	0.159965	0.008310	3.5
211	-0.085486	0.000000	0.159965	0.009830	3.6
212	-0.083383	0.000000	0.159965	0.007843	3.6
213	-0.090283	0.000000	0.159965	0.010323	3.5
214	-0.079292	0.000000	0.159965	0.008888	3.6
215	-0.088757	0.000000	0.159965	0.007827	3.2
216	-0.088133	0.000000	0.159965	0.008713	3.2
217	-0.086593	0.000000	0.159965	0.008178	3.5
218	-0.082715	0.000000	0.159965	0.006739	3.7
219	-0.086689	0.000000	0.159965	0.006843	3.6
220	-0.086719	0.000000	0.159965	0.009269	3.2
221	-0.084890	0.000000	0.159965	0.006835	3.6
222	-0.084622	0.000000	0.159965	0.009191	3.8
223	-0.083569	0.000000	0.159965	0.007853	3.3
224	-0.086891	0.000000	0.159965	0.007906	3.4
225	-0.077445	0.000000	0.159965	0.008813	3.5
226	-0.086563	0.000000	0.159965	0.009361	3.3
227	-0.087064	0.000000	0.159965	0.009485	3.7
228	-0.089510	0.000000	0.159965	0.009768	3.3
229	-0.091556	0.000000	0.159965	0.009438	3.8
230	-0.082374	0.000000	0.159965	0.008269	4.0
231	-0.085333	0.000000	0.159965	0.007597	3.8
232	-0.086596	0.000000	0.159965	0.007481	3.8
233	-0.084199	0.000000	0.159965	0.009917	3.8
234	-0.087225	0.000000	0.159965	0.010350	3.8
235	-0.086777	0.000000	0.159965	0.010825	3.9
236	-0.085088	0.000000	0.159965	0.009365	3.7
237	-0.083739	0.000000	0.159965	0.008755	3.6
238	-0.092010	0.000000	0.159965	0.008545	3.2
239	-0.081126	0.000000	0.159965	0.009684	3.6
240	-0.089772	0.000000	0.159965	0.009531	2.7
241	-0.085023	0.000000	0.159965	0.009166	3.5
242	-0.085366	0.000000	0.159965	0.007924	3.8
243	-0.087066	0.000000	0.159965	0.008221	3.8
244	-0.087641	0.000000	0.159965	0.008681	3.7
245	-0.085870	0.000000	0.159965	0.008794	3.7
246	-0.085048	0.000000	0.159965	0.010475	3.6
247	-0.089915	0.000000	0.159965	0.010102	3.6
248	-0.085180	0.000000	0.159965	0.010766	3.6
249	-0.085975	0.000000	0.159965	0.009127	3.5
250	-0.080482	0.000000	0.159965	0.008350	3.4
251	-0.087901	0.000000	0.159965	0.008600	3.8
252	-0.081820	0.000000	0.159965	0.009660	3.5
253	-0.085332	0.000000	0.159965	0.009151	3.6
254	-0.083741	0.000000	0.159965	0.006981	3.7
255	-0.082537	0.000000	0.159965	0.007773	3.1
256	-0.087561	0.000000	0.159965	0.007649	3.1
257	-0.081815	0.000000	0.159965	0.008887	3.2
258	-0.082131	0.000000	0.159965	0.008294	3.9
259	-0.086977	0.000000	0.159965	0.008006	3.7
260	-0.089094	0.000000	0.159965	0.008986	3.7
261	-0.087847	0.000000	0.159965	0.010184	3.7
262	-0.083087	0.000000	0.159965	0.009110	3.2
263	-0.090720	0.000000	0.159965	0.007096	2.7
264	-0.081252	0.000000	0.159965	0.009114	3.5
265	-0.086331	0.000000	0.159965	0.009713	3.4
266	-0.084017	0.000000	0.159965	0.010286	2.6
267	-0.083109	0.000000	0.159965	0.008442	2.6
268	-0.091155	0.000000	0.159965	0.009077	2.6
269	-0.080870	0.000000	0.159965	0.010390	2.6
270	-0.090454	0.000000	0.159965	0.009147	2.7
271	-0.082198	0.000000	0.159965	0.010286	3.5
272	-0.086232	0.000000	0.159965	0.007334	3.4
273	-0.079256	0.000000	0.159965	0.009953	3.3
274	-0.083946	0.000000	0.159965	0.008808	3.4
275	-0.085341	0.000000	0.159965	0.009315	3.4
276	-0.087506	0.000000	0.159965	0.008414	3.0
277	-0.084447	0.000000	0.159965	0.009791	3.6
278	-0.084794	0.000000	0.159965	0.009072	3.6
279	-0.079081	0.000000	0.159965	0.008756	3.7
280	-0.092569	0.000000	0.159965	0.008434	3.7
281	-0.089146	0.000000	0.159965	0.008585	3.4
282	-0.083676	0.000000	0.159965	0.008877	3.9
283	-0.082799	0.000000	0.159965	0.006538	3.4
284	-0.087004	0.000000	0.159965	0.008755	3.4
285	-0.087059	0.000000	0.159965	0.009398	3.7
286	-0.082218	0.000000	0.159965	0.006735	3.6
287	-0.081386	0.000000	0.159965	0.009680	3.8
288	-0.086047	0.000000	0.159965	0.009987	3.2
289	-0.087132	0.000000	0.159965	0.011602	3.1
290	-0.077430	0.000000	0.159965	0.010318	3.6
291	-0.088307	0.000000	0.159965	0.008509	3.7
292	-0.083862	0.000000	0.159965	0.007844	3.8
293	-0.085241	0.000000	0.159965	0.009381	3.9
294	-0.085822	0.000000	0.159965	0.008802	3.9
295	-0.087553	0.000000	0.159965	0.008872	3.8
296	-0.080280	0.000000	0.159965	0.007883	3.7
297	-0.089292	0.000000	0.159965	0.008703	3.8
298	-0.084634	0.000000	0.159965	0.007616	3.7
299	-0.087922	0.000000	0.159965	0.008905	3.7
300	-0.088862	0.000000	0.159965	0.010141	3.4
301	-0.079903	0.000000	0.159965	0.009469	3.2
302	-0.080238	0.000000	0.159965	0.008454	3.3
303	-0.086620	0.000000	0.159965	0.010458	3.8
304	-0.083841	0.000000	0.159965	0.010040	3.5
305	-0.088345	0.000000	0.159965	0.009021	3.6
306	-0.081234	0.000000	0.159965	0.007785	3.7
307	-0.085685	0.000000	0.159965	0.009202	3.9
308	-0.084860	0.000000	0.159965	0.008247	3.8
309	-0.085610	0.000000	0.159965	0.008303	3.7
310	-0.087895	0.000000	0.159965	0.008196	3.7
311	-0.082986	0.000000	0.159965	0.009809	3.7
312	-0.083513	0.000000	0.159965	0.010799	3.9
313	-0.084727	0.000000	0.159965	0.008536	3.7
314	-0.087541	0.000000	0.159965	0.009083	3.9
315	-0.085237	0.000000	0.159965	0.009388	3.7
316	-0.079718	0.000000	0.159965	0.009627	3.9
317	-0.089181	0.000000	0.159965	0.010462	3.7
318	-0.092630	0.000000	0.159965	0.007919	3.6
319	-0.090942	0.000000	0.159965	0.010051	3.9
320	-0.086054	0.000000	0.159965	0.010687	3.7
321	-0.086275	0.000000	0.159965	0.009808	3.6
322	-0.086531	0.000000	0.159965	0.008158	3.2
323	-0.089011	0.000000	0.159965	0.009409	3.3
324	-0.082827	0.000000	0.159965	0.007789	3.3
325	-0.090316	0.000000	0.159965	0.011430	3.1
326	-0.089987	0.000000	0.159965	0.008601	3.3
327	-0.083971	0.000000	0.159965	0.007104	2.9
328	-0.083195	0.000000	0.159965	0.006571	2.9
329	-0.090671	0.000000	0.159965	0.009605	2.9
330	-0.087525	0.000000	0.159965	0.010924	2.9
331	-0.086532	0.000000	0.159965	0.008135	2.9
332	-0.086594	0.000000	0.159965	0.009540	3.6
333	-0.084390	0.000000	0.159965	0.009902	3.5
334	-0.086297	0.000000	0.159965	0.011431	3.5
335	-0.086593	0.000000	0.159965	0.009811	3.5
336	-0.082596	0.000000	0.159965	0.010662	3.1
337	-0.086688	0.000000	0.159965	0.008419	3.1
338	-0.085046	0.000000	0.159965	0.008973	3.1
339	-0.085348	0.000000	0.159965	0.011035	3.6
340	-0.088504	0.000000	0.159965	0.007255	2.8
341	-0.087152	0.000000	0.159965	0.008974	3.1
342	-0.083192	0.000000	0.159965	0.006862	3.6
343	-0.083624	0.000000	0.159965	0.008527	3.5
344	-0.088143	0.000000	0.159965	0.009389	2.4
345	-0.087485	0.000000	0.159965	0.007514	2.8
346	-0.082284	0.000000	0.159965	0.007981	3.7
347	-0.088413	0.000000	0.159965	0.008394	3.9
348	-0.082547	0.000000	0.159965	0.007452	3.7
349	-0.090132	0.000000	0.159965	0.009338	3.3
350	-0.085761	0.000000	0.159965	0.009448	3.2
351	-0.086169	0.000000	0.159965	0.008683	3.6
352	-0.083220	0.000000	0.159965	0.009509	2.7
353	-0.088691	0.000000	0.159965	0.007884	2.6
354	-0.091348	0.000000	0.159965	0.011786	3.0
355	-0.088897	0.000000	0.159965	0.010996	2.6
356	-0.092554	0.000000	0.159965	0.006195	2.9
357	-0.087597	0.000000	0.159965	0.009109	3.0
358	-0.086999	0.000000	0.159965	0.007988	3.2
359	-0.085196	0.000000	0.159965	0.006819	3.2
360	-0.086415	0.000000	0.159965	0.007837	3.1
361	-0.088581	0.000000	0.159965	0.008694	2.8
362	-0.083638	0.000000	0.159965	0.008159	2.7
363	-0.086828	0.000000	0.159965	0.009260	2.4
364	-0.087484	0.000000	0.159965	0.008634	2.6
365	-0.087848	0.000000	0.159965	0.008326	2.8
366	-0.092617	0.000000	0.159965	0.009357	3.3
367	-0.080738	0.000000	0.159965	0.007950	3.3
368	-0.083589	0.000000	0.159965	0.008227	3.4
369	-0.084404	0.000000	0.159965	0.008549	3.1
370	-0.085267	0.000000	0.159965	0.009325	3.3
371	-0.091405	0.000000	0.159965	0.011492	3.2
372	-0.086119	0.000000	0.159965	0.006781	3.2
373	-0.090043	0.000000	0.159965	0.008711	3.1
374	-0.089215	0.000000	0.159965	0.009580	2.9
375	-0.083219	0.000000	0.159965	0.007290	3.0
376	-0.084306	0.000000	0.159965	0.011556	2.9
377	-0.086615	0.000000	0.159965	0.008921	3.5
378	-0.086214	0.000000	0.159965	0.007934	3.5
379	-0.083509	0.000000	0.159965	0.008076	3.0
380	-0.087085	0.000000	0.159965	0.008557	3.1
381	-0.087521	0.000000	0.159965	0.008783	2.9
382	-0.084431	0.000000	0.159965	0.009949	3.1
383	-0.090162	0.000000	0.159965	0.010139	3.2
384	-0.087759	0.000000	0.159965	0.008564	3.6
385	-0.083848	0.000000	0.159965	0.007930	3.5
386	-0.089166	0.000000	0.159965	0.008688	3.3
387	-0.089122	0.000000	0.159965	0.008841	3.4
388	-0.085757	0.000000	0.159965	0.012070	3.6
389	-0.086921	0.000000	0.159965	0.008120	3.5
390	-0.088968	0.000000	0.159965	0.008694	3.5
391	-0.086362	0.000000	0.159965	0.007440	4.0
392	-0.086878	0.000000	0.159965	0.009824	3.5
393	-0.090701	0.000000	0.159965	0.009362	3.9
394	-0.086487	0.000000	0.159965	0.008648	3.7
395	-0.085699	0.000000	0.159965	0.011413	3.8
396	-0.085953	0.000000	0.159965	0.010437	3.7
397	-0.087828	0.000000	0.159965	0.010460	3.5
398	-0.087401	0.000000	0.159965	0.008012	3.4
399	-0.092196	0.000000	0.159965	0.009213	3.5
400	-0.086154	0.000000	0.159965	0.009622	3.6
401	-0.087961	0.000000	0.159965	0.010536	3.8
402	-0.085829	0.000000	0.159965	0.008388	3.7
403	-0.089101	0.000000	0.159965	0.008707	3.8
404	-0.087701	0.000000	0.159965	0.009419	3.7
405	-0.088885	0.000000	0.159965	0.008591	3.6
406	-0.084653	0.000000	0.159965	0.008646	3.7
407	-0.092180	0.000000	0.159965	0.010776	3.8
408	-0.085921	0.000000	0.159965	0.009121	3.5
409	-0.090637	0.000000	0.159965	0.008718	3.6
410	-0.093820	0.000000	0.159965	0.008766	3.4
411	-0.087410	0.000000	0.159965	0.008112	3.3
412	-0.085214	0.000000	0.159965	0.009151	3.4
413	-0.087676	0.000000	0.159965	0.011120	3.7
414	-0.094489	0.000000	0.159965	0.010006	3.4
415	-0.091609	0.000000	0.159965	0.010166	3.2
416	-0.084955	0.000000	0.159965	0.009447	3.1
417	-0.089688	0.000000	0.159965	0.007070	3.3
418	-0.085927	0.000000	0.159965	0.008230	3.1
419	-0.084447	0.000000	0.159965	0.007950	3.6
420	-0.094330	0.000000	0.159965	0.008774	3.9
421	-0.091393	0.000000	0.159965	0.008570	3.6
422	-0.086780	0.000000	0.159965	0.009569	3.6
423	-0.085316	0.000000	0.159965	0.008983	3.6
424	-0.089352	0.000000	0.159965	0.011327	3.7
425	-0.089196	0.000000	0.159965	0.009057	3.7
426	-0.090181	0.000000	0.159965	0.010069	3.7
427	-0.087709	0.000000	0.159965	0.008580	3.8
428	-0.088932	0.000000	0.159965	0.007765	3.6
429	-0.082144	0.000000	0.159965	0.009138	2.7
430	-0.090581	0.000000	0.159965	0.009266	2.7
431	-0.087474	0.000000	0.159965	0.011458	3.9
432	-0.088304	0.000000	0.159965	0.007104	3.4
433	-0.080325	0.000000	0.159965	0.006587	3.1
434	-0.094650	0.000000	0.159965	0.009864	3.1
435	-0.084110	0.000000	0.159965	0.009518	3.1
436	-0.086316	0.000000	0.159965	0.009081	2.6
437	-0.089573	0.000000	0.159965	0.007145	2.6
438	-0.091987	0.000000	0.159965	0.008489	3.7
439	-0.086735	0.000000	0.159965	0.008480	2.9
440	-0.086820	0.000000	0.159965	0.008569	3.0
441	-0.084415	0.000000	0.159965	0.009744	3.5
442	-0.089979	0.000000	0.159965	0.009488	3.4
443	-0.083988	0.000000	0.159965	0.008694	3.6
444	-0.091951	0.000000	0.159965	0.009927	3.0
445	-0.090451	0.000000	0.159965	0.008773	3.5
446	-0.083236	0.000000	0.159965	0.009129	4.1
447	-0.089307	0.000000	0.159965	0.010647	3.9
448	-0.088058	0.000000	0.159965	0.009020	3.8
449	-0.080347	0.000000	0.159965	0.008310	3.8
450	-0.093265	0.000000	0.159965	0.009524	3.3
451	-0.087457	0.000000	0.159965	0.007406	3.3
452	-0.091497	0.000000	0.159965	0.008277	3.1
453	-0.082602	0.000000	0.159965	0.008389	2.9
454	-0.084469	0.000000	0.159965	0.010028	3.1
455	-0.088842	0.000000	0.159965	0.008868	2.7
456	-0.092141	0.000000	0.159965	0.010785	3.0
457	-0.091699	0.000000	0.159965	0.008867	3.7
458	-0.087902	0.000000	0.159965	0.008592	3.4
459	-0.087193	0.000000	0.159965	0.008572	3.3
460	-0.091304	0.000000	0.159965	0.009496	2.5
461	-0.089154	0.000000	0.159965	0.007781	2.6
462	-0.086415	0.000000	0.159965	0.008734	3.0
463	-0.083705	0.000000	0.159965	0.010078	3.2
464	-0.089281	0.000000	0.159965	0.008092	3.4
465	-0.087555	0.000000	0.159965	0.007950	3.7
466	-0.086663	0.000000	0.159965	0.007089	3.5
467	-0.084017	0.000000	0.159965	0.007864	3.4
468	-0.089000	0.000000	0.159965	0.010636	3.2
469	-0.088069	0.000000	0.159965	0.009563	3.0
470	-0.084090	0.000000	0.159965	0.008967	3.2
471	-0.089179	0.000000	0.159965	0.009272	3.7
472	-0.091518	0.000000	0.159965	0.010298	3.7
473	-0.089209	0.000000	0.159965	0.008803	3.6
474	-0.085258	0.000000	0.159965	0.010446	3.4
475	-0.086513	0.000000	0.159965	0.009634	3.7
476	-0.087203	0.000000	0.159965	0.008174	3.7
477	-0.084742	0.000000	0.159965	0.008371	3.4
478	-0.088779	0.000000	0.159965	0.010306	3.6
479	-0.089279	0.000000	0.159965	0.009573	3.8
480	-0.090120	0.000000	0.159965	0.008834	3.8
481	-0.079122	0.000000	0.159965	0.008274	3.6
482	-0.089240	0.000000	0.159965	0.010907	3.3
483	-0.090266	0.000000	0.159965	0.008632	3.0
484	-0.080405	0.000000	0.159965	0.008523	2.9
485	-0.084796	0.000000	0.159965	0.007748	3.0
486	-0.083970	0.000000	0.159965	0.007449	3.0
487	-0.085138	0.000000	0.159965	0.009778	3.0
488	-0.087318	0.000000	0.159965	0.011361	2.9
489	-0.085773	0.000000	0.159965	0.008794	3.0
490	-0.089374	0.000000	0.159965	0.011678	2.4
491	-0.089727	0.000000	0.159965	0.010378	2.9
492	-0.087392	0.000000	0.159965	0.010695	3.4
493	-0.082201	0.000000	0.159965	0.009489	3.5
494	-0.089141	0.000000	0.159965	0.007446	3.5
495	-0.088989	0.000000	0.159965	0.007634	3.4
496	-0.091174	0.000000	0.159965	0.009210	2.7
497	-0.090780	0.000000	0.159965	0.007463	3.4
498	-0.081541	0.000000	0.159965	0.007632	3.0
499	-0.091002	0.000000	0.159965	0.010138	2.9
500	-0.087635	0.000000	0.159965	0.009917	3.6
501	-0.090613	0.000000	0.159965	0.007690	3.3
502	-0.086602	0.000000	0.159965	0.008599	3.4
503	-0.083714	0.000000	0.159965	0.007566	3.5
504	-0.089396	0.000000	0.159965	0.008010	3.7
505	-0.083375	0.000000	0.159965	0.008851	2.8
506	-0.084860	0.000000	0.159965	0.008731	2.9
507	-0.090466	0.000000	0.159965	0.009409	2.9
508	-0.088837	0.000000	0.159965	0.006689	2.8
509	-0.082008	0.000000	0.159965	0.008551	2.9
510	-0.088539	0.000000	0.159965	0.008090	2.8
511	-0.087397	0.000000	0.159965	0.006625	2.9
512	-0.089443	0.000000	0.159965	0.010069	3.7
513	-0.088688	0.000000	0.159965	0.008770	3.4
514	-0.089335	0.000000	0.159965	0.007969	2.8
515	-0.089960	0.000000	0.159965	0.010603	3.0
516	-0.084795	0.000000	0.159965	0.007191	2.9
517	-0.089484	0.000000	0.159965	0.010257	2.9
518	-0.083247	0.000000	0.159965	0.008646	2.5
519	-0.090161	0.000000	0.159965	0.009789	2.5
520	-0.088162	0.000000	0.159965	0.009447	2.4
521	-0.090936	0.000000	0.159965	0.007543	2.4
522	-0.086773	0.000000	0.159965	0.007179	2.5
523	-0.091946	0.000000	0.159965	0.010809	4.1
524	-0.087892	0.000000	0.159965	0.009376	2.9
525	-0.092853	0.000000	0.159965	0.010087	2.9
526	-0.086989	0.000000	0.159965	0.008651	3.0
527	-0.090137	0.000000	0.159965	0.007628	3.3
528	-0.088507	0.000000	0.159965	0.010242	3.3
529	-0.083173	0.000000	0.159965	0.010001	3.0
530	-0.090808	0.000000	0.159965	0.012427	3.2
531	-0.095489	0.000000	0.159965	0.008350	3.2
532	-0.085644	0.000000	0.159965	0.008890	3.7
533	-0.086607	0.000000	0.159965	0.008546	3.5
534	-0.084232	0.000000	0.159965	0.009121	3.6
535	-0.089403	0.000000	0.159965	0.009057	3.7
536	-0.086489	0.000000	0.159965	0.009720	3.7
537	-0.086922	0.000000	0.159965	0.008881	3.7
538	-0.087637	0.000000	0.159965	0.009142	3.6
539	-0.090326	0.000000	0.159965	0.008161	3.6
540	-0.084655	0.000000	0.159965	0.007365	3.5
541	-0.090456	0.000000	0.159965	0.008764	3.5
542	-0.089121	0.000000	0.159965	0.009991	3.6
543	-0.086749	0.000000	0.159965	0.010105	3.5
544	-0.089146	0.000000	0.159965	0.010110	3.1
545	-0.087194	0.000000	0.159965	0.008097	3.2
546	-0.094342	0.000000	0.159965	0.009256	3.1
547	-0.080686	0.000000	0.159965	0.009989	3.4
548	-0.089457	0.000000	0.159965	0.009415	3.7
549	-0.089837	0.000000	0.159965	0.007926	3.5
550	-0.090028	0.000000	0.159965	0.008368	2.8
551	-0.085223	0.000000	0.159965	0.010645	3.5
552	-0.085354	0.000000	0.159965	0.008454	3.5
553	-0.086419	0.000000	0.159965	0.009237	3.6
554	-0.088118	0.000000	0.159965	0.010383	2.6
555	-0.086734	0.000000	0.159965	0.007040	4.5
556	-0.088083	0.000000	0.159965	0.010630	2.8
557	-0.093174	0.000000	0.159965	0.008794	2.7
558	-0.088853	0.000000	0.159965	0.010531	3.1
559	-0.087472	0.000000	0.159965	0.007095	3.0
560	-0.090266	0.000000	0.159965	0.011170	3.2
561	-0.090612	0.000000	0.159965	0.009056	3.1
562	-0.096526	0.000000	0.159965	0.008816	3.2
563	-0.090628	0.000000	0.159965	0.008231	3.8
564	-0.085961	0.000000	0.159965	0.009294	3.8
565	-0.085266	0.000000	0.159965	0.008060	3.7
566	-0.090884	0.000000	0.159965	0.009166	3.7
567	-0.083601	0.000000	0.159965	0.008330	3.0
568	-0.087726	0.000000	0.159965	0.010013	3.6
569	-0.090712	0.000000	0.159965	0.008842	3.7
570	-0.092334	0.000000	0.159965	0.008567	3.6
571	-0.090262	0.000000	0.159965	0.009036	3.3
572	-0.091901	0.000000	0.159965	0.009205	2.6
573	-0.088860	0.000000	0.159965	0.008206	2.7
574	-0.087473	0.000000	0.159965	0.010359	2.8
575	-0.085134	0.000000	0.159965	0.008958	2.7
576	-0.089460	0.000000	0.159965	0.010627	2.4
577	-0.092843	0.000000	0.159965	0.008125	2.7
578	-0.090068	0.000000	0.159965	0.008571	2.5
579	-0.085391	0.000000	0.159965	0.007498	2.5
580	-0.085676	0.000000	0.159965	0.008979	3.3
581	-0.087032	0.000000	0.159965	0.009276	3.1
582	-0.089843	0.000000	0.159965	0.007756	2.4
583	-0.088878	0.000000	0.159965	0.009135	2.9
584	-0.083835	0.000000	0.159965	0.007205	3.2
585	-0.088084	0.000000	0.159965	0.007977	2.9
586	-0.093811	0.000000	0.159965	0.009604	2.5
587	-0.087724	0.000000	0.159965	0.009462	3.2
588	-0.093879	0.000000	0.159965	0.010557	3.2
589	-0.093001	0.000000	0.159965	0.009304	2.7
590	-0.085532	0.000000	0.159965	0.010249	3.5
591	-0.090213	0.000000	0.159965	0.008602	3.3
592	-0.085513	0.000000	0.159965	0.008499	2.9
593	-0.092936	0.000000	0.159965	0.007622	3.0
594	-0.086967	0.000000	0.159965	0.010078	2.8
595	-0.089165	0.000000	0.159965	0.008303	3.4
596	-0.088240	0.000000	0.159965	0.009034	3.4
597	-0.085716	0.000000	0.159965	0.009731	3.4
598	-0.084294	0.000000	0.159965	0.008544	2.9
599	-0.088471	0.000000	0.159965	0.008289	3.1
600	-0.082136	0.000000	0.159965	0.007682	3.1
601	-0.088329	0.000000	0.159965	0.007679	3.1
602	-0.087572	0.000000	0.159965	0.009994	3.1
603	-0.087336	0.000000	0.159965	0.006769	3.2
604	-0.088432	0.000000	0.159965	0.006857	2.7
605	-0.086606	0.000000	0.159965	0.009795	3.0
606	-0.091200	0.000000	0.159965	0.010214	2.5
607	-0.088526	0.000000	0.159965	0.010839	2.6
608	-0.088194	0.000000	0.159965	0.009918	3.2
609	-0.097200	0.000000	0.159965	0.008267	3.1
610	-0.085741	0.000000	0.159965	0.008673	2.9
611	-0.092269	0.000000	0.159965	0.008840	2.9
612	-0.089543	0.000000	0.159965	0.008450	3.1
613	-0.089947	0.000000	0.159965	0.008904	3.4
614	-0.085539	0.000000	0.159965	0.008500	2.9
615	-0.086519	0.000000	0.159965	0.008962	3.5
616	-0.093366	0.000000	0.159965	0.009346	3.7
617	-0.088594	0.000000	0.159965	0.008711	3.7
618	-0.088167	0.000000	0.159965	0.008852	3.7
619	-0.088027	0.000000	0.159965	0.009535	3.4
620	-0.089380	0.000000	0.159965	0.008152	3.1
621	-0.085627	0.000000	0.159965	0.008119	3.4
622	-0.094146	0.000000	0.159965	0.008609	3.7
623	-0.090918	0.000000	0.159965	0.008982	3.5
624	-0.091082	0.000000	0.159965	0.007352	3.2
625	-0.092917	0.000000	0.159965	0.010906	3.2
626	-0.093047	0.000000	0.159965	0.007998	3.2
627	-0.091863	0.000000	0.159965	0.009315	3.2
628	-0.091730	0.000000	0.159965	0.009796	3.5
629	-0.092101	0.000000	0.159965	0.007988	2.5
630	-0.090937	0.000000	0.159965	0.008080	2.7
631	-0.090025	0.000000	0.159965	0.007800	3.9
632	-0.091682	0.000000	0.159965	0.008897	3.5
633	-0.090753	0.000000	0.159965	0.009040	3.1
634	-0.090920	0.000000	0.159965	0.009449	3.2
635	-0.087696	0.000000	0.159965	0.007038	3.5
636	-0.087827	0.000000	0.159965	0.009319	3.5
637	-0.091310	0.000000	0.159965	0.008385	3.6
638	-0.092193	0.000000	0.159965	0.008104	3.2
639	-0.090611	0.000000	0.159965	0.009168	3.7
640	-0.083000	0.000000	0.159965	0.007915	3.4
641	-0.088087	0.000000	0.159965	0.009344	3.3
642	-0.088976	0.000000	0.159965	0.011072	3.8
643	-0.099190	0.000000	0.159965	0.009167	3.6
644	-0.090903	0.000000	0.159965	0.009870	3.2
645	-0.090354	0.000000	0.159965	0.010061	3.2
646	-0.085671	0.000000	0.159965	0.007851	3.1
647	-0.088784	0.000000	0.159965	0.009612	2.4
648	-0.093120	0.000000	0.159965	0.009462	2.5
649	-0.087945	0.000000	0.159965	0.010476	3.0
650	-0.086649	0.000000	0.159965	0.009147	3.4
651	-0.087101	0.000000	0.159965	0.008358	2.9
652	-0.089600	0.000000	0.159965	0.009941	3.1
653	-0.084295	0.000000	0.159965	0.008782	3.0
654	-0.088430	0.000000	0.159965	0.008231	3.1
655	-0.086884	0.000000	0.159965	0.010090	3.6
656	-0.090948	0.000000	0.159965	0.010049	3.6
657	-0.088190	0.000000	0.159965	0.008870	3.5
658	-0.089743	0.000000	0.159965	0.010710	3.5
659	-0.095519	0.000000	0.159965	0.008239	3.2
660	-0.087928	0.000000	0.159965	0.007588	3.7
661	-0.090793	0.000000	0.159965	0.009810	3.6
662	-0.097765	0.000000	0.159965	0.009035	3.8
663	-0.094721	0.000000	0.159965	0.011340	3.7
664	-0.088061	0.000000	0.159965	0.006781	3.5
665	-0.090836	0.000000	0.159965	0.009362	3.5
666	-0.091887	0.000000	0.159965	0.010035	3.2
667	-0.088958	0.000000	0.159965	0.007371	3.1
668	-0.091273	0.000000	0.159965	0.010473	2.9
669	-0.090343	0.000000	0.159965	0.007769	3.6
670	-0.095509	0.000000	0.159965	0.009877	3.6
671	-0.090147	0.000000	0.159965	0.008153	2.8
672	-0.081171	0.000000	0.159965	0.006048	3.8
673	-0.092297	0.000000	0.159965	0.009704	3.9
674	-0.090788	0.000000	0.159965	0.007699	3.3
675	-0.089670	0.000000	0.159965	0.007334	3.1
676	-0.086220	0.000000	0.159965	0.008704	3.2
677	-0.092155	0.000000	0.159965	0.011550	3.6
678	-0.088712	0.000000	0.159965	0.008594	3.4
679	-0.086615	0.000000	0.159965	0.006827	3.3
680	-0.086667	0.000000	0.159965	0.008669	3.2
681	-0.085047	0.000000	0.159965	0.008834	3.2
682	-0.089637	0.000000	0.159965	0.009258	4.1
683	-0.093851	0.000000	0.159965	0.011209	3.4
684	-0.088495	0.000000	0.159965	0.010035	3.9
685	-0.089659	0.000000	0.159965	0.007390	3.8
686	-0.090860	0.000000	0.159965	0.007645	3.9
687	-0.093872	0.000000	0.159965	0.010318	4.1
688	-0.090133	0.000000	0.159965	0.010215	4.2
689	-0.088416	0.000000	0.159965	0.010647	3.3
690	-0.093914	0.000000	0.159965	0.008512	3.5
691	-0.094708	0.000000	0.159965	0.008014	3.9
692	-0.088125	0.000000	0.159965	0.009010	2.8
693	-0.089761	0.000000	0.159965	0.008098	3.1
694	-0.086726	0.000000	0.159965	0.007516	3.0
695	-0.089819	0.000000	0.159965	0.008928	3.2
696	-0.086631	0.000000	0.159965	0.009695	2.6
697	-0.091464	0.000000	0.159965	0.011408	3.4
698	-0.087584	0.000000	0.159965	0.009236	3.0
699	-0.089467	0.000000	0.159965	0.009645	3.1
700	-0.091080	0.000000	0.159965	0.008669	3.1
701	-0.091794	0.000000	0.159965	0.008855	3.5
702	-0.091323	0.000000	0.159965	0.010630	3.2
703	-0.086723	0.000000	0.159965	0.008002	3.9
704	-0.087750	0.000000	0.159965	0.008712	3.9
705	-0.092000	0.000000	0.159965	0.008539	3.5
706	-0.091585	0.000000	0.159965	0.009806	3.6
707	-0.090201	0.000000	0.159965	0.008562	3.4
708	-0.088349	0.000000	0.159965	0.007475	4.0
709	-0.087534	0.000000	0.159965	0.007432	3.5
710	-0.088002	0.000000	0.159965	0.008994	3.4
711	-0.090179	0.000000	0.159965	0.008069	3.8
712	-0.089781	0.000000	0.159965	0.011106	3.7
713	-0.088517	0.000000	0.159965	0.006250	3.4
714	-0.089432	0.000000	0.159965	0.010008	3.4
715	-0.091531	0.000000	0.159965	0.009660	3.1
716	-0.088205	0.000000	0.159965	0.010531	3.1
717	-0.094692	0.000000	0.159965	0.009461	3.0
718	-0.089305	0.000000	0.159965	0.009606	3.1
719	-0.090595	0.000000	0.159965	0.009638	2.5
720	-0.090539	0.000000	0.159965	0.009508	3.1
721	-0.093715	0.000000	0.159965	0.008679	3.2
722	-0.088053	0.000000	0.159965	0.007164	3.3
723	-0.088221	0.000000	0.159965	0.008011	3.2
724	-0.093843	0.000000	0.159965	0.010364	3.4
725	-0.091759	0.000000	0.159965	0.009369	3.2
726	-0.086712	0.000000	0.159965	0.009806	3.4
727	-0.088434	0.000000	0.159965	0.010883	3.2
728	-0.088717	0.000000	0.159965	0.008905	3.3
729	-0.086437	0.000000	0.159965	0.008404	3.1
730	-0.090072	0.000000	0.159965	0.007895	2.9
731	-0.091729	0.000000	0.159965	0.008897	3.3
732	-0.083677	0.000000	0.159965	0.008472	2.9
733	-0.091832	0.000000	0.159965	0.010337	3.3
734	-0.092792	0.000000	0.159965	0.008399	4.1
735	-0.093825	0.000000	0.159965	0.006844	3.7
736	-0.085716	0.000000	0.159965	0.008105	3.7
737	-0.087657	0.000000	0.159965	0.010907	3.7
738	-0.089744	0.000000	0.159965	0.007109	3.1
739	-0.084824	0.000000	0.159965	0.010328	3.0
740	-0.093999	0.000000	0.159965	0.007561	3.4
741	-0.088953	0.000000	0.159965	0.008515	3.6
742	-0.090456	0.000000	0.159965	0.008907	3.3
743	-0.093783	0.000000	0.159965	0.008881	2.6
744	-0.086810	0.000000	0.159965	0.010161	3.3
745	-0.092893	0.000000	0.159965	0.009177	3.0
746	-0.091206	0.000000	0.159965	0.009797	2.8
747	-0.093483	0.000000	0.159965	0.009358	3.0
748	-0.092430	0.000000	0.159965	0.008988	3.2
749	-0.098736	0.000000	0.159965	0.009881	3.2
750	-0.091758	0.000000	0.159965	0.008615	3.2
751	-0.095585	0.000000	0.159965	0.011130	2.9
752	-0.093618	0.000000	0.159965	0.007911	2.9
753	-0.090106	0.000000	0.159965	0.008727	3.0
754	-0.091598	0.000000	0.159965	0.012320	2.6
755	-0.087775	0.000000	0.159965	0.009897	3.0
756	-0.092720	0.000000	0.159965	0.007031	2.4
757	-0.091071	0.000000	0.159965	0.008392	3.9
758	-0.091419	0.000000	0.159965	0.009047	3.1
759	-0.091966	0.000000	0.159965	0.009855	2.7
760	-0.086412	0.000000	0.159965	0.010083	2.7
761	-0.090216	0.000000	0.159965	0.008626	2.5
762	-0.091468	0.000000	0.159965	0.010122	2.8
763	-0.084011	0.000000	0.159965	0.009337	3.3
764	-0.089945	0.000000	0.159965	0.007860	2.6
765	-0.090669	0.000000	0.159965	0.008801	2.9
766	-0.089018	0.000000	0.159965	0.008702	2.8
767	-0.091533	0.000000	0.159965	0.007270	3.3
768	-0.093776	0.000000	0.159965	0.010330	3.0
769	-0.085495	0.000000	0.159965	0.006789	3.1
770	-0.094458	0.000000	0.159965	0.010447	2.7
771	-0.090613	0.000000	0.159965	0.009491	2.8
772	-0.086198	0.000000	0.159965	0.007551	3.1
773	-0.092780	0.000000	0.159965	0.010670	3.1
774	-0.088372	0.000000	0.159965	0.008125	2.8
775	-0.096797	0.000000	0.159965	0.008797	2.8
776	-0.093889	0.000000	0.159965	0.008291	3.0
777	-0.088359	0.000000	0.159965	0.009639	3.1
778	-0.090175	0.000000	0.159965	0.007936	3.1
779	-0.097124	0.000000	0.159965	0.008408	3.1
780	-0.095715	0.000000	0.159965	0.011315	3.2
781	-0.091256	0.000000	0.159965	0.010359	2.9
782	-0.087423	0.000000	0.159965	0.009762	2.4
783	-0.092009	0.000000	0.159965	0.007893	2.5
784	-0.090158	0.000000	0.159965	0.008923	3.0
785	-0.094174	0.000000	0.159965	0.010884	2.6
786	-0.093228	0.000000	0.159965	0.007223	2.6
787	-0.090081	0.000000	0.159965	0.007889	2.8
788	-0.088699	0.000000	0.159965	0.009140	3.3
789	-0.087710	0.000000	0.159965	0.009433	2.8
790	-0.096616	0.000000	0.159965	0.010992	2.8
791	-0.088741	0.000000	0.159965	0.009003	2.8
792	-0.092657	0.000000	0.159965	0.010336	2.9
793	-0.087613	0.000000	0.159965	0.010013	2.8
794	-0.091194	0.000000	0.159965	0.007522	2.7
795	-0.085274	0.000000	0.159965	0.008655	2.9
796	-0.094382	0.000000	0.159965	0.007015	3.3
797	-0.089667	0.000000	0.159965	0.007854	3.2
798	-0.097185	0.000000	0.159965	0.007611	3.0
799	-0.087749	0.000000	0.159965	0.009304	3.0
800	-0.088716	0.000000	0.159965	0.007937	3.4
801	-0.090923	0.000000	0.159965	0.010635	3.6
802	-0.089736	0.000000	0.159965	0.007635	3.3
803	-0.090593	0.000000	0.159965	0.009475	3.8
804	-0.087951	0.000000	0.159965	0.009992	3.7
805	-0.089327	0.000000	0.159965	0.009131	3.7
806	-0.086423	0.000000	0.159965	0.009794	3.5
807	-0.094696	0.000000	0.159965	0.008928	3.5
808	-0.091655	0.000000	0.159965	0.010408	2.6
809	-0.092942	0.000000	0.159965	0.008091	3.0
810	-0.088784	0.000000	0.159965	0.009919	3.7
811	-0.090868	0.000000	0.159965	0.011997	3.9
812	-0.092248	0.000000	0.159965	0.008472	3.5
813	-0.091793	0.000000	0.159965	0.009061	3.5
814	-0.091089	0.000000	0.159965	0.009047	3.8
815	-0.095589	0.000000	0.159965	0.010302	3.8
816	-0.091766	0.000000	0.159965	0.010934	3.2
817	-0.094123	0.000000	0.159965	0.008380	3.3
818	-0.093717	0.000000	0.159965	0.008392	3.7
819	-0.096603	0.000000	0.159965	0.009773	3.6
820	-0.094949	0.000000	0.159965	0.009813	3.9
821	-0.091613	0.000000	0.159965	0.009865	3.1
822	-0.093914	0.000000	0.159965	0.008360	3.1
823	-0.094992	0.000000	0.159965	0.011044	2.8
824	-0.092009	0.000000	0.159965	0.008020	3.3
825	-0.090835	0.000000	0.159965	0.008372	3.5
826	-0.093212	0.000000	0.159965	0.006865	3.3
827	-0.093099	0.000000	0.159965	0.008275	3.6
828	-0.087842	0.000000	0.159965	0.008544	3.7
829	-0.095374	0.000000	0.159965	0.008583	3.6
830	-0.088393	0.000000	0.159965	0.010139	3.4
831	-0.090212	0.000000	0.159965	0.011345	3.4
832	-0.088086	0.000000	0.159965	0.008328	3.9
833	-0.092024	0.000000	0.159965	0.008617	3.7
834	-0.090994	0.000000	0.159965	0.008931	3.7
835	-0.092519	0.000000	0.159965	0.010289	3.5
836	-0.093406	0.000000	0.159965	0.009255	4.0
837	-0.087055	0.000000	0.159965	0.008053	3.9
838	-0.084519	0.000000	0.159965	0.008510	3.8
839	-0.096570	0.000000	0.159965	0.008073	3.5
840	-0.095371	0.000000	0.159965	0.008367	3.4
841	-0.091576	0.000000	0.159965	0.010318	3.5
842	-0.090276	0.000000	0.159965	0.007344	3.0
843	-0.091944	0.000000	0.159965	0.008326	3.5
844	-0.092880	0.000000	0.159965	0.009463	3.3
845	-0.084362	0.000000	0.159965	0.006831	3.2
846	-0.095476	0.000000	0.159965	0.010221	3.1
847	-0.092549	0.000000	0.159965	0.011055	3.5
848	-0.093314	0.000000	0.159965	0.008855	3.2
849	-0.086370	0.000000	0.159965	0.007884	3.3
850	-0.092830	0.000000	0.159965	0.008011	3.5
851	-0.090876	0.000000	0.159965	0.007744	3.2
852	-0.089192	0.000000	0.159965	0.007150	3.2
853	-0.090349	0.000000	0.159965	0.009037	3.2
854	-0.094556	0.000000	0.159965	0.009771	3.1
855	-0.092048	0.000000	0.159965	0.010160	3.3
856	-0.095626	0.000000	0.159965	0.007749	3.4
857	-0.090827	0.000000	0.159965	0.007040	3.5
858	-0.095431	0.000000	0.159965	0.007760	3.5
859	-0.086658	0.000000	0.159965	0.010044	3.1
860	-0.090357	0.000000	0.159965	0.008336	3.2
861	-0.093387	0.000000	0.159965	0.006612	2.9
862	-0.099345	0.000000	0.159965	0.010698	3.7
863	-0.088558	0.000000	0.159965	0.008158	3.9
864	-0.097127	0.000000	0.159965	0.007812	3.8
865	-0.090856	0.000000	0.159965	0.009723	3.4
866	-0.100983	0.000000	0.159965	0.011110	2.7
867	-0.090856	0.000000	0.159965	0.010429	3.1
868	-0.092532	0.000000	0.159965	0.009713	3.1
869	-0.088620	0.000000	0.159965	0.008827	3.0
870	-0.091205	0.000000	0.159965	0.007666	2.9
871	-0.097226	0.000000	0.159965	0.007695	2.8
872	-0.087484	0.000000	0.159965	0.008570	2.6
873	-0.091767	0.000000	0.159965	0.007836	2.9
874	-0.098424	0.000000	0.159965	0.009465	2.6
875	-0.090276	0.000000	0.159965	0.010770	2.3
876	-0.093272	0.000000	0.159965	0.007050	2.3
877	-0.091727	0.000000	0.159965	0.010405	2.6
878	-0.089729	0.000000	0.159965	0.009157	2.6
879	-0.093679	0.000000	0.159965	0.008180	2.7
880	-0.088299	0.000000	0.159965	0.010342	2.4
881	-0.089500	0.000000	0.159965	0.010341	2.5
882	-0.095822	0.000000	0.159965	0.007686	2.3
883	-0.092627	0.000000	0.159965	0.008726	2.4
884	-0.089777	0.000000	0.159965	0.008753	2.4
885	-0.090937	0.000000	0.159965	0.009265	2.5
886	-0.090369	0.000000	0.159965	0.009238	2.8
887	-0.095022	0.000000	0.159965	0.008549	2.3
888	-0.094937	0.000000	0.159965	0.008869	2.4
889	-0.088104	0.000000	0.159965	0.005726	2.4
890	-0.091854	0.000000	0.159965	0.009781	2.6
891	-0.093816	0.000000	0.159965	0.010523	2.5
892	-0.090838	0.000000	0.159965	0.008458	2.4
893	-0.091528	0.000000	0.159965	0.008422	2.4
894	-0.089288	0.000000	0.159965	0.009232	2.3
895	-0.092261	0.000000	0.159965	0.008810	2.3
896	-0.090478	0.000000	0.159965	0.008096	2.4
897	-0.092464	0.000000	0.159965	0.008431	2.4
898	-0.091718	0.000000	0.159965	0.009349	2.1
899	-0.094056	0.000000	0.159965	0.008660	2.5
900	-0.088223	0.000000	0.159965	0.008691	2.4
901	-0.087529	0.000000	0.159965	0.006120	2.4
902	-0.091005	0.000000	0.159965	0.009612	2.6
903	-0.093358	0.000000	0.159965	0.010274	2.9
904	-0.087756	0.000000	0.159965	0.009118	2.5
905	-0.088349	0.000000	0.159965	0.009795	2.5
906	-0.097630	0.000000	0.159965	0.008890	3.1
907	-0.090279	0.000000	0.159965	0.008242	2.7
908	-0.096427	0.000000	0.159965	0.006408	2.8
909	-0.095794	0.000000	0.159965	0.010325	2.8
910	-0.090170	0.000000	0.159965	0.009069	2.7
911	-0.088818	0.000000	0.159965	0.008451	3.2
912	-0.092713	0.000000	0.159965	0.007409	3.1
913	-0.090933	0.000000	0.159965	0.009509	3.5
914	-0.091770	0.000000	0.159965	0.007993	2.6
915	-0.099087	0.000000	0.159965	0.008717	2.9
916	-0.097096	0.000000	0.159965	0.011649	2.6
917	-0.095085	0.000000	0.159965	0.009894	2.6
918	-0.088167	0.000000	0.159965	0.008516	2.7
919	-0.093343	0.000000	0.159965	0.007327	3.0
920	-0.089277	0.000000	0.159965	0.007248	3.1
921	-0.091820	0.000000	0.159965	0.007543	2.9
922	-0.093549	0.000000	0.159965	0.009538	2.5
923	-0.090945	0.000000	0.159965	0.009102	2.9
924	-0.090918	0.000000	0.159965	0.008774	2.7
925	-0.092520	0.000000	0.159965	0.008999	2.3
926	-0.095304	0.000000	0.159965	0.008261	3.0
927	-0.090422	0.000000	0.159965	0.007252	2.7
928	-0.094428	0.000000	0.159965	0.011726	3.3
929	-0.092236	0.000000	0.159965	0.009472	2.7
930	-0.097412	0.000000	0.159965	0.008939	3.0
931	-0.093186	0.000000	0.159965	0.009809	2.9
932	-0.087213	0.000000	0.159965	0.007961	3.2
933	-0.099689	0.000000	0.159965	0.010027	3.0
934	-0.096571	0.000000	0.159965	0.007531	2.8
935	-0.100128	0.000000	0.159965	0.008938	3.1
936	-0.097272	0.000000	0.159965	0.010170	3.0
937	-0.090723	0.000000	0.159965	0.010470	3.3
938	-0.095006	0.000000	0.159965	0.007891	2.9
939	-0.084751	0.000000	0.159965	0.010933	2.8
940	-0.095976	0.000000	0.159965	0.011182	2.9
941	-0.095321	0.000000	0.159965	0.010075	3.1
942	-0.093033	0.000000	0.159965	0.011516	3.2
943	-0.091907	0.000000	0.159965	0.008330	2.9
944	-0.093705	0.000000	0.159965	0.009470	2.7
945	-0.095134	0.000000	0.159965	0.009188	2.9
946	-0.094061	0.000000	0.159965	0.007340	3.1
947	-0.092759	0.000000	0.159965	0.007841	2.4
948	-0.093436	0.000000	0.159965	0.009572	4.0
949	-0.093477	0.000000	0.159965	0.009096	3.1
950	-0.090748	0.000000	0.159965	0.008568	2.7
951	-0.094731	0.000000	0.159965	0.010021	2.9
952	-0.085947	0.000000	0.159965	0.010384	2.7
953	-0.084442	0.000000	0.159965	0.007556	2.4
954	-0.091725	0.000000	0.159965	0.010470	2.9
955	-0.100969	0.000000	0.159965	0.009951	3.0
956	-0.092140	0.000000	0.159965	0.010507	3.1
957	-0.086815	0.000000	0.159965	0.010158	3.5
958	-0.090321	0.000000	0.159965	0.009158	3.1
959	-0.101109	0.000000	0.159965	0.008617	3.6
960	-0.090161	0.000000	0.159965	0.008085	3.6
961	-0.095211	0.000000	0.159965	0.009440	2.5
962	-0.093046	0.000000	0.159965	0.009408	2.6
963	-0.090300	0.000000	0.159965	0.011524	3.5
964	-0.088508	0.000000	0.159965	0.006878	3.3
965	-0.094040	0.000000	0.159965	0.009036	3.4
966	-0.095646	0.000000	0.159965	0.009662	3.2
967	-0.091946	0.000000	0.159965	0.007832	3.7
968	-0.090330	0.000000	0.159965	0.008108	3.5
969	-0.090265	0.000000	0.159965	0.009460	3.6
970	-0.091094	0.000000	0.159965	0.009374	3.2
971	-0.094451	0.000000	0.159965	0.007640	3.2
972	-0.092437	0.000000	0.159965	0.008679	2.3
973	-0.091095	0.000000	0.159965	0.006696	2.3
974	-0.085812	0.000000	0.159965	0.009612	2.6
975	-0.093687	0.000000	0.159965	0.009002	2.5
976	-0.093761	0.000000	0.159965	0.009918	2.9
977	-0.095631	0.000000	0.159965	0.010137	2.9
978	-0.095644	0.000000	0.159965	0.009618	2.8
979	-0.095720	0.000000	0.159965	0.010648	3.0
980	-0.093189	0.000000	0.159965	0.007840	2.9
981	-0.089285	0.000000	0.159965	0.008150	2.9
982	-0.093649	0.000000	0.159965	0.010263	2.9
983	-0.096658	0.000000	0.159965	0.009875	2.9
984	-0.093550	0.000000	0.159965	0.007898	2.9
985	-0.092755	0.000000	0.159965	0.009232	2.8
986	-0.092821	0.000000	0.159965	0.008171	3.1
987	-0.090337	0.000000	0.159965	0.010289	2.5
988	-0.095993	0.000000	0.159965	0.008979	2.6
989	-0.091540	0.000000	0.159965	0.008996	2.8
990	-0.092154	0.000000	0.159965	0.008810	2.6
991	-0.093628	0.000000	0.159965	0.009462	2.6
992	-0.087507	0.000000	0.159965	0.009800	2.5
993	-0.097019	0.000000	0.159965	0.009871	2.6
994	-0.087610	0.000000	0.159965	0.007915	3.0
995	-0.093289	0.000000	0.159965	0.009529	2.6
996	-0.091531	0.000000	0.159965	0.009227	3.1
997	-0.098012	0.000000	0.159965	0.008092	2.8
998	-0.093368	0.000000	0.159965	0.009247	2.5
999	-0.092076	0.000000	0.159965	0.009614	3.0
