1:ItNr	2:Metric	3a:Time	3b:StepSize	4:||Gradient||	Time[ms]
0	-0.076789	0.000000	0.159965	0.004193	9.9
1	-0.072472	0.000000	0.159965	0.005249	3.3
2	-0.079731	0.000000	0.159965	0.006534	3.2
3	-0.075246	0.000000	0.159965	0.008194	3.1
4	-0.078548	0.000000	0.159965	0.009273	3.3
5	-0.082753	0.000000	0.159965	0.008520	2.8
6	-0.081283	0.000000	0.159965	0.008494	2.5
7	-0.073751	0.000000	0.159965	0.009153	2.5
8	-0.076783	0.000000	0.159965	0.007117	2.5
9	-0.073580	0.000000	0.159965	0.008640	3.5
10	-0.074623	0.000000	0.159965	0.008365	2.7
11	-0.079284	0.000000	0.159965	0.006185	3.6
12	-0.074569	0.000000	0.159965	0.010023	3.8
13	-0.073500	0.000000	0.159965	0.007190	3.2
14	-0.075752	0.000000	0.159965	0.005121	3.6
15	-0.076523	0.000000	0.159965	0.007631	3.6
16	-0.083374	0.000000	0.159965	0.007264	3.0
17	-0.078669	0.000000	0.159965	0.009504	2.7
18	-0.082360	0.000000	0.159965	0.005623	2.6
19	-0.073935	0.000000	0.159965	0.007537	3.0
20	-0.075586	0.000000	0.159965	0.006610	3.0
21	-0.080392	0.000000	0.159965	0.005831	3.8
22	-0.073261	0.000000	0.159965	0.006937	3.2
23	-0.074049	0.000000	0.159965	0.006124	2.9
24	-0.073228	0.000000	0.159965	0.004150	3.0
25	-0.088743	0.000000	0.159965	0.008548	3.1
26	-0.077011	0.000000	0.159965	0.006770	3.5
27	-0.080552	0.000000	0.159965	0.007629	2.8
28	-0.075609	0.000000	0.159965	0.008701	2.3
29	-0.078127	0.000000	0.159965	0.006495	2.6
30	-0.078303	0.000000	0.159965	0.005263	3.1
31	-0.076183	0.000000	0.159965	0.007072	2.4
32	-0.076509	0.000000	0.159965	0.005580	3.7
33	-0.076911	0.000000	0.159965	0.006073	2.8
34	-0.077771	0.000000	0.159965	0.006808	2.6
35	-0.076030	0.000000	0.159965	0.005451	2.6
36	-0.077542	0.000000	0.159965	0.008842	3.4
37	-0.080471	0.000000	0.159965	0.006535	3.6
38	-0.077128	0.000000	0.159965	0.006624	3.7
39	-0.073566	0.000000	0.159965	0.005989	3.1
40	-0.076778	0.000000	0.159965	0.007578	3.1
41	-0.074751	0.000000	0.159965	0.005621	2.3
42	-0.078387	0.000000	0.159965	0.008575	3.4
43	-0.075198	0.000000	0.159965	0.003691	2.7
44	-0.081416	0.000000	0.159965	0.007126	2.5
45	-0.074191	0.000000	0.159965	0.005362	3.2
46	-0.077694	0.000000	0.159965	0.009724	3.9
47	-0.075942	0.000000	0.159965	0.006889	2.4
48	-0.077281	0.000000	0.159965	0.007614	3.7
49	-0.078599	0.000000	0.159965	0.006381	4.1
50	-0.078727	0.000000	0.159965	0.009828	2.6
51	-0.077165	0.000000	0.159965	0.005067	4.0
52	-0.071314	0.000000	0.159965	0.006898	2.3
53	-0.079645	0.000000	0.159965	0.006723	2.4
54	-0.078237	0.000000	0.159965	0.006652	2.5
55	-0.076531	0.000000	0.159965	0.006459	2.7
56	-0.081041	0.000000	0.159965	0.005623	2.7
57	-0.080658	0.000000	0.159965	0.006261	3.1
58	-0.076232	0.000000	0.159965	0.007927	2.9
59	-0.076394	0.000000	0.159965	0.008881	2.9
60	-0.078961	0.000000	0.159965	0.006901	4.6
61	-0.076644	0.000000	0.159965	0.007955	2.9
62	-0.081126	0.000000	0.159965	0.009133	2.8
63	-0.068368	0.000000	0.159965	0.007004	2.5
64	-0.074851	0.000000	0.159965	0.009339	3.4
65	-0.077739	0.000000	0.159965	0.005766	3.2
66	-0.081123	0.000000	0.159965	0.005107	2.9
67	-0.074684	0.000000	0.159965	0.007412	2.5
68	-0.073117	0.000000	0.159965	0.006746	3.1
69	-0.076300	0.000000	0.159965	0.007500	2.3
70	-0.076513	0.000000	0.159965	0.005822	3.7
71	-0.075504	0.000000	0.159965	0.006075	3.2
72	-0.081015	0.000000	0.159965	0.005040	2.6
73	-0.078067	0.000000	0.159965	0.005394	3.5
74	-0.080852	0.000000	0.159965	0.007680	2.4
75	-0.075710	0.000000	0.159965	0.005415	2.8
76	-0.081859	0.000000	0.159965	0.007571	2.3
77	-0.079444	0.000000	0.159965	0.006110	2.4
78	-0.080325	0.000000	0.159965	0.006036	2.3
79	-0.078045	0.000000	0.159965	0.007116	2.3
80	-0.077074	0.000000	0.159965	0.009304	2.3
81	-0.077959	0.000000	0.159965	0.005663	3.1
82	-0.077505	0.000000	0.159965	0.008508	3.7
83	-0.079944	0.000000	0.159965	0.005088	2.7
84	-0.076788	0.000000	0.159965	0.005608	2.4
85	-0.079800	0.000000	0.159965	0.008117	2.6
86	-0.079121	0.000000	0.159965	0.006953	2.5
87	-0.080346	0.000000	0.159965	0.010269	2.2
88	-0.080919	0.000000	0.159965	0.004531	2.6
89	-0.080709	0.000000	0.159965	0.009301	3.4
90	-0.078269	0.000000	0.159965	0.006102	2.5
91	-0.073806	0.000000	0.159965	0.004738	2.5
92	-0.077727	0.000000	0.159965	0.008493	4.3
93	-0.081533	0.000000	0.159965	0.004136	4.0
94	-0.085404	0.000000	0.159965	0.007029	3.6
95	-0.075433	0.000000	0.159965	0.003891	2.5
96	-0.076036	0.000000	0.159965	0.007246	2.7
97	-0.080263	0.000000	0.159965	0.008574	2.6
98	-0.078189	0.000000	0.159965	0.004805	4.2
99	-0.074374	0.000000	0.159965	0.005240	2.9
100	-0.075687	0.000000	0.159965	0.006767	2.2
101	-0.071778	0.000000	0.159965	0.007063	2.7
102	-0.081018	0.000000	0.159965	0.006564	2.7
103	-0.079705	0.000000	0.159965	0.010844	4.1
104	-0.075691	0.000000	0.159965	0.009632	4.0
105	-0.076861	0.000000	0.159965	0.008351	3.2
106	-0.078084	0.000000	0.159965	0.007509	2.5
107	-0.073001	0.000000	0.159965	0.008079	3.2
108	-0.072484	0.000000	0.159965	0.005024	3.6
109	-0.083235	0.000000	0.159965	0.009188	3.3
110	-0.075365	0.000000	0.159965	0.007477	2.4
111	-0.080604	0.000000	0.159965	0.008628	2.9
112	-0.074701	0.000000	0.159965	0.006358	6.2
113	-0.075893	0.000000	0.159965	0.008792	2.6
114	-0.078015	0.000000	0.159965	0.006986	2.5
115	-0.081858	0.000000	0.159965	0.006325	2.2
116	-0.075490	0.000000	0.159965	0.006426	2.2
117	-0.078100	0.000000	0.159965	0.009211	2.2
118	-0.074734	0.000000	0.159965	0.007835	2.1
119	-0.075212	0.000000	0.159965	0.008488	2.3
120	-0.075054	0.000000	0.159965	0.008769	3.3
121	-0.076629	0.000000	0.159965	0.006928	3.0
122	-0.080253	0.000000	0.159965	0.007270	2.2
123	-0.081992	0.000000	0.159965	0.009246	2.3
124	-0.076666	0.000000	0.159965	0.008609	2.2
125	-0.082999	0.000000	0.159965	0.006864	2.5
126	-0.076530	0.000000	0.159965	0.006881	2.2
127	-0.075543	0.000000	0.159965	0.009829	2.1
128	-0.076196	0.000000	0.159965	0.004689	2.2
129	-0.072638	0.000000	0.159965	0.007489	2.2
130	-0.076856	0.000000	0.159965	0.007253	2.1
131	-0.072946	0.000000	0.159965	0.009186	2.2
132	-0.076162	0.000000	0.159965	0.006223	2.2
133	-0.079649	0.000000	0.159965	0.009196	2.2
134	-0.070753	0.000000	0.159965	0.009964	2.2
135	-0.078450	0.000000	0.159965	0.008558	2.2
136	-0.084797	0.000000	0.159965	0.006612	2.2
137	-0.077166	0.000000	0.159965	0.006923	2.3
138	-0.083117	0.000000	0.159965	0.007273	2.2
139	-0.078826	0.000000	0.159965	0.005736	2.4
140	-0.080814	0.000000	0.159965	0.006273	2.2
141	-0.074816	0.000000	0.159965	0.007331	2.1
142	-0.074544	0.000000	0.159965	0.008440	2.5
143	-0.075260	0.000000	0.159965	0.004025	2.1
144	-0.075366	0.000000	0.159965	0.008466	2.1
145	-0.080681	0.000000	0.159965	0.003743	2.2
146	-0.079397	0.000000	0.159965	0.007709	2.0
147	-0.082861	0.000000	0.159965	0.006334	2.1
148	-0.075356	0.000000	0.159965	0.005685	2.2
149	-0.088427	0.000000	0.159965	0.007772	2.4
150	-0.086166	0.000000	0.159965	0.007102	2.4
151	-0.077944	0.000000	0.159965	0.006511	2.2
152	-0.076288	0.000000	0.159965	0.007156	2.2
153	-0.074401	0.000000	0.159965	0.005109	2.2
154	-0.074187	0.000000	0.159965	0.009184	2.2
155	-0.075314	0.000000	0.159965	0.008954	2.4
156	-0.070617	0.000000	0.159965	0.005119	2.1
157	-0.078972	0.000000	0.159965	0.007918	2.3
158	-0.081114	0.000000	0.159965	0.004996	2.2
159	-0.077079	0.000000	0.159965	0.006805	2.5
160	-0.079407	0.000000	0.159965	0.006509	2.5
161	-0.075022	0.000000	0.159965	0.006668	2.4
162	-0.078858	0.000000	0.159965	0.009542	2.4
163	-0.081079	0.000000	0.159965	0.007950	3.3
164	-0.079589	0.000000	0.159965	0.006110	2.4
165	-0.082565	0.000000	0.159965	0.007992	3.5
166	-0.075329	0.000000	0.159965	0.004043	3.4
167	-0.076517	0.000000	0.159965	0.005467	3.2
168	-0.081835	0.000000	0.159965	0.004586	3.1
169	-0.077617	0.000000	0.159965	0.007616	2.5
170	-0.079643	0.000000	0.159965	0.006910	2.8
171	-0.079391	0.000000	0.159965	0.008227	2.6
172	-0.076573	0.000000	0.159965	0.008386	2.7
173	-0.080154	0.000000	0.159965	0.008026	2.7
174	-0.076110	0.000000	0.159965	0.005729	2.6
175	-0.083108	0.000000	0.159965	0.007172	2.6
176	-0.079979	0.000000	0.159965	0.007559	2.2
177	-0.076102	0.000000	0.159965	0.009838	2.1
178	-0.082005	0.000000	0.159965	0.008456	2.1
179	-0.072012	0.000000	0.159965	0.004269	2.3
180	-0.073598	0.000000	0.159965	0.005532	2.1
181	-0.079071	0.000000	0.159965	0.007438	2.1
182	-0.081557	0.000000	0.159965	0.008861	2.1
183	-0.081768	0.000000	0.159965	0.007290	2.0
184	-0.080466	0.000000	0.159965	0.007982	2.2
185	-0.072773	0.000000	0.159965	0.004284	3.3
186	-0.079408	0.000000	0.159965	0.005146	3.2
187	-0.077421	0.000000	0.159965	0.006682	3.3
188	-0.078681	0.000000	0.159965	0.007769	3.2
189	-0.077552	0.000000	0.159965	0.004595	2.8
190	-0.079170	0.000000	0.159965	0.007145	3.5
191	-0.078009	0.000000	0.159965	0.006351	3.1
192	-0.084270	0.000000	0.159965	0.009202	2.7
193	-0.073734	0.000000	0.159965	0.006885	3.0
194	-0.084162	0.000000	0.159965	0.005263	3.0
195	-0.079938	0.000000	0.159965	0.007103	3.6
196	-0.071510	0.000000	0.159965	0.006430	3.6
197	-0.080880	0.000000	0.159965	0.005749	3.4
198	-0.078940	0.000000	0.159965	0.005776	3.6
199	-0.072190	0.000000	0.159965	0.006115	3.2
200	-0.077617	0.000000	0.159965	0.006325	2.5
201	-0.075687	0.000000	0.159965	0.005775	3.5
202	-0.077270	0.000000	0.159965	0.007768	3.4
203	-0.072536	0.000000	0.159965	0.008302	2.6
204	-0.074012	0.000000	0.159965	0.006004	2.4
205	-0.076539	0.000000	0.159965	0.007976	2.5
206	-0.082679	0.000000	0.159965	0.007962	3.4
207	-0.070654	0.000000	0.159965	0.006666	3.1
208	-0.078956	0.000000	0.159965	0.006746	2.5
209	-0.077832	0.000000	0.159965	0.007394	2.5
210	-0.082038	0.000000	0.159965	0.010686	3.3
211	-0.072631	0.000000	0.159965	0.005459	3.3
212	-0.080812	0.000000	0.159965	0.007429	3.3
213	-0.077484	0.000000	0.159965	0.007598	3.3
214	-0.086538	0.000000	0.159965	0.008325	2.8
215	-0.082468	0.000000	0.159965	0.006058	2.6
216	-0.075088	0.000000	0.159965	0.005826	2.7
217	-0.076535	0.000000	0.159965	0.003138	2.7
218	-0.081250	0.000000	0.159965	0.005449	2.6
219	-0.077599	0.000000	0.159965	0.006867	2.1
220	-0.078504	0.000000	0.159965	0.005166	2.1
221	-0.078085	0.000000	0.159965	0.007924	2.2
222	-0.077443	0.000000	0.159965	0.009233	3.0
223	-0.079771	0.000000	0.159965	0.007216	2.3
224	-0.075286	0.000000	0.159965	0.006022	2.4
225	-0.081943	0.000000	0.159965	0.006133	2.5
226	-0.074952	0.000000	0.159965	0.007634	2.4
227	-0.081608	0.000000	0.159965	0.011059	2.3
228	-0.078274	0.000000	0.159965	0.006688	2.3
229	-0.077242	0.000000	0.159965	0.007069	2.2
230	-0.079737	0.000000	0.159965	0.006709	2.7
231	-0.072897	0.000000	0.159965	0.005734	2.7
232	-0.078963	0.000000	0.159965	0.008664	2.7
233	-0.079269	0.000000	0.159965	0.005826	2.6
234	-0.076637	0.000000	0.159965	0.011221	2.5
235	-0.080284	0.000000	0.159965	0.009489	3.4
236	-0.080747	0.000000	0.159965	0.006319	2.6
237	-0.075621	0.000000	0.159965	0.005129	2.3
238	-0.078386	0.000000	0.159965	0.008776	2.5
239	-0.079632	0.000000	0.159965	0.008906	3.1
240	-0.076285	0.000000	0.159965	0.006621	2.4
241	-0.076666	0.000000	0.159965	0.006929	2.6
242	-0.083726	0.000000	0.159965	0.007550	3.2
243	-0.074889	0.000000	0.159965	0.006149	2.4
244	-0.078798	0.000000	0.159965	0.004630	2.4
245	-0.076610	0.000000	0.159965	0.005672	2.4
246	-0.077280	0.000000	0.159965	0.005092	2.3
247	-0.074245	0.000000	0.159965	0.007889	2.9
248	-0.076703	0.000000	0.159965	0.007859	2.9
249	-0.075154	0.000000	0.159965	0.007096	2.7
250	-0.079161	0.000000	0.159965	0.008660	2.6
251	-0.077865	0.000000	0.159965	0.004040	2.4
252	-0.081169	0.000000	0.159965	0.007028	2.4
253	-0.074015	0.000000	0.159965	0.007637	2.4
254	-0.076952	0.000000	0.159965	0.005536	2.5
255	-0.081180	0.000000	0.159965	0.009205	3.6
256	-0.079831	0.000000	0.159965	0.008242	3.0
257	-0.076756	0.000000	0.159965	0.006236	2.4
258	-0.078110	0.000000	0.159965	0.005599	3.5
259	-0.073654	0.000000	0.159965	0.006771	3.4
260	-0.076694	0.000000	0.159965	0.009118	3.5
261	-0.078963	0.000000	0.159965	0.009089	2.4
262	-0.079218	0.000000	0.159965	0.006063	2.8
263	-0.076275	0.000000	0.159965	0.006176	3.5
264	-0.083201	0.000000	0.159965	0.007745	3.5
265	-0.076298	0.000000	0.159965	0.006326	3.5
266	-0.084865	0.000000	0.159965	0.004869	2.9
267	-0.079024	0.000000	0.159965	0.006485	3.1
268	-0.074623	0.000000	0.159965	0.007145	3.4
269	-0.081370	0.000000	0.159965	0.005243	3.6
270	-0.085872	0.000000	0.159965	0.010207	3.4
271	-0.074892	0.000000	0.159965	0.008137	3.5
272	-0.080224	0.000000	0.159965	0.007879	2.3
273	-0.082705	0.000000	0.159965	0.010144	2.3
274	-0.074220	0.000000	0.159965	0.008307	2.5
275	-0.082256	0.000000	0.159965	0.008175	3.0
276	-0.077995	0.000000	0.159965	0.007710	3.6
277	-0.079350	0.000000	0.159965	0.007271	3.5
278	-0.086449	0.000000	0.159965	0.006452	2.7
279	-0.072363	0.000000	0.159965	0.007450	2.4
280	-0.077856	0.000000	0.159965	0.006178	2.4
281	-0.077200	0.000000	0.159965	0.008256	2.2
282	-0.078890	0.000000	0.159965	0.011446	2.4
283	-0.080305	0.000000	0.159965	0.007073	2.2
284	-0.077416	0.000000	0.159965	0.005922	2.2
285	-0.076234	0.000000	0.159965	0.009144	2.6
286	-0.080860	0.000000	0.159965	0.006366	3.5
287	-0.079947	0.000000	0.159965	0.006695	3.4
288	-0.078505	0.000000	0.159965	0.007322	2.5
289	-0.077943	0.000000	0.159965	0.008514	2.4
290	-0.076933	0.000000	0.159965	0.006363	2.2
291	-0.079126	0.000000	0.159965	0.005651	2.4
292	-0.075867	0.000000	0.159965	0.007145	2.5
293	-0.078754	0.000000	0.159965	0.006856	2.5
294	-0.074408	0.000000	0.159965	0.006228	2.4
295	-0.078605	0.000000	0.159965	0.009026	2.5
296	-0.072773	0.000000	0.159965	0.008261	3.0
297	-0.078110	0.000000	0.159965	0.006846	3.0
298	-0.079444	0.000000	0.159965	0.006512	3.0
299	-0.076000	0.000000	0.159965	0.007812	2.5
300	-0.078732	0.000000	0.159965	0.007567	2.4
301	-0.074879	0.000000	0.159965	0.004789	2.3
302	-0.080538	0.000000	0.159965	0.004621	2.6
303	-0.079651	0.000000	0.159965	0.006676	2.9
304	-0.079057	0.000000	0.159965	0.005427	2.4
305	-0.076956	0.000000	0.159965	0.008842	2.5
306	-0.079499	0.000000	0.159965	0.005714	2.3
307	-0.077048	0.000000	0.159965	0.007540	2.9
308	-0.086685	0.000000	0.159965	0.008686	3.4
309	-0.076204	0.000000	0.159965	0.005623	3.4
310	-0.079946	0.000000	0.159965	0.006233	2.9
311	-0.076626	0.000000	0.159965	0.007621	2.3
312	-0.077593	0.000000	0.159965	0.010044	2.8
313	-0.074394	0.000000	0.159965	0.006745	3.6
314	-0.079753	0.000000	0.159965	0.005526	3.3
315	-0.078423	0.000000	0.159965	0.004927	2.3
316	-0.082520	0.000000	0.159965	0.005574	2.3
317	-0.082653	0.000000	0.159965	0.006128	2.7
318	-0.077469	0.000000	0.159965	0.008556	3.2
319	-0.080175	0.000000	0.159965	0.006164	3.4
320	-0.083326	0.000000	0.159965	0.006323	3.3
321	-0.079066	0.000000	0.159965	0.009282	2.6
322	-0.076400	0.000000	0.159965	0.008016	3.3
323	-0.081768	0.000000	0.159965	0.007339	3.1
324	-0.081862	0.000000	0.159965	0.007793	3.0
325	-0.077171	0.000000	0.159965	0.007409	3.0
326	-0.085177	0.000000	0.159965	0.005290	3.4
327	-0.082242	0.000000	0.159965	0.006312	3.2
328	-0.076182	0.000000	0.159965	0.007126	2.3
329	-0.078576	0.000000	0.159965	0.006150	2.9
330	-0.080519	0.000000	0.159965	0.005997	3.0
331	-0.073414	0.000000	0.159965	0.007411	2.8
332	-0.078661	0.000000	0.159965	0.007483	3.5
333	-0.080660	0.000000	0.159965	0.008557	3.2
334	-0.075062	0.000000	0.159965	0.008526	2.4
335	-0.080981	0.000000	0.159965	0.004358	2.5
336	-0.077785	0.000000	0.159965	0.008939	3.1
337	-0.077438	0.000000	0.159965	0.007280	3.5
338	-0.078844	0.000000	0.159965	0.004460	3.6
339	-0.072758	0.000000	0.159965	0.009622	3.1
340	-0.081091	0.000000	0.159965	0.005499	2.4
341	-0.080413	0.000000	0.159965	0.004838	2.4
342	-0.079734	0.000000	0.159965	0.006192	2.3
343	-0.075203	0.000000	0.159965	0.010077	2.7
344	-0.080173	0.000000	0.159965	0.008193	3.4
345	-0.080425	0.000000	0.159965	0.007167	2.5
346	-0.078721	0.000000	0.159965	0.008151	2.4
347	-0.074921	0.000000	0.159965	0.005959	2.4
348	-0.078769	0.000000	0.159965	0.007756	2.3
349	-0.077547	0.000000	0.159965	0.008163	2.5
350	-0.081174	0.000000	0.159965	0.006931	3.1
351	-0.081901	0.000000	0.159965	0.008828	3.0
352	-0.081133	0.000000	0.159965	0.007717	2.9
353	-0.084076	0.000000	0.159965	0.008036	2.8
354	-0.076954	0.000000	0.159965	0.005742	2.8
355	-0.081922	0.000000	0.159965	0.005177	2.8
356	-0.076058	0.000000	0.159965	0.005464	2.3
357	-0.083935	0.000000	0.159965	0.009068	2.3
358	-0.078378	0.000000	0.159965	0.010510	2.7
359	-0.072091	0.000000	0.159965	0.006699	3.0
360	-0.082336	0.000000	0.159965	0.008167	3.0
361	-0.078833	0.000000	0.159965	0.006685	2.8
362	-0.081182	0.000000	0.159965	0.008713	3.1
363	-0.072643	0.000000	0.159965	0.005059	2.5
364	-0.075103	0.000000	0.159965	0.009510	3.1
365	-0.076773	0.000000	0.159965	0.007158	3.1
366	-0.077558	0.000000	0.159965	0.007264	2.4
367	-0.079592	0.000000	0.159965	0.007818	3.1
368	-0.074437	0.000000	0.159965	0.009589	3.2
369	-0.080001	0.000000	0.159965	0.009908	3.5
370	-0.083716	0.000000	0.159965	0.009462	3.6
371	-0.079989	0.000000	0.159965	0.006700	3.2
372	-0.082175	0.000000	0.159965	0.006682	3.2
373	-0.076772	0.000000	0.159965	0.007069	3.8
374	-0.078268	0.000000	0.159965	0.006578	3.7
375	-0.077206	0.000000	0.159965	0.004829	3.5
376	-0.074486	0.000000	0.159965	0.008253	2.6
377	-0.076669	0.000000	0.159965	0.006303	2.9
378	-0.082613	0.000000	0.159965	0.007613	2.6
379	-0.076197	0.000000	0.159965	0.007032	2.6
380	-0.080088	0.000000	0.159965	0.006894	3.0
381	-0.081571	0.000000	0.159965	0.005332	2.9
382	-0.076953	0.000000	0.159965	0.006922	2.5
383	-0.078378	0.000000	0.159965	0.007046	2.3
384	-0.078823	0.000000	0.159965	0.005189	2.9
385	-0.080710	0.000000	0.159965	0.010611	3.2
386	-0.082535	0.000000	0.159965	0.007785	3.4
387	-0.081740	0.000000	0.159965	0.006288	3.0
388	-0.081412	0.000000	0.159965	0.008420	2.3
389	-0.078298	0.000000	0.159965	0.007123	2.3
390	-0.081192	0.000000	0.159965	0.005869	2.4
391	-0.079928	0.000000	0.159965	0.005988	2.5
392	-0.079094	0.000000	0.159965	0.005283	2.4
393	-0.084408	0.000000	0.159965	0.010223	2.3
394	-0.075840	0.000000	0.159965	0.006714	2.4
395	-0.083613	0.000000	0.159965	0.008016	2.4
396	-0.078576	0.000000	0.159965	0.007317	2.5
397	-0.078591	0.000000	0.159965	0.007183	2.7
398	-0.080603	0.000000	0.159965	0.008537	2.4
399	-0.076985	0.000000	0.159965	0.007384	2.4
400	-0.078229	0.000000	0.159965	0.007495	2.3
401	-0.076169	0.000000	0.159965	0.008132	2.3
402	-0.076400	0.000000	0.159965	0.009126	2.8
403	-0.081903	0.000000	0.159965	0.007017	3.2
404	-0.075850	0.000000	0.159965	0.006762	2.5
405	-0.080052	0.000000	0.159965	0.008444	2.9
406	-0.076056	0.000000	0.159965	0.007196	3.1
407	-0.081543	0.000000	0.159965	0.005215	2.5
408	-0.079476	0.000000	0.159965	0.008295	4.1
409	-0.082870	0.000000	0.159965	0.009390	2.8
410	-0.076568	0.000000	0.159965	0.007655	2.8
411	-0.083515	0.000000	0.159965	0.009899	2.5
412	-0.078955	0.000000	0.159965	0.008432	2.5
413	-0.079867	0.000000	0.159965	0.008530	2.9
414	-0.080664	0.000000	0.159965	0.007679	3.3
415	-0.078249	0.000000	0.159965	0.006113	2.4
416	-0.082112	0.000000	0.159965	0.008387	2.4
417	-0.071931	0.000000	0.159965	0.006481	3.3
418	-0.082406	0.000000	0.159965	0.005832	3.2
419	-0.082905	0.000000	0.159965	0.008894	3.2
420	-0.079936	0.000000	0.159965	0.007681	3.2
421	-0.077234	0.000000	0.159965	0.008442	3.2
422	-0.073497	0.000000	0.159965	0.005820	3.1
423	-0.074777	0.000000	0.159965	0.009164	3.1
424	-0.079721	0.000000	0.159965	0.004567	3.3
425	-0.079175	0.000000	0.159965	0.005282	3.3
426	-0.074129	0.000000	0.159965	0.007383	3.3
427	-0.080789	0.000000	0.159965	0.007869	3.3
428	-0.076781	0.000000	0.159965	0.007622	3.3
429	-0.083151	0.000000	0.159965	0.007442	3.4
430	-0.077936	0.000000	0.159965	0.007592	3.5
431	-0.076054	0.000000	0.159965	0.004785	3.4
432	-0.074739	0.000000	0.159965	0.004844	2.4
433	-0.078872	0.000000	0.159965	0.005973	2.6
434	-0.082582	0.000000	0.159965	0.006403	3.3
435	-0.085256	0.000000	0.159965	0.006561	3.6
436	-0.074820	0.000000	0.159965	0.007038	3.4
437	-0.080981	0.000000	0.159965	0.010262	3.0
438	-0.073795	0.000000	0.159965	0.010223	3.0
439	-0.080043	0.000000	0.159965	0.004161	2.3
440	-0.069134	0.000000	0.159965	0.005885	3.0
441	-0.080665	0.000000	0.159965	0.006821	2.3
442	-0.083922	0.000000	0.159965	0.008676	2.4
443	-0.077498	0.000000	0.159965	0.007410	2.1
444	-0.073127	0.000000	0.159965	0.004959	2.3
445	-0.081455	0.000000	0.159965	0.006609	2.3
446	-0.077703	0.000000	0.159965	0.007348	2.4
447	-0.076123	0.000000	0.159965	0.007320	2.2
448	-0.078969	0.000000	0.159965	0.010373	2.2
449	-0.079842	0.000000	0.159965	0.006195	2.2
450	-0.076829	0.000000	0.159965	0.006794	2.2
451	-0.081039	0.000000	0.159965	0.006384	2.4
452	-0.078932	0.000000	0.159965	0.006418	3.2
453	-0.075184	0.000000	0.159965	0.007170	2.4
454	-0.076408	0.000000	0.159965	0.006817	2.3
455	-0.080110	0.000000	0.159965	0.009277	2.2
456	-0.073534	0.000000	0.159965	0.007039	2.3
457	-0.081147	0.000000	0.159965	0.007828	2.5
458	-0.084619	0.000000	0.159965	0.009372	3.2
459	-0.079281	0.000000	0.159965	0.006455	2.2
460	-0.079909	0.000000	0.159965	0.004923	2.2
461	-0.080449	0.000000	0.159965	0.006095	2.3
462	-0.082248	0.000000	0.159965	0.007385	2.8
463	-0.080598	0.000000	0.159965	0.007599	2.7
464	-0.074231	0.000000	0.159965	0.006602	2.9
465	-0.081571	0.000000	0.159965	0.008271	2.4
466	-0.083464	0.000000	0.159965	0.006567	2.6
467	-0.074739	0.000000	0.159965	0.007180	3.5
468	-0.077872	0.000000	0.159965	0.007852	3.6
469	-0.080525	0.000000	0.159965	0.008703	2.8
470	-0.079930	0.000000	0.159965	0.004504	3.4
471	-0.081005	0.000000	0.159965	0.007985	3.2
472	-0.084191	0.000000	0.159965	0.009708	3.1
473	-0.081933	0.000000	0.159965	0.010299	2.3
474	-0.077614	0.000000	0.159965	0.004508	3.1
475	-0.075671	0.000000	0.159965	0.008273	3.3
476	-0.077593	0.000000	0.159965	0.008728	3.2
477	-0.076200	0.000000	0.159965	0.010232	3.2
478	-0.080056	0.000000	0.159965	0.006423	3.2
479	-0.079539	0.000000	0.159965	0.008744	3.2
480	-0.073332	0.000000	0.159965	0.008570	3.4
481	-0.078370	0.000000	0.159965	0.007131	3.4
482	-0.079816	0.000000	0.159965	0.004821	3.0
483	-0.079500	0.000000	0.159965	0.007658	3.2
484	-0.076911	0.000000	0.159965	0.004289	3.2
485	-0.077855	0.000000	0.159965	0.008060	3.4
486	-0.079665	0.000000	0.159965	0.006350	3.5
487	-0.079278	0.000000	0.159965	0.005419	3.3
488	-0.079024	0.000000	0.159965	0.007812	2.6
489	-0.085287	0.000000	0.159965	0.006566	3.4
490	-0.079289	0.000000	0.159965	0.006563	3.4
491	-0.080554	0.000000	0.159965	0.006444	3.2
492	-0.075944	0.000000	0.159965	0.008515	3.3
493	-0.083178	0.000000	0.159965	0.006435	2.7
494	-0.078148	0.000000	0.159965	0.006031	2.5
495	-0.078932	0.000000	0.159965	0.006188	2.9
496	-0.079339	0.000000	0.159965	0.004264	3.4
497	-0.074238	0.000000	0.159965	0.007569	3.5
498	-0.082312	0.000000	0.159965	0.003961	3.3
499	-0.079391	0.000000	0.159965	0.005568	3.3
500	-0.077746	0.000000	0.159965	0.006167	3.4
501	-0.075657	0.000000	0.159965	0.005680	3.1
502	-0.077663	0.000000	0.159965	0.008367	2.5
503	-0.078474	0.000000	0.159965	0.008672	3.4
504	-0.080339	0.000000	0.159965	0.006552	3.2
505	-0.079463	0.000000	0.159965	0.006131	2.7
506	-0.071894	0.000000	0.159965	0.005719	3.4
507	-0.079886	0.000000	0.159965	0.008661	3.1
508	-0.082116	0.000000	0.159965	0.006403	2.6
509	-0.076846	0.000000	0.159965	0.008374	2.5
510	-0.086767	0.000000	0.159965	0.005451	2.4
511	-0.076363	0.000000	0.159965	0.009417	2.4
512	-0.082632	0.000000	0.159965	0.007498	2.4
513	-0.082854	0.000000	0.159965	0.006472	2.6
514	-0.081018	0.000000	0.159965	0.009141	2.2
515	-0.079646	0.000000	0.159965	0.008340	2.3
516	-0.080728	0.000000	0.159965	0.006149	2.2
517	-0.077455	0.000000	0.159965	0.009039	2.2
518	-0.079669	0.000000	0.159965	0.008364	2.3
519	-0.077436	0.000000	0.159965	0.007897	2.4
520	-0.078225	0.000000	0.159965	0.006076	2.5
521	-0.081284	0.000000	0.159965	0.005772	3.2
522	-0.077360	0.000000	0.159965	0.006713	3.1
523	-0.079429	0.000000	0.159965	0.008297	3.0
524	-0.085043	0.000000	0.159965	0.005328	2.6
525	-0.082477	0.000000	0.159965	0.010087	3.3
526	-0.076683	0.000000	0.159965	0.006114	2.4
527	-0.078909	0.000000	0.159965	0.005744	2.7
528	-0.079502	0.000000	0.159965	0.005210	3.2
529	-0.080655	0.000000	0.159965	0.006425	3.3
530	-0.082959	0.000000	0.159965	0.006132	3.2
531	-0.081047	0.000000	0.159965	0.009916	2.9
532	-0.075512	0.000000	0.159965	0.005158	2.4
533	-0.080778	0.000000	0.159965	0.007267	3.0
534	-0.079209	0.000000	0.159965	0.006449	3.0
535	-0.077258	0.000000	0.159965	0.006931	3.1
536	-0.081885	0.000000	0.159965	0.006194	3.0
537	-0.075550	0.000000	0.159965	0.006860	2.7
538	-0.080902	0.000000	0.159965	0.007494	2.7
539	-0.076557	0.000000	0.159965	0.006160	2.6
540	-0.080692	0.000000	0.159965	0.007330	3.0
541	-0.087505	0.000000	0.159965	0.004931	2.6
542	-0.078861	0.000000	0.159965	0.007120	2.6
543	-0.076152	0.000000	0.159965	0.006497	2.2
544	-0.083440	0.000000	0.159965	0.005980	2.7
545	-0.073321	0.000000	0.159965	0.009253	2.7
546	-0.079760	0.000000	0.159965	0.006031	2.7
547	-0.084836	0.000000	0.159965	0.008760	2.5
548	-0.083329	0.000000	0.159965	0.007418	2.4
549	-0.077067	0.000000	0.159965	0.009100	2.7
550	-0.082246	0.000000	0.159965	0.007424	2.3
551	-0.084466	0.000000	0.159965	0.007449	2.8
552	-0.086114	0.000000	0.159965	0.006016	2.2
553	-0.077548	0.000000	0.159965	0.007931	2.0
554	-0.083026	0.000000	0.159965	0.006042	2.0
555	-0.080279	0.000000	0.159965	0.006139	2.1
556	-0.084632	0.000000	0.159965	0.007241	2.2
557	-0.083480	0.000000	0.159965	0.007473	2.3
558	-0.080663	0.000000	0.159965	0.005229	3.3
559	-0.083702	0.000000	0.159965	0.006312	2.2
560	-0.080855	0.000000	0.159965	0.010716	2.4
561	-0.080401	0.000000	0.159965	0.007860	3.3
562	-0.075932	0.000000	0.159965	0.009182	2.3
563	-0.075749	0.000000	0.159965	0.006677	2.4
564	-0.085812	0.000000	0.159965	0.007933	2.5
565	-0.080212	0.000000	0.159965	0.005298	3.7
566	-0.079386	0.000000	0.159965	0.005519	3.4
567	-0.078262	0.000000	0.159965	0.007064	3.3
568	-0.078717	0.000000	0.159965	0.006127	2.6
569	-0.080304	0.000000	0.159965	0.009514	3.0
570	-0.072719	0.000000	0.159965	0.006173	2.8
571	-0.078329	0.000000	0.159965	0.006927	2.2
572	-0.077219	0.000000	0.159965	0.007158	2.3
573	-0.077236	0.000000	0.159965	0.007844	3.6
574	-0.076728	0.000000	0.159965	0.007984	3.1
575	-0.081853	0.000000	0.159965	0.007660	3.2
576	-0.081181	0.000000	0.159965	0.008029	3.3
577	-0.078466	0.000000	0.159965	0.006411	3.0
578	-0.081041	0.000000	0.159965	0.006323	2.3
579	-0.082253	0.000000	0.159965	0.004818	2.6
580	-0.078054	0.000000	0.159965	0.008313	3.1
581	-0.071872	0.000000	0.159965	0.007155	3.3
582	-0.080411	0.000000	0.159965	0.008550	3.5
583	-0.082381	0.000000	0.159965	0.006662	3.3
584	-0.073286	0.000000	0.159965	0.008856	3.3
585	-0.079096	0.000000	0.159965	0.006875	3.4
586	-0.080178	0.000000	0.159965	0.010753	2.4
587	-0.076660	0.000000	0.159965	0.007377	2.8
588	-0.079457	0.000000	0.159965	0.008685	2.9
589	-0.082528	0.000000	0.159965	0.006278	2.9
590	-0.074916	0.000000	0.159965	0.011127	2.4
591	-0.081970	0.000000	0.159965	0.009581	2.6
592	-0.071964	0.000000	0.159965	0.005690	2.6
593	-0.078327	0.000000	0.159965	0.007706	2.4
594	-0.084144	0.000000	0.159965	0.005840	2.4
595	-0.075909	0.000000	0.159965	0.004280	2.5
596	-0.078126	0.000000	0.159965	0.005660	2.5
597	-0.078483	0.000000	0.159965	0.007287	2.9
598	-0.071545	0.000000	0.159965	0.007565	3.3
599	-0.081267	0.000000	0.159965	0.005653	2.3
600	-0.084806	0.000000	0.159965	0.005366	2.4
601	-0.077685	0.000000	0.159965	0.005446	2.4
602	-0.078394	0.000000	0.159965	0.006233	2.3
603	-0.083708	0.000000	0.159965	0.007936	2.4
604	-0.084009	0.000000	0.159965	0.008508	2.4
605	-0.081421	0.000000	0.159965	0.006124	2.4
606	-0.081240	0.000000	0.159965	0.009434	2.4
607	-0.079533	0.000000	0.159965	0.007583	2.4
608	-0.081206	0.000000	0.159965	0.006187	2.4
609	-0.080335	0.000000	0.159965	0.008136	2.4
610	-0.082038	0.000000	0.159965	0.008153	2.4
611	-0.084085	0.000000	0.159965	0.007263	2.5
612	-0.083942	0.000000	0.159965	0.006758	3.4
613	-0.077224	0.000000	0.159965	0.006794	3.4
614	-0.075136	0.000000	0.159965	0.005641	3.1
615	-0.082035	0.000000	0.159965	0.007960	3.3
616	-0.081800	0.000000	0.159965	0.008449	3.3
617	-0.078791	0.000000	0.159965	0.005695	2.9
618	-0.082171	0.000000	0.159965	0.007760	3.0
619	-0.074434	0.000000	0.159965	0.007798	3.1
620	-0.082030	0.000000	0.159965	0.007144	3.3
621	-0.080571	0.000000	0.159965	0.005884	3.0
622	-0.081193	0.000000	0.159965	0.007139	3.6
623	-0.079452	0.000000	0.159965	0.005906	3.6
624	-0.083942	0.000000	0.159965	0.006197	3.7
625	-0.081708	0.000000	0.159965	0.007381	3.3
626	-0.075490	0.000000	0.159965	0.008296	3.7
627	-0.079055	0.000000	0.159965	0.007798	2.6
628	-0.079416	0.000000	0.159965	0.006128	2.7
629	-0.085448	0.000000	0.159965	0.007038	3.5
630	-0.076896	0.000000	0.159965	0.007685	3.3
631	-0.084719	0.000000	0.159965	0.009984	2.9
632	-0.081500	0.000000	0.159965	0.005354	2.5
633	-0.072024	0.000000	0.159965	0.005004	2.2
634	-0.078394	0.000000	0.159965	0.007097	3.1
635	-0.080990	0.000000	0.159965	0.006789	3.2
636	-0.077606	0.000000	0.159965	0.006950	2.3
637	-0.080548	0.000000	0.159965	0.008271	2.3
638	-0.077501	0.000000	0.159965	0.010478	2.3
639	-0.083733	0.000000	0.159965	0.003775	2.3
640	-0.080835	0.000000	0.159965	0.005947	2.4
641	-0.081898	0.000000	0.159965	0.007942	2.3
642	-0.074124	0.000000	0.159965	0.007517	2.3
643	-0.077898	0.000000	0.159965	0.003884	3.2
644	-0.082939	0.000000	0.159965	0.007741	3.4
645	-0.077365	0.000000	0.159965	0.008125	3.5
646	-0.076448	0.000000	0.159965	0.007867	3.0
647	-0.078692	0.000000	0.159965	0.007653	2.5
648	-0.083728	0.000000	0.159965	0.008522	2.6
649	-0.081448	0.000000	0.159965	0.006743	3.4
650	-0.080883	0.000000	0.159965	0.007426	3.4
651	-0.083423	0.000000	0.159965	0.004667	3.3
652	-0.077555	0.000000	0.159965	0.007931	3.0
653	-0.078765	0.000000	0.159965	0.006060	2.9
654	-0.082826	0.000000	0.159965	0.005888	2.6
655	-0.075162	0.000000	0.159965	0.006021	2.5
656	-0.087878	0.000000	0.159965	0.006799	2.2
657	-0.080268	0.000000	0.159965	0.010831	2.3
658	-0.077803	0.000000	0.159965	0.006545	2.3
659	-0.086512	0.000000	0.159965	0.004711	2.7
660	-0.077641	0.000000	0.159965	0.005830	3.6
661	-0.076238	0.000000	0.159965	0.009322	3.3
662	-0.082706	0.000000	0.159965	0.007450	3.3
663	-0.083294	0.000000	0.159965	0.007909	3.1
664	-0.079791	0.000000	0.159965	0.004783	2.8
665	-0.079784	0.000000	0.159965	0.006756	2.4
666	-0.077216	0.000000	0.159965	0.008046	2.5
667	-0.080318	0.000000	0.159965	0.008288	2.3
668	-0.083399	0.000000	0.159965	0.008369	2.3
669	-0.084473	0.000000	0.159965	0.007063	2.4
670	-0.082899	0.000000	0.159965	0.008597	2.6
671	-0.076139	0.000000	0.159965	0.007045	3.3
672	-0.084690	0.000000	0.159965	0.008303	3.2
673	-0.079900	0.000000	0.159965	0.009773	3.2
674	-0.083023	0.000000	0.159965	0.008544	3.4
675	-0.083097	0.000000	0.159965	0.005889	3.3
676	-0.078221	0.000000	0.159965	0.008205	3.4
677	-0.078332	0.000000	0.159965	0.003779	2.6
678	-0.080293	0.000000	0.159965	0.009294	2.4
679	-0.089237	0.000000	0.159965	0.003992	2.4
680	-0.076304	0.000000	0.159965	0.005799	2.7
681	-0.079662	0.000000	0.159965	0.008448	3.1
682	-0.079943	0.000000	0.159965	0.006202	2.6
683	-0.080422	0.000000	0.159965	0.009116	2.4
684	-0.078714	0.000000	0.159965	0.007105	2.7
685	-0.083675	0.000000	0.159965	0.008977	3.2
686	-0.075853	0.000000	0.159965	0.008380	3.0
687	-0.080118	0.000000	0.159965	0.006232	3.1
688	-0.082711	0.000000	0.159965	0.007091	2.9
689	-0.082595	0.000000	0.159965	0.010927	2.4
690	-0.080877	0.000000	0.159965	0.004458	2.4
691	-0.083952	0.000000	0.159965	0.007274	3.4
692	-0.085461	0.000000	0.159965	0.006641	3.1
693	-0.081328	0.000000	0.159965	0.008735	2.4
694	-0.078351	0.000000	0.159965	0.005660	2.5
695	-0.076251	0.000000	0.159965	0.005569	3.4
696	-0.086231	0.000000	0.159965	0.009910	3.4
697	-0.078090	0.000000	0.159965	0.009112	3.3
698	-0.082825	0.000000	0.159965	0.007222	3.2
699	-0.087178	0.000000	0.159965	0.007490	3.0
700	-0.078573	0.000000	0.159965	0.007533	2.2
701	-0.078829	0.000000	0.159965	0.008454	2.4
702	-0.078015	0.000000	0.159965	0.006757	2.3
703	-0.081086	0.000000	0.159965	0.003665	2.4
704	-0.085432	0.000000	0.159965	0.006668	2.4
705	-0.079548	0.000000	0.159965	0.009216	3.1
706	-0.080604	0.000000	0.159965	0.006707	2.6
707	-0.077940	0.000000	0.159965	0.007794	2.8
708	-0.081043	0.000000	0.159965	0.005217	2.4
709	-0.080999	0.000000	0.159965	0.006472	2.4
710	-0.076573	0.000000	0.159965	0.007055	2.4
711	-0.080475	0.000000	0.159965	0.008715	2.9
712	-0.079996	0.000000	0.159965	0.005756	3.1
713	-0.078291	0.000000	0.159965	0.006730	3.2
714	-0.081121	0.000000	0.159965	0.013231	3.1
715	-0.080542	0.000000	0.159965	0.006666	2.8
716	-0.078198	0.000000	0.159965	0.005102	2.8
717	-0.077818	0.000000	0.159965	0.007621	3.2
718	-0.084108	0.000000	0.159965	0.006669	3.0
719	-0.079434	0.000000	0.159965	0.004775	2.4
720	-0.075456	0.000000	0.159965	0.006788	2.2
721	-0.079689	0.000000	0.159965	0.005785	2.3
722	-0.089786	0.000000	0.159965	0.008199	3.0
723	-0.083484	0.000000	0.159965	0.007513	3.1
724	-0.081660	0.000000	0.159965	0.007745	2.9
725	-0.078203	0.000000	0.159965	0.006531	3.0
726	-0.079909	0.000000	0.159965	0.009635	2.6
727	-0.079784	0.000000	0.159965	0.008956	3.1
728	-0.083476	0.000000	0.159965	0.007881	3.1
729	-0.079645	0.000000	0.159965	0.007704	2.9
730	-0.081168	0.000000	0.159965	0.007437	2.3
731	-0.086636	0.000000	0.159965	0.006247	3.2
732	-0.081011	0.000000	0.159965	0.006812	2.8
733	-0.082709	0.000000	0.159965	0.005426	3.3
734	-0.077807	0.000000	0.159965	0.006923	3.0
735	-0.078736	0.000000	0.159965	0.005688	2.1
736	-0.083969	0.000000	0.159965	0.007162	2.6
737	-0.078761	0.000000	0.159965	0.008198	3.4
738	-0.078341	0.000000	0.159965	0.007753	3.2
739	-0.082405	0.000000	0.159965	0.006724	3.2
740	-0.080964	0.000000	0.159965	0.007958	3.2
741	-0.073380	0.000000	0.159965	0.005750	3.2
742	-0.078285	0.000000	0.159965	0.009016	3.2
743	-0.081503	0.000000	0.159965	0.005849	2.9
744	-0.078596	0.000000	0.159965	0.007301	3.0
745	-0.084237	0.000000	0.159965	0.005954	2.6
746	-0.073364	0.000000	0.159965	0.006716	2.8
747	-0.076594	0.000000	0.159965	0.006466	2.5
748	-0.084032	0.000000	0.159965	0.006930	2.6
749	-0.083860	0.000000	0.159965	0.006712	2.7
750	-0.087035	0.000000	0.159965	0.009466	2.6
751	-0.078656	0.000000	0.159965	0.006536	2.7
752	-0.076084	0.000000	0.159965	0.008449	3.1
753	-0.086268	0.000000	0.159965	0.007374	2.6
754	-0.072206	0.000000	0.159965	0.005442	3.3
755	-0.079746	0.000000	0.159965	0.007932	3.2
756	-0.082863	0.000000	0.159965	0.006726	3.4
757	-0.076141	0.000000	0.159965	0.007801	3.3
758	-0.078961	0.000000	0.159965	0.005465	2.3
759	-0.073177	0.000000	0.159965	0.003944	2.4
760	-0.078986	0.000000	0.159965	0.008837	2.2
761	-0.084388	0.000000	0.159965	0.005389	2.3
762	-0.083288	0.000000	0.159965	0.007082	2.5
763	-0.081456	0.000000	0.159965	0.007295	2.3
764	-0.087123	0.000000	0.159965	0.008846	2.0
765	-0.075635	0.000000	0.159965	0.009952	2.3
766	-0.081207	0.000000	0.159965	0.004480	2.4
767	-0.080301	0.000000	0.159965	0.009978	2.3
768	-0.083883	0.000000	0.159965	0.007978	2.5
769	-0.082185	0.000000	0.159965	0.006250	3.3
770	-0.081876	0.000000	0.159965	0.006210	3.3
771	-0.085202	0.000000	0.159965	0.003151	3.2
772	-0.080842	0.000000	0.159965	0.004388	3.1
773	-0.076524	0.000000	0.159965	0.011300	2.0
774	-0.081379	0.000000	0.159965	0.008218	2.0
775	-0.076180	0.000000	0.159965	0.007440	2.0
776	-0.077161	0.000000	0.159965	0.009422	2.1
777	-0.085014	0.000000	0.159965	0.009067	3.2
778	-0.076496	0.000000	0.159965	0.006779	3.2
779	-0.079599	0.000000	0.159965	0.007618	3.0
780	-0.084409	0.000000	0.159965	0.009463	2.1
781	-0.084958	0.000000	0.159965	0.008022	2.2
782	-0.082167	0.000000	0.159965	0.007696	2.3
783	-0.080856	0.000000	0.159965	0.009504	3.0
784	-0.086007	0.000000	0.159965	0.006596	2.1
785	-0.080654	0.000000	0.159965	0.007174	2.1
786	-0.077522	0.000000	0.159965	0.007238	2.2
787	-0.077977	0.000000	0.159965	0.007073	2.1
788	-0.080922	0.000000	0.159965	0.008528	2.0
789	-0.081988	0.000000	0.159965	0.006436	2.0
790	-0.074611	0.000000	0.159965	0.007681	2.1
791	-0.082371	0.000000	0.159965	0.005464	2.0
792	-0.081628	0.000000	0.159965	0.009038	2.1
793	-0.077126	0.000000	0.159965	0.007749	2.1
794	-0.077147	0.000000	0.159965	0.007314	2.1
795	-0.083386	0.000000	0.159965	0.009095	2.0
796	-0.082617	0.000000	0.159965	0.008318	2.0
797	-0.080071	0.000000	0.159965	0.006299	2.1
798	-0.079491	0.000000	0.159965	0.009254	2.2
799	-0.081997	0.000000	0.159965	0.007188	2.2
800	-0.083656	0.000000	0.159965	0.007910	2.1
801	-0.077718	0.000000	0.159965	0.007840	1.9
802	-0.085172	0.000000	0.159965	0.007636	2.0
803	-0.078184	0.000000	0.159965	0.008291	3.1
804	-0.075095	0.000000	0.159965	0.006015	3.0
805	-0.083329	0.000000	0.159965	0.009367	2.0
806	-0.083635	0.000000	0.159965	0.006535	2.0
807	-0.082798	0.000000	0.159965	0.008793	1.9
808	-0.080648	0.000000	0.159965	0.008291	2.5
809	-0.088110	0.000000	0.159965	0.005303	3.4
810	-0.077784	0.000000	0.159965	0.007118	3.2
811	-0.082922	0.000000	0.159965	0.007262	2.6
812	-0.078976	0.000000	0.159965	0.009145	2.0
813	-0.084902	0.000000	0.159965	0.006725	2.4
814	-0.083925	0.000000	0.159965	0.007153	2.2
815	-0.081183	0.000000	0.159965	0.007805	2.2
816	-0.081275	0.000000	0.159965	0.008001	2.4
817	-0.081850	0.000000	0.159965	0.007877	3.3
818	-0.076894	0.000000	0.159965	0.006330	3.2
819	-0.079505	0.000000	0.159965	0.010516	2.9
820	-0.082530	0.000000	0.159965	0.005062	2.7
821	-0.083237	0.000000	0.159965	0.005264	2.7
822	-0.076482	0.000000	0.159965	0.006475	2.7
823	-0.085559	0.000000	0.159965	0.007480	2.7
824	-0.078320	0.000000	0.159965	0.006464	2.6
825	-0.083517	0.000000	0.159965	0.009103	2.6
826	-0.076880	0.000000	0.159965	0.006216	2.2
827	-0.086223	0.000000	0.159965	0.007559	2.5
828	-0.078012	0.000000	0.159965	0.007101	2.2
829	-0.076196	0.000000	0.159965	0.009252	2.3
830	-0.079119	0.000000	0.159965	0.008931	2.2
831	-0.085229	0.000000	0.159965	0.005911	2.1
832	-0.083286	0.000000	0.159965	0.006166	2.2
833	-0.079844	0.000000	0.159965	0.006990	2.3
834	-0.088266	0.000000	0.159965	0.006053	2.6
835	-0.078903	0.000000	0.159965	0.007065	3.2
836	-0.085589	0.000000	0.159965	0.008894	2.7
837	-0.077779	0.000000	0.159965	0.007231	3.2
838	-0.075144	0.000000	0.159965	0.007941	3.1
839	-0.085899	0.000000	0.159965	0.009880	2.5
840	-0.080198	0.000000	0.159965	0.005773	2.5
841	-0.080432	0.000000	0.159965	0.007024	2.3
842	-0.075211	0.000000	0.159965	0.005177	2.2
843	-0.080536	0.000000	0.159965	0.003493	2.4
844	-0.077731	0.000000	0.159965	0.004342	2.0
845	-0.076246	0.000000	0.159965	0.008013	2.1
846	-0.084438	0.000000	0.159965	0.008040	2.1
847	-0.083198	0.000000	0.159965	0.007054	2.3
848	-0.085215	0.000000	0.159965	0.007220	2.7
849	-0.076693	0.000000	0.159965	0.007412	3.4
850	-0.078945	0.000000	0.159965	0.006569	3.4
851	-0.082470	0.000000	0.159965	0.005740	3.4
852	-0.084866	0.000000	0.159965	0.008043	3.0
853	-0.083328	0.000000	0.159965	0.011760	2.9
854	-0.081030	0.000000	0.159965	0.005779	3.1
855	-0.080247	0.000000	0.159965	0.006101	2.5
856	-0.078776	0.000000	0.159965	0.006163	3.1
857	-0.080741	0.000000	0.159965	0.005998	2.1
858	-0.083443	0.000000	0.159965	0.007559	2.4
859	-0.080594	0.000000	0.159965	0.007710	2.1
860	-0.078469	0.000000	0.159965	0.008654	2.2
861	-0.080080	0.000000	0.159965	0.008647	2.2
862	-0.082041	0.000000	0.159965	0.007980	2.5
863	-0.078576	0.000000	0.159965	0.007599	3.3
864	-0.087753	0.000000	0.159965	0.008966	2.1
865	-0.080682	0.000000	0.159965	0.006194	3.2
866	-0.081426	0.000000	0.159965	0.009767	3.1
867	-0.084280	0.000000	0.159965	0.006844	3.0
868	-0.084346	0.000000	0.159965	0.007411	2.8
869	-0.082161	0.000000	0.159965	0.004208	3.1
870	-0.079054	0.000000	0.159965	0.007438	3.1
871	-0.083193	0.000000	0.159965	0.004527	3.0
872	-0.082712	0.000000	0.159965	0.007865	2.9
873	-0.082116	0.000000	0.159965	0.005514	2.2
874	-0.078687	0.000000	0.159965	0.008027	2.2
875	-0.083331	0.000000	0.159965	0.006512	2.7
876	-0.080910	0.000000	0.159965	0.006213	3.3
877	-0.078188	0.000000	0.159965	0.006944	2.9
878	-0.086690	0.000000	0.159965	0.008203	2.4
879	-0.079282	0.000000	0.159965	0.005636	2.5
880	-0.081801	0.000000	0.159965	0.006118	2.8
881	-0.080130	0.000000	0.159965	0.005586	2.6
882	-0.076981	0.000000	0.159965	0.006761	2.6
883	-0.080865	0.000000	0.159965	0.008938	3.3
884	-0.077820	0.000000	0.159965	0.005581	3.1
885	-0.082697	0.000000	0.159965	0.008005	2.2
886	-0.081952	0.000000	0.159965	0.006220	2.5
887	-0.079183	0.000000	0.159965	0.008667	2.3
888	-0.078551	0.000000	0.159965	0.006531	2.5
889	-0.074985	0.000000	0.159965	0.007489	3.0
890	-0.085324	0.000000	0.159965	0.005703	2.6
891	-0.080064	0.000000	0.159965	0.004123	2.6
892	-0.074517	0.000000	0.159965	0.007932	2.6
893	-0.078574	0.000000	0.159965	0.006672	2.7
894	-0.081347	0.000000	0.159965	0.005340	2.6
895	-0.081534	0.000000	0.159965	0.006125	3.0
896	-0.082184	0.000000	0.159965	0.008793	2.6
897	-0.078418	0.000000	0.159965	0.005940	2.4
898	-0.080601	0.000000	0.159965	0.005019	3.0
899	-0.079683	0.000000	0.159965	0.005088	2.4
900	-0.080435	0.000000	0.159965	0.006024	2.3
901	-0.079976	0.000000	0.159965	0.006659	2.9
902	-0.086953	0.000000	0.159965	0.008813	3.1
903	-0.086737	0.000000	0.159965	0.005065	3.1
904	-0.079805	0.000000	0.159965	0.008920	3.0
905	-0.077538	0.000000	0.159965	0.008595	3.0
906	-0.083242	0.000000	0.159965	0.006129	2.5
907	-0.080037	0.000000	0.159965	0.006422	2.5
908	-0.079190	0.000000	0.159965	0.007238	2.6
909	-0.080443	0.000000	0.159965	0.008058	2.3
910	-0.078605	0.000000	0.159965	0.006192	2.4
911	-0.087620	0.000000	0.159965	0.004701	3.2
912	-0.085531	0.000000	0.159965	0.006236	2.5
913	-0.083185	0.000000	0.159965	0.006452	2.5
914	-0.077378	0.000000	0.159965	0.008216	2.7
915	-0.082794	0.000000	0.159965	0.009048	2.6
916	-0.079995	0.000000	0.159965	0.010017	3.0
917	-0.082012	0.000000	0.159965	0.006933	3.2
918	-0.073980	0.000000	0.159965	0.006056	3.1
919	-0.078797	0.000000	0.159965	0.005036	3.0
920	-0.074497	0.000000	0.159965	0.005573	2.4
921	-0.084207	0.000000	0.159965	0.008867	2.8
922	-0.084892	0.000000	0.159965	0.008739	2.9
923	-0.078028	0.000000	0.159965	0.008650	2.5
924	-0.082725	0.000000	0.159965	0.005849	3.1
925	-0.085815	0.000000	0.159965	0.006861	3.1
926	-0.084296	0.000000	0.159965	0.008834	3.0
927	-0.076312	0.000000	0.159965	0.007505	2.5
928	-0.079740	0.000000	0.159965	0.007738	2.2
929	-0.083475	0.000000	0.159965	0.006049	2.2
930	-0.084200	0.000000	0.159965	0.009702	2.2
931	-0.092302	0.000000	0.159965	0.007772	2.3
932	-0.074710	0.000000	0.159965	0.006152	2.1
933	-0.082366	0.000000	0.159965	0.009701	2.0
934	-0.083951	0.000000	0.159965	0.005811	1.9
935	-0.078200	0.000000	0.159965	0.006140	2.0
936	-0.083322	0.000000	0.159965	0.008023	2.0
937	-0.076837	0.000000	0.159965	0.006337	2.3
938	-0.078265	0.000000	0.159965	0.007802	2.7
939	-0.078419	0.000000	0.159965	0.006787	2.1
940	-0.085809	0.000000	0.159965	0.009158	2.1
941	-0.083098	0.000000	0.159965	0.008046	2.2
942	-0.085148	0.000000	0.159965	0.006540	3.2
943	-0.083297	0.000000	0.159965	0.006830	2.9
944	-0.086244	0.000000	0.159965	0.006008	2.4
945	-0.080377	0.000000	0.159965	0.009029	2.8
946	-0.082525	0.000000	0.159965	0.006212	2.6
947	-0.083588	0.000000	0.159965	0.006635	2.0
948	-0.081304	0.000000	0.159965	0.005840	2.0
949	-0.079736	0.000000	0.159965	0.006402	2.1
950	-0.079767	0.000000	0.159965	0.008096	2.1
951	-0.082782	0.000000	0.159965	0.005864	2.1
952	-0.077515	0.000000	0.159965	0.005729	2.0
953	-0.076728	0.000000	0.159965	0.006534	2.0
954	-0.080153	0.000000	0.159965	0.008754	2.0
955	-0.079094	0.000000	0.159965	0.007258	2.0
956	-0.086765	0.000000	0.159965	0.009874	2.0
957	-0.080375	0.000000	0.159965	0.009004	2.0
958	-0.081756	0.000000	0.159965	0.007370	2.9
959	-0.086667	0.000000	0.159965	0.008117	2.8
960	-0.085215	0.000000	0.159965	0.008136	2.2
961	-0.085094	0.000000	0.159965	0.006968	2.4
962	-0.080034	0.000000	0.159965	0.008544	2.3
963	-0.079889	0.000000	0.159965	0.011310	2.2
964	-0.083421	0.000000	0.159965	0.007877	2.4
965	-0.086237	0.000000	0.159965	0.007335	2.4
966	-0.080367	0.000000	0.159965	0.007924	2.1
967	-0.079155	0.000000	0.159965	0.007326	3.1
968	-0.079348	0.000000	0.159965	0.006488	2.9
969	-0.081279	0.000000	0.159965	0.005090	2.1
970	-0.082868	0.000000	0.159965	0.008002	2.3
971	-0.081132	0.000000	0.159965	0.006740	2.0
972	-0.075976	0.000000	0.159965	0.005074	2.1
973	-0.082260	0.000000	0.159965	0.006520	2.2
974	-0.077499	0.000000	0.159965	0.004553	2.3
975	-0.083215	0.000000	0.159965	0.006093	2.3
976	-0.077945	0.000000	0.159965	0.005635	2.3
977	-0.077287	0.000000	0.159965	0.010372	2.2
978	-0.081655	0.000000	0.159965	0.008891	2.1
979	-0.084852	0.000000	0.159965	0.005089	2.1
980	-0.078601	0.000000	0.159965	0.008865	2.2
981	-0.083779	0.000000	0.159965	0.006429	2.4
982	-0.082418	0.000000	0.159965	0.007360	2.3
983	-0.074380	0.000000	0.159965	0.010419	2.1
984	-0.081712	0.000000	0.159965	0.008394	2.1
985	-0.076323	0.000000	0.159965	0.007122	2.2
986	-0.082421	0.000000	0.159965	0.006456	2.0
987	-0.089654	0.000000	0.159965	0.006084	2.0
988	-0.080998	0.000000	0.159965	0.008768	2.0
989	-0.078081	0.000000	0.159965	0.007335	2.0
990	-0.080219	0.000000	0.159965	0.007119	2.0
991	-0.081793	0.000000	0.159965	0.007011	2.0
992	-0.084828	0.000000	0.159965	0.006270	2.0
993	-0.087222	0.000000	0.159965	0.009835	2.1
994	-0.078109	0.000000	0.159965	0.008728	2.0
995	-0.081708	0.000000	0.159965	0.006501	2.2
996	-0.091920	0.000000	0.159965	0.007199	2.1
997	-0.078454	0.000000	0.159965	0.008624	2.1
998	-0.081093	0.000000	0.159965	0.004923	2.0
999	-0.083302	0.000000	0.159965	0.009010	2.3
