1:ItNr	2:Metric	3a:Time	3b:StepSize	4:||Gradient||	Time[ms]
0	-0.068005	0.000000	0.159965	0.009175	558.9
1	-0.068326	0.000000	0.159965	0.006254	3.3
2	-0.064322	0.000000	0.159965	0.008081	3.4
3	-0.065208	0.000000	0.159965	0.008975	3.3
4	-0.064813	0.000000	0.159965	0.005727	3.3
5	-0.068020	0.000000	0.159965	0.007151	3.5
6	-0.064765	0.000000	0.159965	0.005462	3.6
7	-0.065722	0.000000	0.159965	0.009272	3.5
8	-0.072809	0.000000	0.159965	0.008047	3.8
9	-0.066432	0.000000	0.159965	0.008597	4.0
10	-0.069830	0.000000	0.159965	0.004216	5.0
11	-0.068770	0.000000	0.159965	0.012870	4.3
12	-0.066494	0.000000	0.159965	0.010274	5.3
13	-0.067551	0.000000	0.159965	0.006498	4.6
14	-0.070055	0.000000	0.159965	0.006406	5.9
15	-0.067361	0.000000	0.159965	0.005935	5.2
16	-0.064317	0.000000	0.159965	0.007402	4.8
17	-0.068711	0.000000	0.159965	0.006059	5.2
18	-0.068221	0.000000	0.159965	0.004661	5.7
19	-0.065918	1.000000	0.155547	0.003537	5.1
20	-0.065057	2.000000	0.151440	0.008612	5.2
21	-0.061008	3.000000	0.147609	0.007822	5.3
22	-0.069402	2.200000	0.150652	0.007016	5.7
23	-0.066592	1.400000	0.153869	0.008427	5.6
24	-0.068045	0.600000	0.157275	0.007974	4.9
25	-0.067138	0.000000	0.159965	0.006989	4.9
26	-0.068474	0.000000	0.159965	0.007624	5.3
27	-0.069126	0.000000	0.159965	0.005948	5.4
28	-0.062813	0.000000	0.159965	0.008931	5.2
29	-0.069554	0.000000	0.159965	0.005862	5.0
30	-0.069173	0.000000	0.159965	0.007725	4.9
31	-0.063601	0.000000	0.159965	0.007943	5.1
32	-0.069177	0.000000	0.159965	0.009581	5.2
33	-0.071069	0.000000	0.159965	0.005565	5.7
34	-0.064758	1.000000	0.155547	0.008463	5.4
35	-0.066165	0.200000	0.159054	0.010834	4.8
36	-0.069727	0.000000	0.159965	0.006567	4.8
37	-0.068236	0.000000	0.159965	0.006113	4.3
38	-0.063585	0.000000	0.159965	0.006694	4.3
39	-0.067578	0.000000	0.159965	0.006844	4.2
40	-0.070844	0.000000	0.159965	0.002340	4.0
41	-0.068030	0.000000	0.159965	0.010354	4.0
42	-0.064692	0.000000	0.159965	0.009649	4.0
43	-0.066340	0.000000	0.159965	0.006060	4.4
44	-0.069210	0.000000	0.159965	0.007776	5.3
45	-0.069249	0.000000	0.159965	0.005005	4.1
46	-0.068841	0.000000	0.159965	0.005864	4.4
47	-0.065813	0.000000	0.159965	0.004957	4.3
48	-0.065078	0.000000	0.159965	0.006553	4.4
49	-0.065702	0.000000	0.159965	0.008502	5.6
50	-0.069282	0.000000	0.159965	0.006026	5.6
51	-0.068576	0.000000	0.159965	0.006012	5.5
52	-0.062865	0.000000	0.159965	0.007086	5.2
53	-0.074623	0.000000	0.159965	0.007028	4.9
54	-0.070668	0.000000	0.159965	0.006740	5.0
55	-0.069874	0.000000	0.159965	0.007085	5.2
56	-0.063717	0.000000	0.159965	0.004689	5.2
57	-0.064918	0.000000	0.159965	0.007230	4.6
58	-0.067163	0.000000	0.159965	0.004417	4.6
59	-0.071812	0.000000	0.159965	0.004167	4.7
60	-0.069243	0.000000	0.159965	0.004317	5.8
61	-0.066084	0.000000	0.159965	0.006821	5.8
62	-0.069651	0.000000	0.159965	0.006928	5.1
63	-0.064259	0.000000	0.159965	0.007723	6.0
64	-0.067033	0.000000	0.159965	0.008246	6.0
65	-0.068772	0.000000	0.159965	0.002221	5.4
66	-0.068066	1.000000	0.155547	0.007427	5.0
67	-0.066653	2.000000	0.151440	0.008844	5.0
68	-0.062640	1.200000	0.154702	0.006808	5.0
69	-0.066348	0.400000	0.158158	0.009568	5.4
70	-0.065333	0.000000	0.159965	0.004822	5.8
71	-0.067033	0.000000	0.159965	0.010161	5.8
72	-0.063486	0.000000	0.159965	0.007692	5.7
73	-0.067042	0.000000	0.159965	0.003670	5.7
74	-0.060664	0.000000	0.159965	0.006291	5.5
75	-0.056033	0.000000	0.159965	0.006371	5.3
76	-0.065787	0.000000	0.159965	0.008441	4.7
77	-0.069013	0.000000	0.159965	0.008707	4.8
78	-0.069923	0.000000	0.159965	0.011976	4.7
79	-0.068309	0.000000	0.159965	0.012783	4.3
80	-0.066396	0.000000	0.159965	0.004462	4.2
81	-0.073394	0.000000	0.159965	0.006198	5.6
82	-0.066407	0.000000	0.159965	0.007432	4.1
83	-0.064037	0.000000	0.159965	0.003998	4.3
84	-0.069115	0.000000	0.159965	0.006212	4.3
85	-0.067027	0.000000	0.159965	0.008098	5.2
86	-0.069510	0.000000	0.159965	0.007489	4.3
87	-0.067973	0.000000	0.159965	0.009058	4.3
88	-0.067621	0.000000	0.159965	0.008272	4.3
89	-0.068792	0.000000	0.159965	0.008324	4.1
90	-0.068037	0.000000	0.159965	0.004217	4.1
91	-0.068075	0.000000	0.159965	0.007817	5.5
92	-0.067951	0.000000	0.159965	0.004296	5.1
93	-0.070481	0.000000	0.159965	0.004948	4.6
94	-0.067761	0.000000	0.159965	0.009680	4.9
95	-0.062014	0.000000	0.159965	0.006084	4.4
96	-0.063988	0.000000	0.159965	0.008612	4.4
97	-0.065333	0.000000	0.159965	0.005299	4.8
98	-0.072468	0.000000	0.159965	0.008261	4.4
99	-0.070247	0.000000	0.159965	0.007803	5.6
100	-0.070425	0.000000	0.159965	0.005314	5.7
101	-0.069055	0.000000	0.159965	0.004286	5.0
102	-0.071136	0.000000	0.159965	0.007239	5.8
103	-0.073092	0.000000	0.159965	0.007333	5.5
104	-0.065526	0.000000	0.159965	0.006161	5.5
105	-0.064626	0.000000	0.159965	0.007448	5.6
106	-0.068391	0.000000	0.159965	0.009472	5.6
107	-0.072722	0.000000	0.159965	0.009151	5.1
108	-0.070489	0.000000	0.159965	0.006517	4.5
109	-0.065403	0.000000	0.159965	0.008636	4.5
110	-0.067441	0.000000	0.159965	0.007957	4.4
111	-0.063508	0.000000	0.159965	0.006738	4.6
112	-0.070842	0.000000	0.159965	0.008175	5.1
113	-0.063292	0.000000	0.159965	0.006462	4.4
114	-0.067732	0.000000	0.159965	0.004305	4.3
115	-0.069796	0.000000	0.159965	0.004763	4.3
116	-0.067106	0.000000	0.159965	0.009064	4.4
117	-0.068367	0.000000	0.159965	0.008883	4.3
118	-0.069089	0.000000	0.159965	0.007807	4.1
119	-0.067296	0.000000	0.159965	0.006716	4.5
120	-0.063710	0.000000	0.159965	0.009992	5.0
121	-0.067496	0.000000	0.159965	0.007228	5.4
122	-0.064932	0.000000	0.159965	0.004137	5.6
123	-0.068253	0.000000	0.159965	0.007057	5.3
124	-0.068082	0.000000	0.159965	0.010340	4.8
125	-0.068932	0.000000	0.159965	0.011098	4.6
126	-0.067254	0.000000	0.159965	0.004641	4.7
127	-0.066832	0.000000	0.159965	0.005354	4.8
128	-0.067303	0.000000	0.159965	0.007658	4.4
129	-0.071654	0.000000	0.159965	0.007068	4.3
130	-0.066537	0.000000	0.159965	0.009587	4.2
131	-0.069845	0.000000	0.159965	0.006171	4.2
132	-0.067402	0.000000	0.159965	0.008467	4.2
133	-0.060755	0.000000	0.159965	0.003372	4.3
134	-0.067549	0.000000	0.159965	0.009277	5.6
135	-0.064808	0.000000	0.159965	0.008301	4.4
136	-0.063510	0.000000	0.159965	0.005638	4.6
137	-0.065497	0.000000	0.159965	0.006360	4.2
138	-0.068528	0.000000	0.159965	0.009470	4.2
139	-0.071834	0.000000	0.159965	0.003215	4.3
140	-0.063323	0.000000	0.159965	0.007679	5.5
141	-0.069179	0.000000	0.159965	0.005397	5.4
142	-0.066557	0.000000	0.159965	0.008304	5.3
143	-0.060936	0.000000	0.159965	0.007310	4.5
144	-0.066644	0.000000	0.159965	0.009640	4.7
145	-0.068846	0.000000	0.159965	0.009372	5.6
146	-0.071008	0.000000	0.159965	0.005830	5.5
147	-0.066493	0.000000	0.159965	0.008753	4.6
148	-0.070333	0.000000	0.159965	0.004388	4.3
149	-0.068672	0.000000	0.159965	0.003313	4.8
150	-0.066956	0.000000	0.159965	0.009425	4.9
151	-0.069745	0.000000	0.159965	0.007970	5.7
152	-0.068708	0.000000	0.159965	0.006702	5.6
153	-0.062873	0.000000	0.159965	0.008147	4.7
154	-0.065270	0.000000	0.159965	0.008043	5.7
155	-0.068422	0.000000	0.159965	0.007718	5.0
156	-0.066646	0.000000	0.159965	0.008486	5.0
157	-0.067486	0.000000	0.159965	0.008858	4.6
158	-0.070743	0.000000	0.159965	0.006847	4.3
159	-0.070799	0.000000	0.159965	0.008831	4.4
160	-0.062355	0.000000	0.159965	0.006582	5.0
161	-0.070356	0.000000	0.159965	0.005606	5.4
162	-0.067916	0.000000	0.159965	0.008444	4.3
163	-0.064799	0.000000	0.159965	0.006699	5.3
164	-0.069508	0.000000	0.159965	0.008340	4.4
165	-0.064717	0.000000	0.159965	0.009065	4.3
166	-0.069626	0.000000	0.159965	0.010102	4.6
167	-0.069349	0.000000	0.159965	0.005786	5.0
168	-0.069477	0.000000	0.159965	0.007834	4.6
169	-0.068461	0.000000	0.159965	0.006948	5.2
170	-0.071096	0.000000	0.159965	0.007059	5.7
171	-0.069667	0.000000	0.159965	0.009192	4.6
172	-0.069984	0.000000	0.159965	0.006576	4.6
173	-0.067665	0.000000	0.159965	0.007758	5.7
174	-0.067505	0.000000	0.159965	0.006717	5.1
175	-0.070650	0.000000	0.159965	0.005986	5.6
176	-0.057864	0.000000	0.159965	0.005162	5.6
177	-0.063870	0.000000	0.159965	0.004551	5.5
178	-0.070671	0.000000	0.159965	0.009621	5.8
179	-0.063502	0.000000	0.159965	0.005967	5.8
180	-0.065643	0.000000	0.159965	0.007722	5.6
181	-0.063761	0.000000	0.159965	0.007357	5.8
182	-0.066951	0.000000	0.159965	0.008301	5.0
183	-0.067221	0.000000	0.159965	0.005221	5.7
184	-0.062252	0.000000	0.159965	0.006338	5.8
185	-0.066183	0.000000	0.159965	0.003436	5.8
186	-0.068011	0.000000	0.159965	0.006837	5.7
187	-0.068602	0.000000	0.159965	0.004650	5.9
188	-0.067893	0.000000	0.159965	0.006983	5.7
189	-0.071924	0.000000	0.159965	0.007314	5.0
190	-0.065443	0.000000	0.159965	0.005980	5.9
191	-0.063676	0.000000	0.159965	0.010462	5.9
192	-0.068010	0.000000	0.159965	0.005090	5.7
193	-0.071746	0.000000	0.159965	0.012336	5.0
194	-0.068310	0.000000	0.159965	0.007584	4.8
195	-0.066951	0.000000	0.159965	0.006225	4.7
196	-0.064399	0.000000	0.159965	0.008248	5.0
197	-0.066529	0.000000	0.159965	0.009764	5.8
198	-0.070790	0.000000	0.159965	0.004042	5.8
199	-0.065161	0.000000	0.159965	0.009125	5.3
200	-0.070468	0.000000	0.159965	0.004125	4.5
201	-0.067474	0.000000	0.159965	0.007989	4.6
202	-0.068874	0.000000	0.159965	0.004476	4.8
203	-0.066661	0.000000	0.159965	0.004652	5.7
204	-0.072491	0.000000	0.159965	0.006127	5.7
205	-0.066124	0.000000	0.159965	0.007910	5.8
206	-0.066819	0.000000	0.159965	0.007992	5.8
207	-0.063546	0.000000	0.159965	0.005755	5.9
208	-0.068551	0.000000	0.159965	0.008602	5.7
209	-0.069600	0.000000	0.159965	0.003496	5.2
210	-0.065923	0.000000	0.159965	0.006701	5.0
211	-0.068298	0.000000	0.159965	0.005570	4.6
212	-0.068736	0.000000	0.159965	0.006054	5.4
213	-0.067659	0.000000	0.159965	0.006024	4.8
214	-0.065974	0.000000	0.159965	0.005135	4.8
215	-0.064251	0.000000	0.159965	0.008032	5.6
216	-0.069519	0.000000	0.159965	0.003244	5.2
217	-0.073521	0.000000	0.159965	0.007727	5.6
218	-0.069422	0.000000	0.159965	0.004418	5.4
219	-0.067981	0.000000	0.159965	0.006733	5.9
220	-0.067459	0.000000	0.159965	0.008167	5.9
221	-0.067665	0.000000	0.159965	0.005729	5.7
222	-0.067950	0.000000	0.159965	0.013055	5.6
223	-0.070573	0.000000	0.159965	0.009317	5.9
224	-0.064335	0.000000	0.159965	0.003472	5.9
225	-0.067063	0.000000	0.159965	0.007217	5.9
226	-0.070262	0.000000	0.159965	0.006183	5.8
227	-0.066883	0.000000	0.159965	0.010568	5.6
228	-0.070344	0.000000	0.159965	0.008353	5.7
229	-0.068393	0.000000	0.159965	0.002798	5.5
230	-0.064831	1.000000	0.155547	0.007341	4.6
231	-0.073849	0.200000	0.159054	0.008239	5.2
232	-0.067000	0.000000	0.159965	0.007710	5.2
233	-0.070173	0.000000	0.159965	0.008838	6.0
234	-0.070195	0.000000	0.159965	0.005681	5.8
235	-0.069400	0.000000	0.159965	0.006161	6.6
236	-0.066945	0.000000	0.159965	0.005143	5.9
237	-0.069465	0.000000	0.159965	0.004580	5.0
238	-0.069509	0.000000	0.159965	0.007822	6.2
239	-0.068638	0.000000	0.159965	0.007369	5.8
240	-0.065896	0.000000	0.159965	0.006182	5.8
241	-0.067406	0.000000	0.159965	0.008615	6.0
242	-0.068522	0.000000	0.159965	0.005373	5.8
243	-0.073722	0.000000	0.159965	0.008394	6.0
244	-0.065712	0.000000	0.159965	0.005112	5.8
245	-0.067721	0.000000	0.159965	0.004420	5.8
246	-0.070411	0.000000	0.159965	0.011910	5.9
247	-0.069473	0.000000	0.159965	0.004330	5.9
248	-0.069329	0.000000	0.159965	0.003524	5.9
249	-0.065623	1.000000	0.155547	0.007732	5.9
250	-0.071751	0.200000	0.159054	0.010376	5.6
251	-0.070506	0.000000	0.159965	0.006574	6.0
252	-0.073147	0.000000	0.159965	0.008809	6.4
253	-0.064502	0.000000	0.159965	0.007945	5.9
254	-0.070771	0.000000	0.159965	0.001610	5.9
255	-0.068908	1.000000	0.155547	0.008545	5.7
256	-0.068158	2.000000	0.151440	0.006281	5.7
257	-0.067384	1.200000	0.154702	0.005613	5.7
258	-0.066028	2.200000	0.150652	0.006694	5.5
259	-0.071905	1.400000	0.153869	0.009277	5.7
260	-0.065900	0.600000	0.157275	0.009749	5.1
261	-0.064688	0.000000	0.159965	0.004878	5.9
262	-0.070225	0.000000	0.159965	0.006151	6.0
263	-0.062569	0.000000	0.159965	0.006495	5.8
264	-0.074056	0.000000	0.159965	0.007191	5.6
265	-0.067642	0.000000	0.159965	0.010227	5.7
266	-0.072090	0.000000	0.159965	0.008273	5.0
267	-0.064814	0.000000	0.159965	0.005516	5.6
268	-0.066189	0.000000	0.159965	0.006685	4.9
269	-0.069090	0.000000	0.159965	0.006496	5.0
270	-0.068074	0.000000	0.159965	0.009096	5.8
271	-0.066668	0.000000	0.159965	0.006658	5.8
272	-0.071825	0.000000	0.159965	0.007667	5.8
273	-0.065326	0.000000	0.159965	0.009652	5.9
274	-0.067949	0.000000	0.159965	0.005063	5.7
275	-0.067823	0.000000	0.159965	0.008998	5.8
276	-0.068969	0.000000	0.159965	0.009043	5.8
277	-0.068480	0.000000	0.159965	0.005920	5.7
278	-0.073338	0.000000	0.159965	0.008308	5.8
279	-0.066134	0.000000	0.159965	0.009902	5.8
280	-0.072313	0.000000	0.159965	0.008425	6.0
281	-0.060994	0.000000	0.159965	0.007534	5.9
282	-0.069202	0.000000	0.159965	0.007129	5.9
283	-0.065783	0.000000	0.159965	0.007139	5.8
284	-0.069609	0.000000	0.159965	0.003319	6.0
285	-0.073722	0.000000	0.159965	0.007304	5.7
286	-0.069642	0.000000	0.159965	0.008423	5.9
287	-0.069279	0.000000	0.159965	0.005883	5.4
288	-0.060719	0.000000	0.159965	0.007177	5.9
289	-0.068525	0.000000	0.159965	0.004512	5.9
290	-0.066567	0.000000	0.159965	0.007132	6.0
291	-0.070381	0.000000	0.159965	0.009980	5.6
292	-0.067453	0.000000	0.159965	0.004710	5.9
293	-0.067519	0.000000	0.159965	0.004468	5.9
294	-0.065265	0.000000	0.159965	0.005880	5.5
295	-0.069507	0.000000	0.159965	0.007212	5.4
296	-0.070989	0.000000	0.159965	0.008700	5.8
297	-0.066097	0.000000	0.159965	0.006540	5.6
298	-0.068942	0.000000	0.159965	0.005389	5.9
299	-0.069898	0.000000	0.159965	0.007447	5.9
300	-0.068590	0.000000	0.159965	0.003919	5.8
301	-0.073462	0.000000	0.159965	0.010827	5.5
302	-0.067593	0.000000	0.159965	0.011224	5.9
303	-0.064238	0.000000	0.159965	0.007956	5.4
304	-0.073904	0.000000	0.159965	0.013154	5.6
305	-0.070985	0.000000	0.159965	0.011407	4.9
306	-0.069769	0.000000	0.159965	0.006655	5.5
307	-0.067244	0.000000	0.159965	0.005875	5.7
308	-0.067101	0.000000	0.159965	0.007297	5.7
309	-0.068592	0.000000	0.159965	0.006385	5.3
310	-0.066347	0.000000	0.159965	0.008137	5.0
311	-0.070654	0.000000	0.159965	0.004757	4.8
312	-0.072617	0.000000	0.159965	0.007490	4.5
313	-0.067290	0.000000	0.159965	0.007121	4.4
314	-0.079511	0.000000	0.159965	0.008902	4.4
315	-0.068365	0.000000	0.159965	0.006181	4.1
316	-0.070551	0.000000	0.159965	0.001998	4.1
317	-0.067360	0.000000	0.159965	0.005123	4.1
318	-0.069921	0.000000	0.159965	0.005158	4.0
319	-0.065455	0.000000	0.159965	0.006703	4.1
320	-0.072575	0.000000	0.159965	0.004918	4.1
321	-0.069566	0.000000	0.159965	0.007849	4.1
322	-0.068987	0.000000	0.159965	0.007222	4.2
323	-0.068790	0.000000	0.159965	0.004545	5.5
324	-0.073175	0.000000	0.159965	0.004688	5.6
325	-0.062373	0.000000	0.159965	0.006580	5.3
326	-0.066411	0.000000	0.159965	0.007770	4.8
327	-0.065962	0.000000	0.159965	0.007698	4.5
328	-0.069501	0.000000	0.159965	0.005302	4.5
329	-0.067705	0.000000	0.159965	0.008105	4.6
330	-0.065463	0.000000	0.159965	0.005115	4.2
331	-0.074611	0.000000	0.159965	0.008264	4.2
332	-0.069170	0.000000	0.159965	0.006292	4.2
333	-0.070797	0.000000	0.159965	0.008627	4.1
334	-0.066247	0.000000	0.159965	0.005865	4.1
335	-0.066706	0.000000	0.159965	0.003929	4.0
336	-0.066393	0.000000	0.159965	0.008722	4.1
337	-0.072880	0.000000	0.159965	0.006404	5.5
338	-0.065077	0.000000	0.159965	0.003112	4.3
339	-0.068474	1.000000	0.155547	0.008086	4.3
340	-0.066153	2.000000	0.151440	0.005774	4.3
341	-0.074211	1.200000	0.154702	0.010559	4.2
342	-0.069133	0.400000	0.158158	0.006851	4.2
343	-0.063868	0.000000	0.159965	0.007655	5.4
344	-0.067101	0.000000	0.159965	0.004666	5.1
345	-0.070177	0.000000	0.159965	0.009672	4.5
346	-0.064510	0.000000	0.159965	0.006318	4.6
347	-0.068825	0.000000	0.159965	0.011307	4.3
348	-0.074178	0.000000	0.159965	0.004770	4.4
349	-0.069726	0.000000	0.159965	0.009762	4.7
350	-0.069390	0.000000	0.159965	0.003444	5.7
351	-0.069085	0.000000	0.159965	0.006677	5.7
352	-0.072037	0.000000	0.159965	0.007551	4.7
353	-0.066339	0.000000	0.159965	0.009830	5.7
354	-0.067791	0.000000	0.159965	0.007933	5.5
355	-0.069049	0.000000	0.159965	0.010733	5.2
356	-0.066451	0.000000	0.159965	0.006989	4.8
357	-0.070952	0.000000	0.159965	0.007148	4.8
358	-0.067678	0.000000	0.159965	0.007473	4.4
359	-0.069621	0.000000	0.159965	0.006364	5.5
360	-0.072208	0.000000	0.159965	0.006950	5.4
361	-0.068213	0.000000	0.159965	0.010101	4.6
362	-0.071319	0.000000	0.159965	0.006805	4.8
363	-0.068661	0.000000	0.159965	0.007885	4.8
364	-0.072269	0.000000	0.159965	0.005355	5.0
365	-0.070042	0.000000	0.159965	0.010491	4.5
366	-0.067674	0.000000	0.159965	0.007485	4.7
367	-0.069153	0.000000	0.159965	0.006452	5.6
368	-0.066378	0.000000	0.159965	0.007580	5.5
369	-0.069205	0.000000	0.159965	0.006018	4.6
370	-0.065073	0.000000	0.159965	0.004861	4.7
371	-0.069767	0.000000	0.159965	0.007869	4.3
372	-0.071175	0.000000	0.159965	0.005949	4.2
373	-0.070088	0.000000	0.159965	0.006649	5.6
374	-0.068745	0.000000	0.159965	0.003799	5.7
375	-0.069769	0.000000	0.159965	0.009226	5.7
376	-0.069280	0.000000	0.159965	0.004380	4.6
377	-0.073057	0.000000	0.159965	0.007768	4.7
378	-0.073888	0.000000	0.159965	0.007469	4.9
379	-0.069327	0.000000	0.159965	0.004510	4.8
380	-0.072613	0.000000	0.159965	0.009362	4.6
381	-0.060263	0.000000	0.159965	0.005921	4.3
382	-0.071927	0.000000	0.159965	0.006687	4.3
383	-0.069366	0.000000	0.159965	0.007625	4.3
384	-0.064709	0.000000	0.159965	0.009101	3.9
385	-0.064837	0.000000	0.159965	0.007371	4.1
386	-0.067514	0.000000	0.159965	0.004841	4.2
387	-0.069538	0.000000	0.159965	0.006746	4.3
388	-0.067870	0.000000	0.159965	0.005926	4.1
389	-0.064031	0.000000	0.159965	0.007522	4.0
390	-0.068661	0.000000	0.159965	0.005224	4.0
391	-0.064527	0.000000	0.159965	0.007573	4.0
392	-0.068026	0.000000	0.159965	0.006627	4.3
393	-0.065612	0.000000	0.159965	0.011636	4.0
394	-0.069431	0.000000	0.159965	0.009269	4.3
395	-0.067001	0.000000	0.159965	0.008790	5.5
396	-0.063446	0.000000	0.159965	0.006288	5.5
397	-0.066578	0.000000	0.159965	0.009089	5.3
398	-0.072822	0.000000	0.159965	0.005800	5.2
399	-0.067819	0.000000	0.159965	0.005691	4.8
400	-0.071381	0.000000	0.159965	0.008011	4.9
401	-0.069859	0.000000	0.159965	0.008512	5.7
402	-0.070534	0.000000	0.159965	0.006265	5.7
403	-0.071110	0.000000	0.159965	0.006763	5.5
404	-0.063935	0.000000	0.159965	0.007913	5.5
405	-0.069239	0.000000	0.159965	0.006479	5.0
406	-0.066496	0.000000	0.159965	0.006643	4.9
407	-0.071670	0.000000	0.159965	0.005021	4.7
408	-0.070313	0.000000	0.159965	0.011527	4.5
409	-0.072874	0.000000	0.159965	0.004716	4.4
410	-0.068290	0.000000	0.159965	0.004518	4.4
411	-0.065122	0.000000	0.159965	0.007037	4.0
412	-0.070335	0.000000	0.159965	0.010324	4.2
413	-0.071369	0.000000	0.159965	0.003809	4.1
414	-0.070295	0.000000	0.159965	0.008101	5.5
415	-0.071474	0.000000	0.159965	0.010359	5.4
416	-0.071859	0.000000	0.159965	0.005318	5.2
417	-0.064956	0.000000	0.159965	0.006684	4.7
418	-0.070272	0.000000	0.159965	0.008933	4.6
419	-0.067688	0.000000	0.159965	0.008457	4.5
420	-0.069098	0.000000	0.159965	0.006578	4.4
421	-0.067452	0.000000	0.159965	0.005601	4.3
422	-0.066831	0.000000	0.159965	0.007071	4.3
423	-0.063404	0.000000	0.159965	0.010115	5.6
424	-0.068005	0.000000	0.159965	0.011063	5.6
425	-0.070904	0.000000	0.159965	0.007563	5.6
426	-0.066279	0.000000	0.159965	0.008440	5.8
427	-0.067779	0.000000	0.159965	0.005277	5.1
428	-0.063175	0.000000	0.159965	0.004739	5.9
429	-0.072389	0.000000	0.159965	0.006289	6.3
430	-0.070429	0.000000	0.159965	0.008200	5.9
431	-0.071400	0.000000	0.159965	0.004515	4.9
432	-0.071521	0.000000	0.159965	0.006117	4.6
433	-0.071216	0.000000	0.159965	0.006133	4.5
434	-0.073548	0.000000	0.159965	0.006087	4.2
435	-0.071975	0.000000	0.159965	0.002049	4.0
436	-0.069120	1.000000	0.155547	0.007656	4.1
437	-0.071144	0.200000	0.159054	0.005786	4.1
438	-0.069385	0.000000	0.159965	0.007800	4.1
439	-0.069844	0.000000	0.159965	0.007896	4.1
440	-0.060338	0.000000	0.159965	0.006749	4.0
441	-0.072697	0.000000	0.159965	0.008801	4.2
442	-0.070780	0.000000	0.159965	0.005896	4.4
443	-0.064631	0.000000	0.159965	0.005439	4.1
444	-0.068645	0.000000	0.159965	0.006234	4.2
445	-0.069722	0.000000	0.159965	0.007550	4.3
446	-0.075701	0.000000	0.159965	0.003516	4.4
447	-0.074022	0.000000	0.159965	0.009197	4.5
448	-0.073319	0.000000	0.159965	0.009070	4.6
449	-0.070261	0.000000	0.159965	0.007406	4.1
450	-0.066892	0.000000	0.159965	0.009133	4.2
451	-0.072311	0.000000	0.159965	0.010364	4.1
452	-0.066973	0.000000	0.159965	0.005710	4.1
453	-0.067154	0.000000	0.159965	0.009901	4.0
454	-0.068205	0.000000	0.159965	0.006498	4.1
455	-0.070329	0.000000	0.159965	0.009960	5.6
456	-0.069491	0.000000	0.159965	0.007142	4.5
457	-0.072757	0.000000	0.159965	0.008240	4.2
458	-0.069721	0.000000	0.159965	0.008370	4.5
459	-0.065707	0.000000	0.159965	0.010233	5.6
460	-0.067553	0.000000	0.159965	0.008768	4.7
461	-0.070665	0.000000	0.159965	0.009052	4.5
462	-0.065483	0.000000	0.159965	0.006316	4.6
463	-0.065324	0.000000	0.159965	0.006806	5.6
464	-0.072093	0.000000	0.159965	0.009292	4.5
465	-0.073460	0.000000	0.159965	0.008679	4.3
466	-0.067681	0.000000	0.159965	0.009523	4.3
467	-0.065691	0.000000	0.159965	0.008809	4.3
468	-0.066083	0.000000	0.159965	0.007830	4.2
469	-0.066903	0.000000	0.159965	0.007827	4.4
470	-0.065975	0.000000	0.159965	0.008493	4.5
471	-0.065586	0.000000	0.159965	0.006639	5.4
472	-0.069081	0.000000	0.159965	0.006952	5.4
473	-0.065607	0.000000	0.159965	0.006866	4.6
474	-0.073381	0.000000	0.159965	0.008318	5.6
475	-0.069892	0.000000	0.159965	0.006600	5.5
476	-0.070722	0.000000	0.159965	0.006809	4.9
477	-0.070357	0.000000	0.159965	0.005949	4.6
478	-0.066310	0.000000	0.159965	0.006542	5.6
479	-0.072527	0.000000	0.159965	0.005560	5.7
480	-0.066061	0.000000	0.159965	0.007122	6.0
481	-0.068165	0.000000	0.159965	0.005978	5.7
482	-0.069795	0.000000	0.159965	0.006367	5.2
483	-0.068962	0.000000	0.159965	0.007674	5.9
484	-0.071381	0.000000	0.159965	0.006561	5.7
485	-0.070321	0.000000	0.159965	0.004304	5.7
486	-0.067019	0.000000	0.159965	0.008492	5.2
487	-0.072972	0.000000	0.159965	0.005187	4.9
488	-0.072636	0.000000	0.159965	0.006081	5.8
489	-0.071755	0.000000	0.159965	0.005276	5.8
490	-0.070435	1.000000	0.155547	0.008097	5.4
491	-0.067837	0.200000	0.159054	0.008615	5.0
492	-0.064158	0.000000	0.159965	0.007020	4.8
493	-0.067944	0.000000	0.159965	0.006030	4.7
494	-0.067621	0.000000	0.159965	0.006437	5.3
495	-0.074970	0.000000	0.159965	0.009689	5.4
496	-0.065048	0.000000	0.159965	0.007483	5.0
497	-0.068461	0.000000	0.159965	0.008901	4.8
498	-0.065121	0.000000	0.159965	0.004038	5.2
499	-0.071314	0.000000	0.159965	0.006086	5.4
500	-0.071126	0.000000	0.159965	0.006613	5.2
501	-0.070882	0.000000	0.159965	0.006708	5.1
502	-0.073881	0.000000	0.159965	0.008881	4.6
503	-0.071491	0.000000	0.159965	0.006921	4.6
504	-0.065180	0.000000	0.159965	0.006153	4.8
505	-0.064857	0.000000	0.159965	0.005283	4.6
506	-0.071461	0.000000	0.159965	0.007309	4.6
507	-0.069222	0.000000	0.159965	0.007296	4.8
508	-0.066833	0.000000	0.159965	0.007164	5.8
509	-0.071775	0.000000	0.159965	0.006217	5.2
510	-0.067641	0.000000	0.159965	0.007488	5.3
511	-0.071801	0.000000	0.159965	0.006899	5.3
512	-0.067511	0.000000	0.159965	0.006491	4.8
513	-0.069450	0.000000	0.159965	0.010038	4.9
514	-0.070333	0.000000	0.159965	0.008216	4.9
515	-0.070829	0.000000	0.159965	0.005991	5.8
516	-0.067460	0.000000	0.159965	0.005370	5.1
517	-0.066517	0.000000	0.159965	0.006053	5.6
518	-0.065876	0.000000	0.159965	0.006877	5.7
519	-0.067652	0.000000	0.159965	0.005686	5.7
520	-0.069296	0.000000	0.159965	0.006571	5.7
521	-0.068178	0.000000	0.159965	0.007343	5.1
522	-0.071006	0.000000	0.159965	0.008172	5.0
523	-0.069868	0.000000	0.159965	0.005892	5.6
524	-0.073088	0.000000	0.159965	0.004690	5.5
525	-0.070856	0.000000	0.159965	0.012047	5.4
526	-0.071230	0.000000	0.159965	0.005908	5.0
527	-0.066428	0.000000	0.159965	0.004857	5.5
528	-0.070930	0.000000	0.159965	0.006003	6.1
529	-0.069526	0.000000	0.159965	0.006007	5.7
530	-0.068251	0.000000	0.159965	0.007147	5.7
531	-0.070793	0.000000	0.159965	0.005966	5.8
532	-0.066973	0.000000	0.159965	0.005219	5.8
533	-0.071064	1.000000	0.155547	0.008640	5.8
534	-0.069385	0.200000	0.159054	0.004105	6.0
535	-0.073607	0.000000	0.159965	0.008132	5.3
536	-0.070643	0.000000	0.159965	0.007456	5.2
537	-0.065980	0.000000	0.159965	0.008712	6.1
538	-0.070578	0.000000	0.159965	0.007512	5.5
539	-0.072420	0.000000	0.159965	0.006362	5.1
540	-0.070387	0.000000	0.159965	0.010095	5.0
541	-0.069241	0.000000	0.159965	0.007686	4.8
542	-0.068513	0.000000	0.159965	0.004032	4.9
543	-0.069461	0.000000	0.159965	0.007380	5.2
544	-0.073009	0.000000	0.159965	0.007663	5.3
545	-0.071790	0.000000	0.159965	0.006130	5.0
546	-0.063313	0.000000	0.159965	0.007441	4.9
547	-0.067864	0.000000	0.159965	0.005072	4.6
548	-0.071052	0.000000	0.159965	0.007798	4.8
549	-0.068199	0.000000	0.159965	0.005895	6.1
550	-0.070694	0.000000	0.159965	0.009094	5.7
551	-0.067566	0.000000	0.159965	0.008961	4.8
552	-0.065953	0.000000	0.159965	0.006153	4.8
553	-0.067415	0.000000	0.159965	0.007283	4.6
554	-0.066805	0.000000	0.159965	0.006840	4.5
555	-0.071647	0.000000	0.159965	0.011047	4.1
556	-0.070021	0.000000	0.159965	0.005836	4.2
557	-0.065544	0.000000	0.159965	0.006218	4.1
558	-0.071930	0.000000	0.159965	0.003898	4.1
559	-0.069873	0.000000	0.159965	0.008062	4.1
560	-0.065093	0.000000	0.159965	0.006044	4.0
561	-0.070972	0.000000	0.159965	0.008595	4.1
562	-0.070407	0.000000	0.159965	0.009104	4.1
563	-0.066691	0.000000	0.159965	0.007522	4.0
564	-0.075879	0.000000	0.159965	0.009481	4.1
565	-0.069230	0.000000	0.159965	0.004785	4.1
566	-0.066256	1.000000	0.155547	0.008888	4.0
567	-0.070810	0.200000	0.159054	0.009145	4.0
568	-0.071247	0.000000	0.159965	0.006327	4.4
569	-0.062327	0.000000	0.159965	0.007028	5.5
570	-0.066334	0.000000	0.159965	0.008541	5.0
571	-0.068140	0.000000	0.159965	0.004848	4.3
572	-0.065226	0.000000	0.159965	0.009278	4.2
573	-0.069610	0.000000	0.159965	0.004019	4.0
574	-0.068582	0.000000	0.159965	0.008287	4.1
575	-0.068406	0.000000	0.159965	0.006477	4.4
576	-0.071654	0.000000	0.159965	0.006246	4.2
577	-0.066912	0.000000	0.159965	0.007071	5.5
578	-0.069540	0.000000	0.159965	0.009014	5.5
579	-0.064614	0.000000	0.159965	0.006651	5.5
580	-0.073463	0.000000	0.159965	0.005737	5.6
581	-0.071957	0.000000	0.159965	0.005106	5.2
582	-0.071857	0.000000	0.159965	0.004680	5.8
583	-0.074542	0.000000	0.159965	0.008445	5.7
584	-0.068651	0.000000	0.159965	0.006082	5.2
585	-0.065487	0.000000	0.159965	0.006030	5.6
586	-0.074520	0.000000	0.159965	0.007674	5.0
587	-0.068424	0.000000	0.159965	0.005217	4.7
588	-0.072396	0.000000	0.159965	0.007218	4.8
589	-0.071802	0.000000	0.159965	0.007644	4.8
590	-0.069043	0.000000	0.159965	0.008493	5.0
591	-0.066514	0.000000	0.159965	0.007097	4.8
592	-0.071269	0.000000	0.159965	0.008147	4.3
593	-0.070450	0.000000	0.159965	0.007447	4.5
594	-0.074724	0.000000	0.159965	0.011442	4.4
595	-0.077588	0.000000	0.159965	0.008620	4.6
596	-0.069120	0.000000	0.159965	0.008598	5.5
597	-0.070890	0.000000	0.159965	0.006773	5.4
598	-0.070583	0.000000	0.159965	0.008498	4.7
599	-0.068193	0.000000	0.159965	0.006015	4.9
600	-0.067417	0.000000	0.159965	0.008458	5.8
601	-0.072331	0.000000	0.159965	0.002843	5.5
602	-0.071480	0.000000	0.159965	0.007024	5.1
603	-0.070136	0.000000	0.159965	0.009045	4.7
604	-0.067801	0.000000	0.159965	0.010075	5.0
605	-0.068480	0.000000	0.159965	0.005689	5.5
606	-0.070754	0.000000	0.159965	0.010084	5.8
607	-0.069858	0.000000	0.159965	0.008869	5.6
608	-0.073533	0.000000	0.159965	0.007631	5.2
609	-0.068887	0.000000	0.159965	0.004542	5.7
610	-0.069878	0.000000	0.159965	0.005651	5.6
611	-0.069559	0.000000	0.159965	0.008860	5.4
612	-0.071222	0.000000	0.159965	0.006687	5.0
613	-0.067898	0.000000	0.159965	0.007363	5.3
614	-0.066193	0.000000	0.159965	0.005497	5.8
615	-0.067736	0.000000	0.159965	0.006273	5.5
616	-0.069226	0.000000	0.159965	0.004673	5.2
617	-0.069985	0.000000	0.159965	0.006084	5.5
618	-0.071811	0.000000	0.159965	0.007701	5.5
619	-0.073998	0.000000	0.159965	0.007955	5.4
620	-0.070111	0.000000	0.159965	0.005773	4.6
621	-0.067671	0.000000	0.159965	0.007092	5.8
622	-0.069738	0.000000	0.159965	0.006911	5.6
623	-0.070160	0.000000	0.159965	0.004953	4.7
624	-0.064965	0.000000	0.159965	0.006958	4.7
625	-0.074652	0.000000	0.159965	0.010535	5.8
626	-0.070301	0.000000	0.159965	0.005452	5.9
627	-0.070028	0.000000	0.159965	0.005510	4.9
628	-0.066485	0.000000	0.159965	0.005558	4.9
629	-0.072080	0.000000	0.159965	0.004805	5.2
630	-0.070939	0.000000	0.159965	0.007901	5.1
631	-0.069535	0.000000	0.159965	0.007377	5.8
632	-0.071374	0.000000	0.159965	0.008715	5.7
633	-0.066334	0.000000	0.159965	0.008451	5.0
634	-0.067288	0.000000	0.159965	0.006080	4.9
635	-0.070859	0.000000	0.159965	0.009299	4.7
636	-0.067788	0.000000	0.159965	0.008202	5.1
637	-0.073478	0.000000	0.159965	0.006476	4.4
638	-0.071128	0.000000	0.159965	0.005700	5.5
639	-0.074676	0.000000	0.159965	0.010291	5.5
640	-0.070286	0.000000	0.159965	0.006449	4.7
641	-0.066574	0.000000	0.159965	0.008662	4.7
642	-0.066476	0.000000	0.159965	0.006492	4.6
643	-0.070445	0.000000	0.159965	0.008145	4.5
644	-0.070006	0.000000	0.159965	0.005641	4.4
645	-0.069882	0.000000	0.159965	0.008019	5.5
646	-0.067218	0.000000	0.159965	0.008926	4.9
647	-0.072410	0.000000	0.159965	0.005968	5.9
648	-0.072461	0.000000	0.159965	0.007133	5.6
649	-0.070259	0.000000	0.159965	0.008798	5.5
650	-0.069174	0.000000	0.159965	0.007231	5.9
651	-0.068408	0.000000	0.159965	0.008949	5.9
652	-0.068020	0.000000	0.159965	0.005889	5.7
653	-0.070308	0.000000	0.159965	0.010226	4.9
654	-0.071913	0.000000	0.159965	0.009863	4.9
655	-0.063916	0.000000	0.159965	0.007930	5.7
656	-0.072961	0.000000	0.159965	0.007611	5.3
657	-0.076201	0.000000	0.159965	0.007804	5.0
658	-0.069519	0.000000	0.159965	0.005472	4.9
659	-0.066053	0.000000	0.159965	0.009431	5.0
660	-0.069386	0.000000	0.159965	0.009104	5.7
661	-0.070967	0.000000	0.159965	0.006516	5.8
662	-0.072103	0.000000	0.159965	0.009830	5.8
663	-0.072184	0.000000	0.159965	0.010524	5.5
664	-0.070186	0.000000	0.159965	0.008205	5.9
665	-0.062544	0.000000	0.159965	0.006346	5.3
666	-0.069703	0.000000	0.159965	0.007127	4.5
667	-0.066800	0.000000	0.159965	0.008698	4.5
668	-0.066690	0.000000	0.159965	0.002717	4.5
669	-0.068646	0.000000	0.159965	0.011353	4.6
670	-0.065387	0.000000	0.159965	0.005762	5.4
671	-0.072595	0.000000	0.159965	0.005792	4.8
672	-0.068239	0.000000	0.159965	0.004760	5.6
673	-0.067971	0.000000	0.159965	0.007247	4.4
674	-0.068333	0.000000	0.159965	0.005781	4.4
675	-0.069846	0.000000	0.159965	0.009862	4.5
676	-0.071831	0.000000	0.159965	0.004082	4.5
677	-0.072674	0.000000	0.159965	0.010967	4.9
678	-0.065742	0.000000	0.159965	0.006172	4.4
679	-0.063466	0.000000	0.159965	0.005304	5.7
680	-0.067610	0.000000	0.159965	0.009444	5.4
681	-0.064002	0.000000	0.159965	0.003366	5.4
682	-0.071004	0.000000	0.159965	0.004525	5.6
683	-0.071196	0.000000	0.159965	0.006421	5.3
684	-0.068578	0.000000	0.159965	0.009038	5.5
685	-0.067823	0.000000	0.159965	0.003348	5.5
686	-0.073638	0.000000	0.159965	0.008802	5.6
687	-0.069313	0.000000	0.159965	0.007404	5.0
688	-0.069786	0.000000	0.159965	0.007709	5.7
689	-0.071075	0.000000	0.159965	0.006311	5.7
690	-0.072242	0.000000	0.159965	0.006540	5.5
691	-0.072227	0.000000	0.159965	0.007707	5.3
692	-0.070634	0.000000	0.159965	0.008590	5.8
693	-0.065414	0.000000	0.159965	0.007239	5.5
694	-0.070974	0.000000	0.159965	0.008496	5.7
695	-0.068263	0.000000	0.159965	0.008342	5.7
696	-0.073123	0.000000	0.159965	0.009094	5.5
697	-0.068481	0.000000	0.159965	0.002934	5.6
698	-0.072595	0.000000	0.159965	0.006288	5.5
699	-0.071155	0.000000	0.159965	0.006278	5.3
700	-0.065658	0.000000	0.159965	0.008234	5.4
701	-0.074860	0.000000	0.159965	0.006337	5.4
702	-0.073712	0.000000	0.159965	0.008214	5.5
703	-0.067581	0.000000	0.159965	0.007957	5.7
704	-0.065223	0.000000	0.159965	0.009219	5.6
705	-0.067351	0.000000	0.159965	0.006359	4.9
706	-0.069938	0.000000	0.159965	0.006063	5.2
707	-0.065957	0.000000	0.159965	0.005803	5.5
708	-0.068773	0.000000	0.159965	0.004985	5.6
709	-0.070794	0.000000	0.159965	0.006331	5.6
710	-0.076448	0.000000	0.159965	0.004151	5.3
711	-0.074438	0.000000	0.159965	0.006538	5.7
712	-0.072973	0.000000	0.159965	0.006456	5.7
713	-0.069984	0.000000	0.159965	0.006506	5.3
714	-0.069516	0.000000	0.159965	0.006631	5.6
715	-0.068350	0.000000	0.159965	0.006861	5.4
716	-0.070831	0.000000	0.159965	0.009301	4.9
717	-0.068392	0.000000	0.159965	0.003744	5.7
718	-0.071731	0.000000	0.159965	0.009119	5.8
719	-0.070927	1.000000	0.155547	0.004812	5.1
720	-0.070246	0.200000	0.159054	0.007921	5.5
721	-0.069426	0.000000	0.159965	0.009018	5.5
722	-0.067085	0.000000	0.159965	0.007401	5.8
723	-0.068494	0.000000	0.159965	0.008333	5.9
724	-0.069320	0.000000	0.159965	0.003690	5.8
725	-0.072498	0.000000	0.159965	0.007640	5.7
726	-0.074140	0.000000	0.159965	0.006296	5.9
727	-0.065325	0.000000	0.159965	0.003907	5.8
728	-0.073943	0.000000	0.159965	0.008350	5.8
729	-0.069885	0.000000	0.159965	0.007565	5.9
730	-0.065745	0.000000	0.159965	0.010586	5.7
731	-0.062375	0.000000	0.159965	0.007659	6.0
732	-0.068770	0.000000	0.159965	0.008147	5.9
733	-0.073932	0.000000	0.159965	0.005548	5.7
734	-0.069535	0.000000	0.159965	0.010414	5.8
735	-0.072783	0.000000	0.159965	0.009170	5.8
736	-0.069267	0.000000	0.159965	0.006535	5.6
737	-0.070332	0.000000	0.159965	0.008341	5.8
738	-0.070497	0.000000	0.159965	0.005934	5.6
739	-0.070424	0.000000	0.159965	0.007184	5.8
740	-0.075799	0.000000	0.159965	0.007161	5.7
741	-0.073715	0.000000	0.159965	0.008899	5.5
742	-0.066795	0.000000	0.159965	0.006811	5.2
743	-0.073012	0.000000	0.159965	0.006891	4.7
744	-0.063257	0.000000	0.159965	0.006906	4.5
745	-0.071291	0.000000	0.159965	0.008333	4.3
746	-0.068749	0.000000	0.159965	0.006748	4.6
747	-0.078461	0.000000	0.159965	0.008445	4.3
748	-0.067726	0.000000	0.159965	0.009207	5.5
749	-0.068809	0.000000	0.159965	0.007289	5.5
750	-0.071169	0.000000	0.159965	0.006703	5.5
751	-0.068241	0.000000	0.159965	0.005987	5.3
752	-0.071900	0.000000	0.159965	0.008345	5.3
753	-0.069812	0.000000	0.159965	0.005820	5.7
754	-0.066039	0.000000	0.159965	0.006517	4.7
755	-0.073166	0.000000	0.159965	0.005425	5.0
756	-0.072096	0.000000	0.159965	0.008222	5.8
757	-0.072220	0.000000	0.159965	0.007995	6.1
758	-0.067561	0.000000	0.159965	0.007328	5.7
759	-0.072425	0.000000	0.159965	0.007899	4.8
760	-0.071393	0.000000	0.159965	0.007046	4.9
761	-0.068387	0.000000	0.159965	0.005024	5.8
762	-0.070049	0.000000	0.159965	0.009621	5.8
763	-0.068587	0.000000	0.159965	0.006242	5.0
764	-0.068266	0.000000	0.159965	0.009591	5.9
765	-0.068514	0.000000	0.159965	0.005449	5.8
766	-0.071009	0.000000	0.159965	0.010158	5.8
767	-0.068263	0.000000	0.159965	0.006518	5.3
768	-0.069969	0.000000	0.159965	0.007781	4.8
769	-0.062167	0.000000	0.159965	0.009395	4.6
770	-0.069853	0.000000	0.159965	0.005623	6.0
771	-0.070805	0.000000	0.159965	0.009227	6.1
772	-0.073200	0.000000	0.159965	0.003673	5.9
773	-0.068129	0.000000	0.159965	0.007865	5.9
774	-0.066623	0.000000	0.159965	0.007420	6.0
775	-0.069303	0.000000	0.159965	0.003564	5.4
776	-0.072403	0.000000	0.159965	0.010571	5.8
777	-0.068458	0.000000	0.159965	0.005773	5.7
778	-0.066014	0.000000	0.159965	0.004889	6.3
779	-0.070211	0.000000	0.159965	0.009595	5.9
780	-0.065938	0.000000	0.159965	0.006792	6.0
781	-0.073094	0.000000	0.159965	0.010228	6.0
782	-0.071650	0.000000	0.159965	0.011230	6.0
783	-0.071499	0.000000	0.159965	0.006242	6.1
784	-0.072792	0.000000	0.159965	0.008386	5.9
785	-0.068888	0.000000	0.159965	0.006440	5.7
786	-0.074174	0.000000	0.159965	0.009035	5.6
787	-0.070473	0.000000	0.159965	0.005054	5.6
788	-0.071935	0.000000	0.159965	0.007014	5.0
789	-0.072172	0.000000	0.159965	0.004192	5.7
790	-0.070521	0.000000	0.159965	0.008105	5.8
791	-0.071849	0.000000	0.159965	0.007194	5.1
792	-0.070488	0.000000	0.159965	0.008798	6.0
793	-0.066437	0.000000	0.159965	0.006127	5.5
794	-0.072624	0.000000	0.159965	0.010224	4.4
795	-0.068586	0.000000	0.159965	0.004834	4.8
796	-0.066329	0.000000	0.159965	0.005881	5.8
797	-0.067538	0.000000	0.159965	0.006281	6.1
798	-0.070911	0.000000	0.159965	0.005476	5.3
799	-0.070714	0.000000	0.159965	0.007774	5.9
800	-0.065601	0.000000	0.159965	0.010589	5.7
801	-0.069515	0.000000	0.159965	0.007466	5.7
802	-0.076448	0.000000	0.159965	0.007417	5.6
803	-0.073919	0.000000	0.159965	0.005818	5.5
804	-0.070709	0.000000	0.159965	0.006558	5.9
805	-0.072219	0.000000	0.159965	0.004558	5.7
806	-0.072792	0.000000	0.159965	0.008531	5.5
807	-0.068430	0.000000	0.159965	0.007629	5.2
808	-0.072058	0.000000	0.159965	0.006969	5.0
809	-0.070832	0.000000	0.159965	0.009739	4.8
810	-0.068682	0.000000	0.159965	0.004689	4.6
811	-0.071786	0.000000	0.159965	0.007129	4.5
812	-0.069799	0.000000	0.159965	0.010243	5.5
813	-0.074392	0.000000	0.159965	0.007702	5.5
814	-0.068216	0.000000	0.159965	0.006516	5.5
815	-0.067888	0.000000	0.159965	0.006580	5.7
816	-0.068392	0.000000	0.159965	0.004587	5.8
817	-0.066773	0.000000	0.159965	0.002201	5.7
818	-0.068791	0.000000	0.159965	0.005647	5.4
819	-0.070752	0.000000	0.159965	0.008923	4.9
820	-0.070322	0.000000	0.159965	0.009614	4.9
821	-0.071339	0.000000	0.159965	0.004425	4.9
822	-0.070637	0.000000	0.159965	0.004666	4.7
823	-0.067676	0.000000	0.159965	0.009017	4.4
824	-0.066191	0.000000	0.159965	0.010929	4.3
825	-0.061427	0.000000	0.159965	0.007391	4.0
826	-0.069912	0.000000	0.159965	0.006204	4.0
827	-0.071094	0.000000	0.159965	0.006485	4.1
828	-0.075456	0.000000	0.159965	0.007061	4.0
829	-0.071718	0.000000	0.159965	0.009143	4.1
830	-0.070579	0.000000	0.159965	0.008524	4.0
831	-0.065992	0.000000	0.159965	0.006483	4.0
832	-0.068782	0.000000	0.159965	0.008351	4.1
833	-0.073697	0.000000	0.159965	0.009080	5.5
834	-0.071806	0.000000	0.159965	0.009756	5.5
835	-0.068580	0.000000	0.159965	0.009511	5.5
836	-0.079176	0.000000	0.159965	0.007387	4.6
837	-0.069412	0.000000	0.159965	0.009944	4.5
838	-0.070803	0.000000	0.159965	0.006210	4.6
839	-0.065882	0.000000	0.159965	0.008450	4.5
840	-0.071453	0.000000	0.159965	0.006782	4.6
841	-0.067797	0.000000	0.159965	0.005393	5.7
842	-0.070859	0.000000	0.159965	0.007501	5.7
843	-0.072969	0.000000	0.159965	0.003808	5.6
844	-0.069382	0.000000	0.159965	0.006132	5.5
845	-0.070981	0.000000	0.159965	0.005245	5.8
846	-0.071929	0.000000	0.159965	0.008345	5.8
847	-0.069288	0.000000	0.159965	0.008984	5.7
848	-0.069163	0.000000	0.159965	0.007046	5.7
849	-0.067215	0.000000	0.159965	0.004013	5.9
850	-0.073784	0.000000	0.159965	0.007507	5.5
851	-0.071099	0.000000	0.159965	0.007693	5.0
852	-0.070592	0.000000	0.159965	0.009948	5.0
853	-0.067406	0.000000	0.159965	0.008249	5.6
854	-0.071744	0.000000	0.159965	0.008844	5.7
855	-0.069432	0.000000	0.159965	0.005798	5.6
856	-0.069768	0.000000	0.159965	0.009088	5.2
857	-0.074454	0.000000	0.159965	0.004751	4.9
858	-0.070761	0.000000	0.159965	0.008505	4.6
859	-0.070752	0.000000	0.159965	0.008553	4.5
860	-0.072313	0.000000	0.159965	0.007854	4.9
861	-0.067961	0.000000	0.159965	0.006634	5.4
862	-0.071937	0.000000	0.159965	0.011622	5.2
863	-0.068896	0.000000	0.159965	0.007365	4.9
864	-0.071758	0.000000	0.159965	0.004316	4.8
865	-0.073854	0.000000	0.159965	0.007617	4.7
866	-0.068217	0.000000	0.159965	0.007140	4.9
867	-0.063793	0.000000	0.159965	0.006522	5.1
868	-0.068576	0.000000	0.159965	0.007410	5.0
869	-0.068715	0.000000	0.159965	0.009762	4.8
870	-0.068543	0.000000	0.159965	0.008021	5.0
871	-0.067847	0.000000	0.159965	0.010052	5.2
872	-0.068096	0.000000	0.159965	0.006271	4.5
873	-0.071428	0.000000	0.159965	0.003599	4.6
874	-0.068645	0.000000	0.159965	0.007489	4.6
875	-0.075140	0.000000	0.159965	0.003472	4.6
876	-0.069559	0.000000	0.159965	0.007841	4.3
877	-0.074206	0.000000	0.159965	0.005409	4.4
878	-0.066161	0.000000	0.159965	0.009180	4.4
879	-0.070603	0.000000	0.159965	0.006152	5.4
880	-0.071425	0.000000	0.159965	0.006355	4.7
881	-0.073892	0.000000	0.159965	0.007515	5.6
882	-0.072831	0.000000	0.159965	0.006827	4.7
883	-0.072619	0.000000	0.159965	0.008662	4.5
884	-0.067309	0.000000	0.159965	0.006509	4.6
885	-0.072025	0.000000	0.159965	0.008696	5.4
886	-0.073302	0.000000	0.159965	0.005487	5.6
887	-0.072195	0.000000	0.159965	0.007615	4.6
888	-0.068654	0.000000	0.159965	0.004483	5.7
889	-0.073485	0.000000	0.159965	0.011569	4.8
890	-0.070344	0.000000	0.159965	0.005215	4.8
891	-0.072619	0.000000	0.159965	0.006249	5.1
892	-0.070754	0.000000	0.159965	0.006887	5.4
893	-0.070620	0.000000	0.159965	0.005846	4.7
894	-0.066631	0.000000	0.159965	0.004747	5.8
895	-0.070428	0.000000	0.159965	0.006268	5.9
896	-0.074765	0.000000	0.159965	0.006228	5.7
897	-0.068341	0.000000	0.159965	0.007029	5.6
898	-0.071805	0.000000	0.159965	0.004813	4.5
899	-0.072381	0.000000	0.159965	0.006413	5.6
900	-0.072342	0.000000	0.159965	0.010683	5.7
901	-0.073529	0.000000	0.159965	0.008325	5.4
902	-0.067692	0.000000	0.159965	0.009196	5.1
903	-0.066541	0.000000	0.159965	0.010493	4.7
904	-0.074767	0.000000	0.159965	0.012272	4.5
905	-0.075964	0.000000	0.159965	0.007349	5.7
906	-0.070176	0.000000	0.159965	0.011578	5.2
907	-0.070016	0.000000	0.159965	0.009398	6.0
908	-0.071459	0.000000	0.159965	0.006283	5.6
909	-0.071437	0.000000	0.159965	0.009932	4.8
910	-0.073052	0.000000	0.159965	0.006027	5.6
911	-0.067260	0.000000	0.159965	0.008080	4.6
912	-0.069253	0.000000	0.159965	0.009373	6.0
913	-0.070737	0.000000	0.159965	0.011311	5.7
914	-0.068303	0.000000	0.159965	0.007375	5.6
915	-0.068214	0.000000	0.159965	0.005503	5.5
916	-0.071699	0.000000	0.159965	0.007567	5.6
917	-0.067384	0.000000	0.159965	0.006966	5.9
918	-0.075293	0.000000	0.159965	0.008888	5.9
919	-0.070937	0.000000	0.159965	0.008272	5.4
920	-0.074618	0.000000	0.159965	0.009050	5.0
921	-0.073244	0.000000	0.159965	0.007504	4.8
922	-0.066710	0.000000	0.159965	0.006284	4.6
923	-0.073249	0.000000	0.159965	0.007601	5.5
924	-0.071460	0.000000	0.159965	0.009451	5.5
925	-0.073449	0.000000	0.159965	0.008987	4.8
926	-0.070497	0.000000	0.159965	0.007206	4.6
927	-0.072246	0.000000	0.159965	0.007604	5.2
928	-0.067447	0.000000	0.159965	0.007546	5.3
929	-0.071442	0.000000	0.159965	0.008857	5.2
930	-0.065869	0.000000	0.159965	0.007358	5.1
931	-0.069430	0.000000	0.159965	0.008364	4.7
932	-0.071787	0.000000	0.159965	0.008275	5.0
933	-0.065720	0.000000	0.159965	0.004854	4.7
934	-0.075502	0.000000	0.159965	0.007664	4.9
935	-0.071711	0.000000	0.159965	0.007108	4.4
936	-0.068513	0.000000	0.159965	0.002647	5.5
937	-0.072426	0.000000	0.159965	0.007258	4.6
938	-0.071138	0.000000	0.159965	0.002887	4.6
939	-0.072107	0.000000	0.159965	0.004322	4.4
940	-0.067807	0.000000	0.159965	0.009866	4.7
941	-0.072617	0.000000	0.159965	0.007133	5.3
942	-0.073741	0.000000	0.159965	0.008489	4.4
943	-0.068658	0.000000	0.159965	0.004856	4.3
944	-0.069180	0.000000	0.159965	0.005932	4.2
945	-0.071856	0.000000	0.159965	0.003328	3.9
946	-0.068891	0.000000	0.159965	0.004738	4.5
947	-0.066190	0.000000	0.159965	0.004180	5.3
948	-0.068902	0.000000	0.159965	0.008787	4.0
949	-0.071005	0.000000	0.159965	0.003768	4.0
950	-0.074161	0.000000	0.159965	0.009839	4.3
951	-0.073002	0.000000	0.159965	0.008131	4.2
952	-0.070324	0.000000	0.159965	0.008954	4.2
953	-0.070077	0.000000	0.159965	0.006630	4.2
954	-0.072521	0.000000	0.159965	0.006142	4.1
955	-0.075848	0.000000	0.159965	0.006774	4.6
956	-0.072715	0.000000	0.159965	0.004077	4.7
957	-0.071403	0.000000	0.159965	0.006148	4.4
958	-0.074617	0.000000	0.159965	0.009881	4.4
959	-0.069996	0.000000	0.159965	0.007656	4.2
960	-0.072051	0.000000	0.159965	0.009051	4.0
961	-0.072479	0.000000	0.159965	0.009500	4.1
962	-0.068978	0.000000	0.159965	0.007912	4.4
963	-0.067696	0.000000	0.159965	0.007661	5.4
964	-0.070070	0.000000	0.159965	0.006996	5.3
965	-0.070556	0.000000	0.159965	0.007710	4.2
966	-0.074374	0.000000	0.159965	0.008223	4.2
967	-0.069086	0.000000	0.159965	0.009173	4.8
968	-0.069372	0.000000	0.159965	0.005233	4.3
969	-0.069210	0.000000	0.159965	0.006329	4.5
970	-0.072338	0.000000	0.159965	0.001809	5.5
971	-0.069917	1.000000	0.155547	0.005260	5.6
972	-0.070869	0.200000	0.159054	0.003330	4.3
973	-0.072757	1.199997	0.154702	0.005240	4.9
974	-0.073021	0.399997	0.158158	0.007350	5.4
975	-0.073465	0.000000	0.159965	0.006081	5.1
976	-0.069827	0.000000	0.159965	0.005542	4.3
977	-0.069688	0.000000	0.159965	0.008612	4.2
978	-0.074398	0.000000	0.159965	0.010602	4.3
979	-0.069493	0.000000	0.159965	0.005960	5.5
980	-0.071384	0.000000	0.159965	0.006181	5.3
981	-0.069545	0.000000	0.159965	0.005732	4.8
982	-0.068478	0.000000	0.159965	0.006168	4.5
983	-0.073036	0.000000	0.159965	0.005099	4.5
984	-0.069343	0.000000	0.159965	0.007866	4.6
985	-0.066997	0.000000	0.159965	0.008798	4.4
986	-0.070514	0.000000	0.159965	0.008095	5.4
987	-0.070529	0.000000	0.159965	0.008100	4.5
988	-0.074224	0.000000	0.159965	0.008723	5.5
989	-0.073261	0.000000	0.159965	0.004871	5.4
990	-0.069614	0.000000	0.159965	0.005921	4.5
991	-0.067391	0.000000	0.159965	0.006442	4.6
992	-0.069811	1.000000	0.155547	0.005862	4.3
993	-0.070981	0.200000	0.159054	0.004925	4.4
994	-0.066018	0.000000	0.159965	0.008123	4.4
995	-0.073147	0.000000	0.159965	0.004393	5.1
996	-0.069742	0.000000	0.159965	0.006325	4.3
997	-0.071618	0.000000	0.159965	0.006459	5.6
998	-0.068733	1.000000	0.155547	0.006085	5.4
999	-0.067534	0.200000	0.159054	0.006376	4.5
