1:ItNr	2:Metric	3a:Time	3b:StepSize	4:||Gradient||	Time[ms]
0	-0.032675	0.000000	0.159965	0.003235	618.6
1	-0.030880	0.000000	0.159965	0.003131	3.2
2	-0.029812	1.000000	0.155547	0.002059	3.1
3	-0.031934	0.200000	0.159054	0.002798	3.1
4	-0.033423	0.000000	0.159965	0.004114	3.2
5	-0.029800	0.000000	0.159965	0.003618	3.1
6	-0.031959	0.000000	0.159965	0.002697	3.2
7	-0.030823	1.000000	0.155547	0.006502	3.5
8	-0.034091	2.000000	0.151440	0.003276	3.4
9	-0.030478	1.200000	0.154702	0.004773	3.5
10	-0.033780	0.400000	0.158158	0.003060	3.7
11	-0.029928	0.000000	0.159965	0.004370	3.6
12	-0.030338	0.000000	0.159965	0.004748	3.7
13	-0.029403	0.000000	0.159965	0.006601	4.3
14	-0.030973	1.000000	0.155547	0.006211	4.8
15	-0.031266	2.000000	0.151440	0.004114	5.5
16	-0.030358	1.200000	0.154702	0.003655	5.7
17	-0.035469	0.400000	0.158158	0.003825	6.0
18	-0.033613	0.000000	0.159965	0.004848	6.0
19	-0.030196	0.000000	0.159965	0.004067	5.3
20	-0.031237	0.000000	0.159965	0.007738	6.1
21	-0.031622	0.000000	0.159965	0.002957	6.0
22	-0.032365	0.000000	0.159965	0.002197	5.9
23	-0.032231	0.000000	0.159965	0.002747	6.0
24	-0.032227	0.000000	0.159965	0.002097	6.2
25	-0.032579	0.000000	0.159965	0.002990	6.0
26	-0.029637	0.000000	0.159965	0.002709	5.6
27	-0.030796	0.000000	0.159965	0.003748	6.1
28	-0.031242	0.000000	0.159965	0.003790	6.2
29	-0.031102	0.000000	0.159965	0.003605	6.0
30	-0.033061	0.000000	0.159965	0.005792	5.4
31	-0.029675	0.000000	0.159965	0.006002	6.3
32	-0.032325	0.000000	0.159965	0.002829	6.6
33	-0.030719	0.000000	0.159965	0.002694	6.6
34	-0.032274	0.000000	0.159965	0.005134	5.9
35	-0.031677	0.000000	0.159965	0.003112	6.0
36	-0.028528	1.000000	0.155547	0.002809	6.0
37	-0.032731	0.200000	0.159054	0.006876	6.0
38	-0.030505	0.000000	0.159965	0.004941	5.9
39	-0.030855	0.000000	0.159965	0.002887	5.8
40	-0.030793	0.000000	0.159965	0.002997	5.7
41	-0.031371	0.000000	0.159965	0.001815	6.0
42	-0.029943	0.000000	0.159965	0.004430	5.8
43	-0.031487	0.000000	0.159965	0.003756	5.5
44	-0.029568	1.000000	0.155547	0.005123	5.5
45	-0.030457	0.200000	0.159054	0.003251	5.9
46	-0.030202	1.200000	0.154702	0.004763	6.0
47	-0.031063	0.400000	0.158158	0.003114	6.1
48	-0.028216	0.000000	0.159965	0.002260	6.8
49	-0.029777	0.000000	0.159965	0.003497	9.9
50	-0.029578	0.000000	0.159965	0.003369	10.5
51	-0.030873	0.000000	0.159965	0.002241	9.6
52	-0.030599	0.000000	0.159965	0.001948	8.8
53	-0.032480	0.000000	0.159965	0.002043	10.7
54	-0.034235	0.000000	0.159965	0.004887	5.1
55	-0.030532	0.000000	0.159965	0.003831	4.7
56	-0.030141	0.000000	0.159965	0.004371	3.9
57	-0.034585	1.000000	0.155547	0.003636	4.1
58	-0.030999	2.000000	0.151440	0.004201	4.0
59	-0.033782	1.200000	0.154702	0.004249	3.9
60	-0.033316	0.400000	0.158158	0.004717	4.1
61	-0.033412	0.000000	0.159965	0.005418	3.4
62	-0.032634	0.000000	0.159965	0.002406	3.2
63	-0.032476	0.000000	0.159965	0.003587	3.0
64	-0.030572	0.000000	0.159965	0.003480	3.1
65	-0.031073	0.000000	0.159965	0.004324	3.1
66	-0.031253	0.000000	0.159965	0.001850	3.3
67	-0.030572	0.000000	0.159965	0.005774	14.1
68	-0.031295	0.000000	0.159965	0.003184	10.8
69	-0.031473	0.000000	0.159965	0.003933	4.9
70	-0.031358	1.000000	0.155547	0.004922	4.3
71	-0.031132	0.200000	0.159054	0.003967	3.5
72	-0.034275	1.200000	0.154702	0.005074	4.0
73	-0.031409	0.400000	0.158158	0.003004	6.1
74	-0.027380	1.400000	0.153869	0.004955	6.1
75	-0.031334	2.400000	0.149876	0.001343	4.1
76	-0.029892	1.600000	0.153048	0.004447	3.1
77	-0.031624	0.800000	0.156404	0.006599	3.1
78	-0.029825	0.000000	0.159965	0.003121	3.4
79	-0.031505	0.000000	0.159965	0.002575	3.1
80	-0.033492	0.000000	0.159965	0.005205	2.9
81	-0.029677	0.000000	0.159965	0.004522	3.2
82	-0.028148	0.000000	0.159965	0.003129	3.1
83	-0.029618	0.000000	0.159965	0.003947	3.2
84	-0.030104	0.000000	0.159965	0.002112	3.6
85	-0.030069	0.000000	0.159965	0.003991	3.4
86	-0.027879	1.000000	0.155547	0.002442	3.3
87	-0.030512	2.000000	0.151440	0.002904	3.5
88	-0.031802	1.200000	0.154702	0.004900	3.7
89	-0.030035	0.400000	0.158158	0.004887	3.6
90	-0.030461	0.000000	0.159965	0.007614	3.8
91	-0.034137	0.000000	0.159965	0.004638	3.8
92	-0.033202	0.000000	0.159965	0.003283	4.1
93	-0.031951	1.000000	0.155547	0.004390	5.4
94	-0.029789	2.000000	0.151440	0.003081	4.1
95	-0.030724	1.200000	0.154702	0.002971	5.5
96	-0.032657	0.400000	0.158158	0.006584	6.0
97	-0.031045	0.000000	0.159965	0.004248	5.8
98	-0.030571	0.000000	0.159965	0.004947	5.8
99	-0.034521	0.000000	0.159965	0.008080	6.0
100	-0.031236	0.000000	0.159965	0.003131	5.4
101	-0.031813	0.000000	0.159965	0.003370	5.5
102	-0.032292	0.000000	0.159965	0.005906	5.9
103	-0.033223	0.000000	0.159965	0.006253	6.0
104	-0.029280	0.000000	0.159965	0.003778	6.4
105	-0.030466	0.000000	0.159965	0.002252	5.5
106	-0.031959	1.000000	0.155547	0.003277	6.0
107	-0.031357	2.000000	0.151440	0.006377	6.0
108	-0.032131	1.200000	0.154702	0.004020	5.5
109	-0.028699	2.200000	0.150652	0.005060	5.4
110	-0.031987	1.400000	0.153869	0.005708	5.8
111	-0.029841	0.600000	0.157275	0.003232	5.6
112	-0.035094	0.000000	0.159965	0.003643	5.8
113	-0.032390	0.000000	0.159965	0.002107	6.0
114	-0.031071	0.000000	0.159965	0.003639	5.7
115	-0.030184	0.000000	0.159965	0.005193	6.0
116	-0.030173	0.000000	0.159965	0.005049	6.0
117	-0.033312	0.000000	0.159965	0.002657	5.7
118	-0.033950	0.000000	0.159965	0.005484	6.1
119	-0.031240	0.000000	0.159965	0.002833	6.2
120	-0.035528	0.000000	0.159965	0.001813	5.8
121	-0.031640	0.000000	0.159965	0.003590	6.2
122	-0.033929	1.000000	0.155547	0.005666	6.1
123	-0.028821	0.200000	0.159054	0.004808	6.3
124	-0.031366	0.000000	0.159965	0.005622	6.3
125	-0.030285	0.000000	0.159965	0.006550	6.2
126	-0.031909	0.000000	0.159965	0.004889	6.0
127	-0.030902	1.000000	0.155547	0.004511	6.2
128	-0.031057	0.200000	0.159054	0.003171	6.3
129	-0.034300	0.000000	0.159965	0.005004	6.3
130	-0.030585	0.000000	0.159965	0.004294	6.3
131	-0.032879	0.000000	0.159965	0.002061	6.0
132	-0.030852	1.000000	0.155547	0.004210	5.9
133	-0.030208	0.200000	0.159054	0.004463	5.5
134	-0.029312	0.000000	0.159965	0.003818	6.0
135	-0.029346	0.000000	0.159965	0.005016	5.2
136	-0.032174	0.000000	0.159965	0.003326	6.2
137	-0.032073	0.000000	0.159965	0.006582	5.6
138	-0.028904	0.000000	0.159965	0.002319	5.5
139	-0.034749	0.000000	0.159965	0.003269	6.2
140	-0.029269	0.000000	0.159965	0.002450	6.1
141	-0.033816	1.000000	0.155547	0.006416	6.5
142	-0.030101	2.000000	0.151440	0.005747	6.3
143	-0.033284	1.200000	0.154702	0.004994	6.5
144	-0.028827	0.400000	0.158158	0.002988	6.4
145	-0.031171	0.000000	0.159965	0.001618	6.2
146	-0.030397	0.000000	0.159965	0.003301	5.5
147	-0.028996	0.000000	0.159965	0.003808	5.6
148	-0.032934	0.000000	0.159965	0.002794	5.3
149	-0.032758	0.000000	0.159965	0.002084	5.3
150	-0.033441	0.000000	0.159965	0.002767	5.0
151	-0.033489	0.000000	0.159965	0.003677	4.8
152	-0.031434	0.000000	0.159965	0.004002	5.0
153	-0.031152	0.000000	0.159965	0.002554	5.0
154	-0.026768	1.000000	0.155547	0.002273	5.8
155	-0.034961	2.000000	0.151440	0.007184	5.2
156	-0.029161	3.000000	0.147609	0.001746	6.2
157	-0.031345	2.200000	0.150652	0.002354	5.6
158	-0.027800	1.400000	0.153869	0.003602	5.6
159	-0.030420	0.600000	0.157275	0.004865	5.8
160	-0.028466	0.000000	0.159965	0.003483	5.3
161	-0.032077	0.000000	0.159965	0.001575	5.3
162	-0.030768	0.000000	0.159965	0.002556	5.0
163	-0.030349	0.000000	0.159965	0.004133	5.9
164	-0.030005	0.999995	0.155547	0.005225	5.2
165	-0.030197	0.199995	0.159054	0.002359	5.3
166	-0.033035	0.000000	0.159965	0.004522	6.2
167	-0.033583	1.000000	0.155547	0.008112	5.9
168	-0.034034	2.000000	0.151440	0.003668	5.3
169	-0.031450	1.200000	0.154702	0.004648	6.4
170	-0.031672	0.400000	0.158158	0.003365	5.5
171	-0.032755	0.000000	0.159965	0.006055	6.3
172	-0.031589	0.000000	0.159965	0.002526	5.4
173	-0.030715	0.000000	0.159965	0.001581	5.7
174	-0.030802	0.000000	0.159965	0.006057	6.4
175	-0.032729	0.000000	0.159965	0.003380	6.3
176	-0.032194	0.000000	0.159965	0.006413	6.3
177	-0.030012	0.000000	0.159965	0.003092	6.2
178	-0.031662	0.000000	0.159965	0.003168	6.1
179	-0.030358	0.000000	0.159965	0.002256	6.5
180	-0.030568	1.000000	0.155547	0.003431	6.3
181	-0.031822	2.000000	0.151440	0.003910	6.4
182	-0.029505	1.200000	0.154702	0.002933	5.9
183	-0.030849	0.400000	0.158158	0.001792	5.9
184	-0.031304	0.000000	0.159965	0.005758	5.8
185	-0.029667	0.000000	0.159965	0.003009	5.8
186	-0.033903	1.000000	0.155547	0.002479	5.4
187	-0.032176	0.200000	0.159054	0.000970	5.5
188	-0.029103	0.000000	0.159965	0.002417	6.3
189	-0.029753	0.000000	0.159965	0.004869	6.3
190	-0.030168	0.000000	0.159965	0.004286	6.6
191	-0.032371	0.000000	0.159965	0.002383	5.6
192	-0.030554	1.000000	0.155547	0.003221	6.0
193	-0.031408	2.000000	0.151440	0.002973	5.9
194	-0.032231	1.200000	0.154702	0.002856	5.6
195	-0.031777	2.200000	0.150652	0.005429	5.7
196	-0.033027	3.200000	0.146873	0.003696	5.9
197	-0.029662	2.400000	0.149876	0.002399	6.2
198	-0.029467	1.600000	0.153048	0.003745	6.6
199	-0.030189	0.800000	0.156404	0.003298	7.8
200	-0.030887	0.000000	0.159965	0.004062	6.9
201	-0.028853	0.000000	0.159965	0.004774	6.6
202	-0.030904	0.000000	0.159965	0.004153	6.3
203	-0.031004	0.000000	0.159965	0.003876	12.0
204	-0.033969	0.000000	0.159965	0.003283	12.6
205	-0.034620	0.000000	0.159965	0.002452	6.5
206	-0.030514	1.000000	0.155547	0.003403	4.1
207	-0.031882	0.200000	0.159054	0.003721	3.5
208	-0.032562	0.000000	0.159965	0.005378	3.4
209	-0.031879	0.000000	0.159965	0.002776	3.4
210	-0.033556	0.000000	0.159965	0.001792	3.0
211	-0.033723	0.000000	0.159965	0.004247	3.3
212	-0.029674	1.000000	0.155547	0.002782	3.5
213	-0.030751	0.200000	0.159054	0.002070	3.4
214	-0.031579	0.000000	0.159965	0.003116	3.8
215	-0.031387	0.000000	0.159965	0.002188	3.9
216	-0.028908	0.000000	0.159965	0.003614	4.1
217	-0.034626	0.000000	0.159965	0.001970	3.8
218	-0.029486	0.000000	0.159965	0.004610	4.2
219	-0.029938	0.000000	0.159965	0.003905	4.0
220	-0.030465	0.000000	0.159965	0.005332	4.1
221	-0.033299	0.000000	0.159965	0.008111	4.0
222	-0.034083	0.000000	0.159965	0.001708	4.1
223	-0.031550	1.000000	0.155547	0.004837	4.1
224	-0.029899	0.200000	0.159054	0.001013	3.9
225	-0.033721	0.000000	0.159965	0.005727	4.1
226	-0.035125	1.000000	0.155547	0.005373	4.0
227	-0.032081	0.200000	0.159054	0.002317	4.1
228	-0.031197	0.000000	0.159965	0.004529	4.1
229	-0.031007	0.000000	0.159965	0.005359	4.3
230	-0.030253	0.000000	0.159965	0.002805	4.8
231	-0.034660	0.000000	0.159965	0.003217	5.0
232	-0.033076	0.000000	0.159965	0.003946	4.3
233	-0.032874	0.000000	0.159965	0.004500	5.1
234	-0.029433	0.000000	0.159965	0.004957	4.5
235	-0.033757	0.000000	0.159965	0.002112	4.4
236	-0.029595	0.000000	0.159965	0.003428	4.7
237	-0.031377	0.000000	0.159965	0.005825	5.5
238	-0.034055	0.000000	0.159965	0.006665	4.2
239	-0.030222	0.000000	0.159965	0.001802	4.9
240	-0.031262	0.000000	0.159965	0.002443	4.5
241	-0.030465	0.000000	0.159965	0.003959	5.1
242	-0.033594	0.000000	0.159965	0.001230	5.0
243	-0.030861	1.000000	0.155547	0.003929	5.3
244	-0.029001	2.000000	0.151440	0.002138	5.8
245	-0.030184	1.200000	0.154702	0.003072	5.7
246	-0.030614	0.400000	0.158158	0.004516	5.2
247	-0.033285	0.000000	0.159965	0.008071	5.8
248	-0.030507	0.000000	0.159965	0.004575	5.4
249	-0.032120	0.000000	0.159965	0.001295	6.1
250	-0.030022	0.000000	0.159965	0.004528	5.7
251	-0.031030	0.000000	0.159965	0.001767	5.6
252	-0.032240	0.000000	0.159965	0.003579	5.2
253	-0.033337	0.000000	0.159965	0.003301	5.2
254	-0.030559	0.000000	0.159965	0.002625	5.2
255	-0.032574	0.000000	0.159965	0.008438	6.1
256	-0.031170	0.000000	0.159965	0.001689	6.1
257	-0.030121	1.000000	0.155547	0.004272	5.8
258	-0.028623	2.000000	0.151440	0.004179	5.9
259	-0.033818	1.200000	0.154702	0.003745	5.8
260	-0.028944	0.400000	0.158158	0.004991	5.6
261	-0.031500	0.000000	0.159965	0.004203	6.2
262	-0.033050	0.000000	0.159965	0.004661	6.0
263	-0.032458	0.000000	0.159965	0.004639	5.8
264	-0.033436	0.000000	0.159965	0.002791	5.8
265	-0.031225	0.000000	0.159965	0.003945	5.5
266	-0.030091	0.000000	0.159965	0.005752	5.3
267	-0.030071	0.000000	0.159965	0.003267	5.1
268	-0.031923	0.000000	0.159965	0.002033	5.3
269	-0.030460	0.000000	0.159965	0.007058	6.7
270	-0.032661	0.000000	0.159965	0.004777	5.6
271	-0.033207	0.000000	0.159965	0.002433	5.4
272	-0.033569	1.000000	0.155547	0.004120	6.0
273	-0.034498	2.000000	0.151440	0.002515	5.4
274	-0.032668	1.200000	0.154702	0.003470	5.4
275	-0.030933	0.400000	0.158158	0.001901	5.3
276	-0.032472	0.000000	0.159965	0.005380	5.3
277	-0.030266	0.000000	0.159965	0.002282	5.2
278	-0.030722	0.000000	0.159965	0.006070	4.7
279	-0.032458	0.000000	0.159965	0.003956	4.6
280	-0.029960	0.000000	0.159965	0.003249	4.9
281	-0.030143	1.000000	0.155547	0.003174	4.8
282	-0.031756	0.200000	0.159054	0.001836	4.9
283	-0.028906	1.200000	0.154702	0.002549	4.9
284	-0.031677	0.400000	0.158158	0.001368	5.4
285	-0.029221	0.000000	0.159965	0.003561	5.9
286	-0.031674	1.000000	0.155547	0.004047	6.0
287	-0.031208	0.200000	0.159054	0.004024	6.2
288	-0.030634	0.000000	0.159965	0.004786	5.7
289	-0.032938	0.000000	0.159965	0.004877	6.1
290	-0.030712	0.000000	0.159965	0.004667	6.0
291	-0.030493	0.000000	0.159965	0.003905	6.2
292	-0.029511	0.000000	0.159965	0.006616	6.0
293	-0.032440	1.000000	0.155547	0.002108	6.2
294	-0.031510	2.000000	0.151440	0.004179	6.1
295	-0.036550	1.200000	0.154702	0.005034	6.1
296	-0.033182	0.400000	0.158158	0.002344	5.2
297	-0.033746	0.000000	0.159965	0.003933	5.8
298	-0.029991	1.000000	0.155547	0.005890	6.2
299	-0.031217	0.200000	0.159054	0.003990	6.1
300	-0.029792	0.000000	0.159965	0.002883	6.3
301	-0.031606	0.000000	0.159965	0.006285	5.8
302	-0.033569	0.000000	0.159965	0.002371	5.8
303	-0.030439	0.000000	0.159965	0.005832	5.9
304	-0.033515	0.000000	0.159965	0.004475	6.3
305	-0.030066	1.000000	0.155547	0.002747	5.5
306	-0.030779	0.200000	0.159054	0.001922	5.7
307	-0.030000	0.000000	0.159965	0.001635	5.3
308	-0.030407	0.000000	0.159965	0.003447	5.4
309	-0.033161	0.000000	0.159965	0.003568	5.9
310	-0.030659	0.000000	0.159965	0.005391	4.8
311	-0.030737	0.000000	0.159965	0.004067	4.6
312	-0.033014	0.000000	0.159965	0.003606	5.0
313	-0.031200	0.000000	0.159965	0.002941	5.9
314	-0.030513	0.000000	0.159965	0.006349	20.3
315	-0.029048	0.000000	0.159965	0.002976	6.4
316	-0.032493	0.000000	0.159965	0.003428	4.5
317	-0.032539	1.000000	0.155547	0.005137	3.6
318	-0.031031	0.200000	0.159054	0.007787	16.8
319	-0.028861	0.000000	0.159965	0.002368	11.9
320	-0.034452	0.000000	0.159965	0.002474	10.7
321	-0.033043	0.000000	0.159965	0.002533	4.8
322	-0.033394	0.000000	0.159965	0.005490	3.9
323	-0.027798	0.000000	0.159965	0.004619	4.1
324	-0.029451	0.000000	0.159965	0.002598	4.0
325	-0.033028	1.000000	0.155547	0.002857	4.0
326	-0.030437	0.200000	0.159054	0.005568	3.3
327	-0.030708	0.000000	0.159965	0.005099	3.1
328	-0.031286	0.000000	0.159965	0.004170	3.1
329	-0.030748	0.000000	0.159965	0.006755	3.1
330	-0.032086	0.000000	0.159965	0.003078	3.0
331	-0.032475	0.000000	0.159965	0.004528	3.1
332	-0.030960	0.000000	0.159965	0.003600	3.3
333	-0.032790	1.000000	0.155547	0.004969	3.3
334	-0.033518	2.000000	0.151440	0.003536	19.4
335	-0.031445	1.200000	0.154702	0.001699	7.6
336	-0.030786	0.400000	0.158158	0.002666	4.5
337	-0.031858	0.000000	0.159965	0.003387	3.5
338	-0.031581	0.000000	0.159965	0.002759	13.3
339	-0.031227	0.000000	0.159965	0.004200	4.7
340	-0.030683	0.000000	0.159965	0.001913	3.1
341	-0.031705	0.000000	0.159965	0.003339	3.2
342	-0.032157	0.000000	0.159965	0.003804	3.2
343	-0.029766	0.000000	0.159965	0.004557	3.3
344	-0.028550	0.000000	0.159965	0.002713	3.3
345	-0.032666	0.000000	0.159965	0.008717	3.1
346	-0.028457	0.000000	0.159965	0.003064	3.6
347	-0.027283	0.000000	0.159965	0.004444	3.8
348	-0.033093	0.000000	0.159965	0.003491	3.9
349	-0.031485	0.000000	0.159965	0.005763	3.6
350	-0.029798	1.000000	0.155547	0.003230	4.0
351	-0.033417	0.200000	0.159054	0.003866	4.5
352	-0.033866	0.000000	0.159965	0.002876	4.2
353	-0.033400	0.000000	0.159965	0.002386	4.3
354	-0.033403	0.000000	0.159965	0.002428	4.6
355	-0.031937	1.000000	0.155547	0.003718	4.7
356	-0.030945	0.200000	0.159054	0.005349	4.3
357	-0.028673	0.000000	0.159965	0.001709	4.5
358	-0.030494	0.000000	0.159965	0.003467	4.3
359	-0.029825	0.000000	0.159965	0.002945	4.4
360	-0.032353	0.000000	0.159965	0.003361	4.2
361	-0.028835	1.000000	0.155547	0.002175	5.4
362	-0.030167	0.200000	0.159054	0.004222	4.5
363	-0.031947	1.200000	0.154702	0.003534	4.4
364	-0.033266	0.400000	0.158158	0.004048	4.3
365	-0.030583	0.000000	0.159965	0.002192	4.1
366	-0.031636	0.000000	0.159965	0.002294	4.0
367	-0.030769	1.000000	0.155547	0.003527	4.4
368	-0.029000	0.200000	0.159054	0.002571	5.7
369	-0.031435	0.000000	0.159965	0.002245	4.4
370	-0.030413	0.000000	0.159965	0.003930	4.7
371	-0.030138	0.000000	0.159965	0.006357	4.2
372	-0.026233	0.000000	0.159965	0.004539	4.5
373	-0.031295	0.000000	0.159965	0.002480	5.4
374	-0.033308	0.000000	0.159965	0.001585	4.1
375	-0.028745	1.000000	0.155547	0.005511	4.3
376	-0.031475	0.200000	0.159054	0.003183	5.6
377	-0.032715	0.000000	0.159965	0.003721	5.8
378	-0.033215	0.000000	0.159965	0.001431	5.6
379	-0.030888	1.000000	0.155547	0.003397	5.0
380	-0.032107	2.000000	0.151440	0.005224	5.0
381	-0.030049	1.200000	0.154702	0.003621	4.6
382	-0.033376	0.400000	0.158158	0.002906	4.7
383	-0.029094	0.000000	0.159965	0.003767	5.7
384	-0.032072	0.000000	0.159965	0.008679	5.0
385	-0.032059	0.000000	0.159965	0.002606	5.9
386	-0.029199	1.000000	0.155547	0.003855	5.8
387	-0.030666	2.000000	0.151440	0.003601	5.2
388	-0.028195	1.200000	0.154702	0.005546	5.4
389	-0.030219	0.400000	0.158158	0.002507	5.8
390	-0.030008	0.000000	0.159965	0.002967	5.5
391	-0.028378	0.000000	0.159965	0.002243	5.2
392	-0.030989	0.000000	0.159965	0.001673	5.2
393	-0.030127	0.000000	0.159965	0.001637	5.9
394	-0.032370	0.000000	0.159965	0.003937	5.2
395	-0.031286	0.000000	0.159965	0.003298	4.9
396	-0.032412	0.000000	0.159965	0.002678	4.8
397	-0.031889	0.000000	0.159965	0.003762	5.9
398	-0.032144	0.000000	0.159965	0.002186	5.5
399	-0.031951	0.000000	0.159965	0.003368	5.6
400	-0.029302	0.000000	0.159965	0.005030	5.9
401	-0.029180	0.000000	0.159965	0.001551	5.9
402	-0.030940	0.000000	0.159965	0.006539	6.2
403	-0.035449	0.000000	0.159965	0.003365	6.3
404	-0.032473	0.000000	0.159965	0.002720	6.1
405	-0.031366	0.000000	0.159965	0.004214	6.1
406	-0.028912	0.000000	0.159965	0.003696	5.8
407	-0.030698	0.000000	0.159965	0.004801	5.8
408	-0.033383	0.000000	0.159965	0.005029	5.7
409	-0.032887	0.000000	0.159965	0.003227	5.4
410	-0.030054	0.000000	0.159965	0.004537	5.8
411	-0.030160	0.000000	0.159965	0.004061	6.0
412	-0.031310	0.000000	0.159965	0.002996	6.5
413	-0.031704	1.000000	0.155547	0.003869	5.7
414	-0.030175	0.200000	0.159054	0.002855	5.6
415	-0.035429	0.000000	0.159965	0.004139	5.7
416	-0.034980	1.000000	0.155547	0.003040	5.7
417	-0.031030	0.200000	0.159054	0.003923	5.9
418	-0.031013	0.000000	0.159965	0.006130	5.9
419	-0.029484	0.000000	0.159965	0.004616	5.7
420	-0.031326	1.000000	0.155547	0.003766	5.3
421	-0.033524	2.000000	0.151440	0.003605	5.1
422	-0.030751	1.200000	0.154702	0.001809	5.1
423	-0.030511	0.400000	0.158158	0.003087	5.1
424	-0.032016	0.000000	0.159965	0.001598	5.1
425	-0.030339	0.000000	0.159965	0.002967	5.0
426	-0.030938	0.000000	0.159965	0.003885	4.9
427	-0.027119	1.000000	0.155547	0.003185	4.8
428	-0.030182	0.200000	0.159054	0.003539	4.9
429	-0.031104	0.000000	0.159965	0.005843	6.1
430	-0.032131	0.000000	0.159965	0.001431	5.1
431	-0.030063	1.000000	0.155547	0.005189	6.3
432	-0.029116	0.200000	0.159054	0.004364	5.8
433	-0.032766	0.000000	0.159965	0.004899	5.5
434	-0.030567	0.000000	0.159965	0.003354	5.5
435	-0.030064	0.000000	0.159965	0.002347	5.6
436	-0.033365	0.000000	0.159965	0.002169	5.3
437	-0.035384	1.000000	0.155547	0.003336	5.6
438	-0.031497	2.000000	0.151440	0.002327	5.5
439	-0.032483	3.000000	0.147609	0.006005	6.1
440	-0.033095	4.000000	0.144026	0.003255	6.1
441	-0.031674	3.200000	0.146873	0.004567	6.3
442	-0.035021	2.400000	0.149876	0.005463	6.2
443	-0.030780	1.600000	0.153048	0.003521	6.1
444	-0.031402	0.800000	0.156404	0.006210	6.0
445	-0.031358	0.000000	0.159965	0.003363	6.7
446	-0.029280	0.000000	0.159965	0.004075	7.0
447	-0.032317	1.000000	0.155547	0.004673	6.0
448	-0.033022	2.000000	0.151440	0.002726	6.0
449	-0.032367	1.200000	0.154702	0.001561	5.6
450	-0.032494	0.400000	0.158158	0.002760	5.7
451	-0.031040	0.000000	0.159965	0.002775	6.5
452	-0.031681	0.000000	0.159965	0.005202	5.7
453	-0.033120	0.000000	0.159965	0.003626	5.7
454	-0.033698	0.000000	0.159965	0.005024	6.0
455	-0.029565	0.000000	0.159965	0.004717	5.5
456	-0.030104	0.000000	0.159965	0.002088	5.7
457	-0.035638	0.000000	0.159965	0.003136	6.1
458	-0.031872	0.000000	0.159965	0.001964	6.0
459	-0.030972	0.000000	0.159965	0.004629	5.6
460	-0.034977	0.000000	0.159965	0.004281	5.5
461	-0.034207	0.000000	0.159965	0.005426	5.5
462	-0.030786	0.000000	0.159965	0.002349	5.5
463	-0.032536	0.000000	0.159965	0.004539	5.4
464	-0.032178	1.000000	0.155547	0.003444	5.9
465	-0.028342	0.200000	0.159054	0.001812	5.2
466	-0.032760	0.000000	0.159965	0.004501	5.3
467	-0.032530	0.000000	0.159965	0.003277	5.5
468	-0.028854	0.000000	0.159965	0.003617	5.2
469	-0.030744	0.000000	0.159965	0.001973	5.7
470	-0.033046	0.000000	0.159965	0.003740	5.8
471	-0.029625	1.000000	0.155547	0.002381	6.1
472	-0.032474	0.200000	0.159054	0.003857	5.6
473	-0.030010	0.000000	0.159965	0.004689	5.8
474	-0.034286	0.000000	0.159965	0.006183	5.7
475	-0.031706	0.000000	0.159965	0.003028	6.1
476	-0.030830	0.000000	0.159965	0.003988	5.7
477	-0.029143	0.000000	0.159965	0.002335	5.4
478	-0.033303	0.000000	0.159965	0.001560	5.6
479	-0.032472	1.000000	0.155547	0.004475	6.3
480	-0.028878	2.000000	0.151440	0.004928	6.2
481	-0.032242	1.200000	0.154702	0.004395	5.7
482	-0.031186	0.400000	0.158158	0.003404	5.7
483	-0.031469	0.000000	0.159965	0.003886	5.2
484	-0.033661	0.000000	0.159965	0.003316	5.6
485	-0.031181	0.000000	0.159965	0.005103	6.2
486	-0.031072	0.000000	0.159965	0.003628	5.2
487	-0.032890	0.000000	0.159965	0.002852	5.8
488	-0.033367	0.000000	0.159965	0.006866	5.7
489	-0.029258	0.000000	0.159965	0.003013	5.9
490	-0.032281	0.000000	0.159965	0.003486	6.3
491	-0.031263	0.000000	0.159965	0.003218	5.5
492	-0.033225	0.000000	0.159965	0.006228	6.3
493	-0.032349	0.000000	0.159965	0.007833	6.0
494	-0.031211	0.000000	0.159965	0.003623	5.8
495	-0.030184	0.000000	0.159965	0.002595	5.4
496	-0.032817	0.000000	0.159965	0.005864	6.4
497	-0.031446	0.000000	0.159965	0.003470	6.3
498	-0.031113	0.000000	0.159965	0.006699	5.9
499	-0.033970	0.000000	0.159965	0.001779	6.0
500	-0.031899	0.000000	0.159965	0.005083	6.2
501	-0.030812	0.000000	0.159965	0.003545	6.1
502	-0.030798	0.000000	0.159965	0.005354	5.8
503	-0.032190	0.000000	0.159965	0.003437	5.9
504	-0.034802	1.000000	0.155547	0.005296	5.7
505	-0.032007	0.200000	0.159054	0.003605	5.9
506	-0.032894	0.000000	0.159965	0.002878	6.0
507	-0.033418	1.000000	0.155547	0.004393	5.8
508	-0.034555	2.000000	0.151440	0.002041	5.5
509	-0.032206	1.200000	0.154702	0.003127	5.5
510	-0.033820	0.400000	0.158158	0.003025	5.1
511	-0.029486	0.000000	0.159965	0.002495	5.1
512	-0.033504	0.000000	0.159965	0.005211	5.1
513	-0.029501	1.000000	0.155547	0.002114	5.2
514	-0.030652	2.000000	0.151440	0.005685	6.2
515	-0.031802	1.200000	0.154702	0.003071	6.2
516	-0.029608	0.400000	0.158158	0.002969	6.2
517	-0.031407	0.000000	0.159965	0.001811	6.4
518	-0.029034	0.000000	0.159965	0.001609	6.4
519	-0.030200	0.000000	0.159965	0.004333	5.9
520	-0.026875	0.000000	0.159965	0.002891	6.2
521	-0.030952	0.000000	0.159965	0.004522	6.7
522	-0.029553	0.000000	0.159965	0.003167	6.5
523	-0.029427	0.000000	0.159965	0.002980	5.7
524	-0.032047	0.000000	0.159965	0.006753	5.9
525	-0.032770	0.000000	0.159965	0.003208	5.3
526	-0.029867	0.000000	0.159965	0.004988	6.4
527	-0.031428	0.000000	0.159965	0.004619	5.3
528	-0.028030	0.000000	0.159965	0.005908	5.6
529	-0.034689	0.000000	0.159965	0.002187	5.4
530	-0.031657	1.000000	0.155547	0.003947	5.4
531	-0.033498	0.781282	0.156485	0.006052	6.2
532	-0.029622	0.000000	0.159965	0.004236	5.8
533	-0.031996	0.000000	0.159965	0.006466	5.5
534	-0.029651	0.000000	0.159965	0.004310	5.8
535	-0.032184	0.000000	0.159965	0.003098	6.4
536	-0.031860	0.000000	0.159965	0.003548	5.8
537	-0.031146	1.000000	0.155547	0.003420	5.8
538	-0.027471	0.200000	0.159054	0.002985	6.1
539	-0.034201	1.200000	0.154702	0.007665	6.3
540	-0.031227	2.200000	0.150652	0.003816	6.5
541	-0.031769	1.400000	0.153869	0.005532	6.3
542	-0.030468	0.600000	0.157275	0.001978	6.6
543	-0.031238	0.000000	0.159965	0.004124	6.6
544	-0.031591	0.000000	0.159965	0.005024	6.3
545	-0.030146	0.000000	0.159965	0.002831	6.5
546	-0.030918	0.000000	0.159965	0.004133	6.6
547	-0.029520	1.000000	0.155547	0.003232	6.5
548	-0.030794	2.000000	0.151440	0.002827	6.5
549	-0.028055	1.200000	0.154702	0.002170	6.1
550	-0.031645	0.400000	0.158158	0.005285	6.0
551	-0.032079	0.000000	0.159965	0.001905	6.1
552	-0.031957	1.000000	0.155547	0.003128	6.2
553	-0.031076	2.000000	0.151440	0.002669	5.9
554	-0.029759	1.200121	0.154701	0.004270	6.3
555	-0.034364	0.400121	0.158157	0.003480	6.5
556	-0.031693	0.000000	0.159965	0.002545	6.5
557	-0.031668	0.000000	0.159965	0.005687	6.4
558	-0.031058	0.000000	0.159965	0.004942	6.5
559	-0.032251	0.000000	0.159965	0.003474	5.9
560	-0.032588	0.000000	0.159965	0.003690	6.0
561	-0.030451	0.000000	0.159965	0.003359	6.7
562	-0.033757	0.000000	0.159965	0.003949	6.5
563	-0.030125	0.000000	0.159965	0.002987	6.3
564	-0.034334	0.000000	0.159965	0.005948	6.3
565	-0.031207	0.000000	0.159965	0.002545	5.6
566	-0.031604	0.000000	0.159965	0.003028	5.5
567	-0.033782	0.000000	0.159965	0.003440	5.5
568	-0.033541	1.000000	0.155547	0.003867	5.1
569	-0.032488	2.000000	0.151440	0.005125	4.9
570	-0.032711	1.200000	0.154702	0.001104	4.8
571	-0.027110	0.400000	0.158158	0.002068	5.1
572	-0.029842	0.000000	0.159965	0.004561	6.0
573	-0.033669	0.000000	0.159965	0.003385	5.4
574	-0.032647	0.000000	0.159965	0.005481	5.3
575	-0.033220	0.000000	0.159965	0.001257	6.3
576	-0.030113	0.000000	0.159965	0.004962	5.4
577	-0.034547	0.000000	0.159965	0.003463	5.4
578	-0.029676	0.000000	0.159965	0.003793	5.6
579	-0.032518	0.000000	0.159965	0.004080	5.9
580	-0.031569	0.000000	0.159965	0.001481	5.2
581	-0.032843	1.000000	0.155547	0.004448	5.4
582	-0.031683	2.000000	0.151440	0.004461	5.3
583	-0.033089	1.200000	0.154702	0.002822	6.2
584	-0.031577	2.200000	0.150652	0.004245	5.6
585	-0.034801	3.200000	0.146873	0.002112	5.1
586	-0.032127	4.200000	0.143337	0.002237	5.2
587	-0.030874	3.400000	0.146147	0.004152	5.5
588	-0.030921	2.600000	0.149110	0.005893	6.3
589	-0.032558	1.800000	0.152238	0.004109	6.5
590	-0.031420	1.000000	0.155547	0.002893	6.3
591	-0.030571	0.200000	0.159054	0.006273	6.0
592	-0.032682	0.000000	0.159965	0.004856	6.1
593	-0.032726	0.000000	0.159965	0.003167	5.5
594	-0.029755	0.000000	0.159965	0.004413	5.8
595	-0.031997	0.000000	0.159965	0.005619	6.2
596	-0.031100	1.000000	0.155547	0.002363	6.2
597	-0.030560	2.000000	0.151440	0.004190	6.3
598	-0.031329	1.200000	0.154702	0.003854	6.8
599	-0.031087	0.400000	0.158158	0.003018	6.2
600	-0.029458	0.000000	0.159965	0.002357	6.4
601	-0.033157	0.000000	0.159965	0.004933	6.2
602	-0.027480	1.000000	0.155547	0.001847	6.8
603	-0.033917	0.200000	0.159054	0.002985	6.5
604	-0.028887	0.000000	0.159965	0.002051	6.2
605	-0.030952	0.000000	0.159965	0.003845	6.0
606	-0.032308	0.000000	0.159965	0.003103	6.1
607	-0.030499	0.000000	0.159965	0.003725	5.6
608	-0.030561	0.000000	0.159965	0.006930	4.5
609	-0.030687	0.000000	0.159965	0.004770	4.6
610	-0.031386	0.000000	0.159965	0.004468	4.8
611	-0.032556	0.000000	0.159965	0.003650	6.5
612	-0.035359	0.000000	0.159965	0.003877	4.9
613	-0.033574	0.000000	0.159965	0.006055	6.3
614	-0.031769	0.000000	0.159965	0.007235	5.3
615	-0.030453	0.000000	0.159965	0.003667	5.3
616	-0.029209	0.000000	0.159965	0.002623	5.1
617	-0.032534	0.000000	0.159965	0.002431	4.8
618	-0.032074	0.000000	0.159965	0.002565	4.7
619	-0.029243	0.000000	0.159965	0.005082	4.7
620	-0.031336	0.000000	0.159965	0.004946	5.5
621	-0.030010	0.000000	0.159965	0.003067	5.7
622	-0.030962	0.000000	0.159965	0.004508	5.4
623	-0.032798	0.000000	0.159965	0.002158	5.6
624	-0.029413	0.000000	0.159965	0.002503	5.1
625	-0.030868	0.000000	0.159965	0.003043	5.1
626	-0.034895	1.000000	0.155547	0.005317	5.6
627	-0.031680	2.000000	0.151440	0.002301	5.2
628	-0.032517	1.200000	0.154702	0.004863	5.0
629	-0.031958	0.400000	0.158158	0.003847	5.4
630	-0.032408	0.000000	0.159965	0.003094	5.9
631	-0.029149	0.000000	0.159965	0.004832	5.2
632	-0.031090	0.000000	0.159965	0.003732	5.3
633	-0.031210	0.000000	0.159965	0.004462	5.0
634	-0.031822	0.000000	0.159965	0.002327	5.1
635	-0.031921	0.000000	0.159965	0.002941	6.1
636	-0.031247	0.000000	0.159965	0.002343	4.8
637	-0.031415	0.000000	0.159965	0.004739	5.1
638	-0.030184	0.000000	0.159965	0.004975	5.1
639	-0.032601	0.000000	0.159965	0.003477	4.8
640	-0.032956	0.000000	0.159965	0.004541	4.6
641	-0.029764	0.000000	0.159965	0.003537	4.9
642	-0.035635	1.000000	0.155547	0.005563	6.0
643	-0.037090	2.000000	0.151440	0.002122	5.8
644	-0.033155	1.200000	0.154702	0.003971	7.3
645	-0.032797	2.200000	0.150652	0.002114	5.3
646	-0.032038	3.200000	0.146873	0.004209	5.5
647	-0.033071	2.400000	0.149876	0.003666	5.1
648	-0.030615	1.600000	0.153048	0.006999	4.7
649	-0.027418	2.600000	0.149110	0.001687	5.0
650	-0.034025	1.800000	0.152238	0.004807	5.8
651	-0.033458	1.000000	0.155547	0.005661	6.1
652	-0.035426	0.200000	0.159054	0.001511	6.1
653	-0.034366	0.000000	0.159965	0.004582	5.6
654	-0.030421	0.000000	0.159965	0.001939	5.7
655	-0.032675	0.000000	0.159965	0.004245	5.7
656	-0.034018	0.000000	0.159965	0.002582	6.1
657	-0.031612	0.000000	0.159965	0.003276	6.2
658	-0.030336	0.000000	0.159965	0.003022	6.2
659	-0.035203	0.000000	0.159965	0.002777	5.5
660	-0.034005	0.000000	0.159965	0.003513	5.2
661	-0.031836	0.000000	0.159965	0.002385	4.7
662	-0.031196	0.000000	0.159965	0.005368	4.3
663	-0.031294	0.000000	0.159965	0.003659	4.4
664	-0.032436	0.000000	0.159965	0.005593	4.7
665	-0.030755	1.000000	0.155547	0.003666	4.5
666	-0.033498	2.000000	0.151440	0.002520	4.6
667	-0.030871	1.200000	0.154702	0.003650	4.6
668	-0.030465	0.400000	0.158158	0.005538	5.5
669	-0.028750	0.000000	0.159965	0.002002	5.0
670	-0.030967	0.000000	0.159965	0.002834	4.8
671	-0.026017	0.000000	0.159965	0.002605	5.9
672	-0.028323	1.000000	0.155547	0.004247	5.0
673	-0.031915	0.200000	0.159054	0.005699	5.5
674	-0.030725	0.000000	0.159965	0.004195	5.7
675	-0.036248	0.000000	0.159965	0.004020	5.1
676	-0.033336	0.000000	0.159965	0.003832	4.5
677	-0.031312	0.000000	0.159965	0.003135	5.0
678	-0.031401	0.000000	0.159965	0.003149	5.9
679	-0.029028	1.000000	0.155547	0.002881	5.6
680	-0.033942	2.000000	0.151440	0.005494	5.3
681	-0.031918	1.200000	0.154702	0.003620	5.5
682	-0.031792	0.400000	0.158158	0.001660	5.2
683	-0.028795	0.000000	0.159965	0.002228	5.4
684	-0.032502	1.000000	0.155547	0.004159	5.6
685	-0.032806	2.000000	0.151440	0.006279	5.2
686	-0.032715	3.000000	0.147609	0.002711	4.8
687	-0.030060	2.200000	0.150652	0.003559	4.9
688	-0.030408	1.400000	0.153869	0.003990	5.7
689	-0.034151	0.600000	0.157275	0.004866	5.8
690	-0.030044	1.600000	0.153048	0.003524	5.4
691	-0.030970	0.800000	0.156404	0.006503	5.2
692	-0.032129	0.000000	0.159965	0.005197	5.0
693	-0.031111	0.000000	0.159965	0.002536	5.0
694	-0.033424	1.000000	0.155547	0.005249	4.9
695	-0.032216	0.200000	0.159054	0.002521	5.0
696	-0.032267	0.000000	0.159965	0.004053	5.2
697	-0.030527	0.000000	0.159965	0.004689	5.1
698	-0.030043	0.000000	0.159965	0.004224	5.3
699	-0.030530	0.000000	0.159965	0.001915	6.1
700	-0.030622	0.000000	0.159965	0.003314	5.5
701	-0.029447	0.000000	0.159965	0.003797	6.1
702	-0.032585	0.000000	0.159965	0.006326	6.3
703	-0.031022	0.000000	0.159965	0.003694	5.1
704	-0.029743	0.000000	0.159965	0.002976	5.4
705	-0.029373	0.000000	0.159965	0.005727	6.0
706	-0.029640	0.000000	0.159965	0.004169	5.1
707	-0.029962	0.000000	0.159965	0.002374	5.8
708	-0.032118	1.000000	0.155547	0.006829	5.1
709	-0.030911	2.000000	0.151440	0.004720	6.2
710	-0.031366	1.200000	0.154702	0.003106	6.6
711	-0.033295	0.400000	0.158158	0.001703	5.3
712	-0.031601	0.000000	0.159965	0.004736	5.2
713	-0.027738	0.000000	0.159965	0.003398	5.6
714	-0.029680	0.000000	0.159965	0.002941	5.9
715	-0.030462	0.000000	0.159965	0.003170	6.3
716	-0.033662	0.000000	0.159965	0.002467	6.4
717	-0.031978	0.000000	0.159965	0.003866	6.0
718	-0.030883	0.000000	0.159965	0.006590	5.9
719	-0.030774	1.000000	0.155547	0.003811	5.8
720	-0.030941	2.000000	0.151440	0.005196	6.1
721	-0.031480	1.200000	0.154702	0.002390	6.0
722	-0.030530	0.400000	0.158158	0.003573	5.4
723	-0.033672	0.000000	0.159965	0.003014	5.9
724	-0.033125	0.000000	0.159965	0.004049	5.3
725	-0.031238	0.000000	0.159965	0.003141	5.3
726	-0.031389	0.000000	0.159965	0.003029	5.5
727	-0.030017	0.000000	0.159965	0.006778	6.2
728	-0.032495	0.000000	0.159965	0.002732	5.7
729	-0.033858	0.000000	0.159965	0.003935	5.5
730	-0.031067	0.000000	0.159965	0.001521	5.6
731	-0.031636	1.000000	0.155547	0.004737	5.1
732	-0.027714	2.000000	0.151440	0.003818	5.7
733	-0.033645	1.200000	0.154702	0.004505	5.8
734	-0.032383	2.200000	0.150652	0.004214	6.2
735	-0.034463	1.400000	0.153869	0.002873	5.8
736	-0.031114	2.400000	0.149876	0.004431	6.1
737	-0.031587	1.600000	0.153048	0.002759	6.1
738	-0.034584	0.800000	0.156404	0.004425	6.2
739	-0.032254	1.800000	0.152238	0.002257	6.2
740	-0.029464	2.800000	0.148354	0.003574	5.7
741	-0.030281	2.000000	0.151440	0.006798	5.8
742	-0.030074	1.200000	0.154702	0.002995	5.6
743	-0.029073	0.400000	0.158158	0.003085	5.2
744	-0.031247	0.000000	0.159965	0.004611	5.1
745	-0.030731	0.000000	0.159965	0.003832	5.1
746	-0.033351	0.000000	0.159965	0.002920	5.1
747	-0.032574	0.000000	0.159965	0.005523	5.1
748	-0.028839	0.000000	0.159965	0.003307	4.9
749	-0.030553	0.000000	0.159965	0.003568	4.8
750	-0.029308	1.000000	0.155547	0.002802	4.7
751	-0.030753	0.200000	0.159054	0.003473	4.8
752	-0.031077	0.000000	0.159965	0.003748	4.7
753	-0.032185	0.000000	0.159965	0.002633	5.7
754	-0.030773	0.000000	0.159965	0.004287	6.0
755	-0.034432	0.000000	0.159965	0.003368	5.8
756	-0.030290	1.000000	0.155547	0.008063	5.6
757	-0.032998	0.200000	0.159054	0.005072	6.3
758	-0.031324	1.200000	0.154702	0.002183	6.2
759	-0.032582	0.400000	0.158158	0.004169	6.1
760	-0.033373	0.000000	0.159965	0.003126	6.1
761	-0.032860	0.000000	0.159965	0.003610	5.5
762	-0.032740	0.000000	0.159965	0.001767	5.3
763	-0.031581	0.000000	0.159965	0.003731	5.3
764	-0.032038	0.000000	0.159965	0.005563	5.3
765	-0.033772	0.000000	0.159965	0.002699	5.1
766	-0.031264	0.000000	0.159965	0.004393	5.3
767	-0.031285	0.000000	0.159965	0.002871	5.8
768	-0.029328	0.000000	0.159965	0.002610	6.3
769	-0.032943	0.000000	0.159965	0.003844	6.4
770	-0.030398	0.000000	0.159965	0.004748	6.3
771	-0.031376	1.000000	0.155547	0.005329	6.3
772	-0.029679	2.000000	0.151440	0.001909	6.3
773	-0.031536	3.000000	0.147609	0.003012	6.3
774	-0.030991	4.000000	0.144026	0.003632	6.0
775	-0.031124	3.200000	0.146873	0.002176	6.4
776	-0.033569	2.400000	0.149876	0.002891	5.6
777	-0.029169	1.600000	0.153048	0.003300	5.6
778	-0.034137	0.800000	0.156404	0.004249	5.8
779	-0.027296	0.000000	0.159965	0.002493	6.3
780	-0.028175	0.000000	0.159965	0.003197	5.8
781	-0.032709	0.000000	0.159965	0.005735	5.8
782	-0.033955	0.000000	0.159965	0.003898	5.6
783	-0.030689	0.000000	0.159965	0.007344	5.3
784	-0.031089	0.000000	0.159965	0.003369	5.1
785	-0.032836	0.000000	0.159965	0.005143	5.2
786	-0.032519	0.000000	0.159965	0.004552	6.0
787	-0.033240	0.000000	0.159965	0.005467	5.2
788	-0.033564	0.000000	0.159965	0.003915	5.5
789	-0.031209	0.000000	0.159965	0.004982	6.3
790	-0.033024	1.000000	0.155547	0.002895	5.8
791	-0.034572	0.200000	0.159054	0.002687	5.9
792	-0.030064	1.200000	0.154702	0.003167	5.3
793	-0.031824	0.400000	0.158158	0.003335	5.3
794	-0.031982	0.000000	0.159965	0.002224	5.2
795	-0.032920	0.000000	0.159965	0.004421	5.0
796	-0.028411	0.000000	0.159965	0.003610	6.2
797	-0.030305	0.000000	0.159965	0.005800	5.2
798	-0.030096	1.000000	0.155547	0.004507	5.3
799	-0.035825	2.000000	0.151440	0.005669	5.2
800	-0.030343	1.200000	0.154702	0.003719	6.3
801	-0.029595	0.400000	0.158158	0.003017	6.2
802	-0.034491	0.000000	0.159965	0.005802	5.6
803	-0.030789	0.000000	0.159965	0.003956	5.7
804	-0.029110	0.000000	0.159965	0.003620	6.1
805	-0.036039	0.000000	0.159965	0.002363	5.5
806	-0.034598	0.000000	0.159965	0.003659	5.4
807	-0.031784	0.000000	0.159965	0.003016	5.7
808	-0.030848	0.000000	0.159965	0.003199	6.3
809	-0.031788	1.000000	0.155547	0.004058	6.2
810	-0.032517	0.200000	0.159054	0.003479	6.4
811	-0.032593	0.000000	0.159965	0.004668	6.3
812	-0.030654	1.000000	0.155547	0.003154	6.6
813	-0.031659	0.200000	0.159054	0.003918	6.3
814	-0.030792	0.000000	0.159965	0.004297	6.4
815	-0.031227	0.000000	0.159965	0.002403	6.0
816	-0.034030	0.000000	0.159965	0.009304	6.4
817	-0.034843	0.000000	0.159965	0.002837	5.8
818	-0.033450	0.000000	0.159965	0.004603	5.2
819	-0.032713	0.000000	0.159965	0.007758	5.0
820	-0.030679	0.000000	0.159965	0.004697	5.1
821	-0.033780	0.000000	0.159965	0.002750	6.4
822	-0.032721	0.000000	0.159965	0.005098	6.0
823	-0.034099	1.000000	0.155547	0.003621	5.5
824	-0.033140	0.200000	0.159054	0.007433	6.2
825	-0.031800	0.000000	0.159965	0.002315	6.2
826	-0.031284	1.000000	0.155547	0.002260	5.9
827	-0.030225	2.000000	0.151440	0.004087	6.2
828	-0.030513	1.200000	0.154702	0.003434	5.8
829	-0.031663	0.400000	0.158158	0.001544	5.6
830	-0.031622	0.000000	0.159965	0.005350	6.0
831	-0.029226	0.000000	0.159965	0.001862	5.8
832	-0.032650	0.000000	0.159965	0.000956	6.5
833	-0.033982	1.000000	0.155547	0.004116	6.4
834	-0.028796	2.000000	0.151440	0.005954	6.4
835	-0.030470	1.200000	0.154702	0.003912	6.2
836	-0.032133	0.400000	0.158158	0.004958	5.7
837	-0.028382	0.000000	0.159965	0.005906	5.7
838	-0.033015	0.000000	0.159965	0.003429	5.7
839	-0.029593	0.000000	0.159965	0.004639	6.3
840	-0.032069	0.000000	0.159965	0.004713	6.4
841	-0.032970	0.000000	0.159965	0.001432	6.3
842	-0.033318	0.000000	0.159965	0.006610	6.3
843	-0.030802	0.000000	0.159965	0.005246	6.1
844	-0.031180	1.000000	0.155547	0.003743	6.0
845	-0.031449	0.200000	0.159054	0.003269	5.5
846	-0.030865	0.000000	0.159965	0.005386	5.3
847	-0.033521	0.000000	0.159965	0.004863	5.2
848	-0.032374	0.000000	0.159965	0.002252	5.0
849	-0.031522	1.000000	0.155547	0.005244	4.9
850	-0.033479	1.999996	0.151440	0.005583	6.0
851	-0.030930	1.199996	0.154702	0.003785	5.3
852	-0.029630	0.399996	0.158158	0.004404	5.4
853	-0.031606	0.000000	0.159965	0.002833	6.1
854	-0.032359	0.000000	0.159965	0.003998	5.5
855	-0.032792	0.000000	0.159965	0.006226	5.4
856	-0.030977	0.000000	0.159965	0.007038	5.5
857	-0.033375	0.000000	0.159965	0.004361	5.5
858	-0.031197	0.000000	0.159965	0.005630	5.9
859	-0.034663	0.000000	0.159965	0.001440	5.3
860	-0.033024	0.000000	0.159965	0.004201	5.3
861	-0.032665	0.000000	0.159965	0.004776	5.3
862	-0.033128	0.000000	0.159965	0.004159	5.5
863	-0.034153	0.000000	0.159965	0.003785	6.1
864	-0.035894	0.000000	0.159965	0.004455	5.9
865	-0.030289	0.000000	0.159965	0.003765	6.3
866	-0.031150	0.000000	0.159965	0.004016	6.2
867	-0.032019	0.000000	0.159965	0.002105	6.1
868	-0.030263	0.000000	0.159965	0.006817	6.2
869	-0.033320	0.000000	0.159965	0.002323	5.6
870	-0.033564	1.000000	0.155547	0.002009	6.0
871	-0.033051	0.200000	0.159054	0.004136	5.5
872	-0.029475	1.200000	0.154702	0.004394	6.3
873	-0.028703	0.400000	0.158158	0.002140	6.6
874	-0.031884	0.000000	0.159965	0.003804	6.6
875	-0.034621	1.000000	0.155547	0.003399	6.1
876	-0.033670	2.000000	0.151440	0.004687	5.7
877	-0.033387	3.000000	0.147609	0.006978	5.9
878	-0.030917	2.200000	0.150652	0.002880	6.3
879	-0.031146	3.200000	0.146873	0.004800	6.1
880	-0.033773	2.400000	0.149876	0.005175	6.2
881	-0.034021	3.400000	0.146147	0.002790	6.3
882	-0.030721	4.400000	0.142656	0.003619	6.4
883	-0.028170	3.600000	0.145431	0.001619	6.5
884	-0.030288	4.600000	0.141984	0.002228	6.2
885	-0.029677	3.800000	0.144724	0.005204	5.7
886	-0.031388	3.000000	0.147609	0.003919	5.5
887	-0.034532	2.200000	0.150652	0.005901	5.3
888	-0.031513	1.400000	0.153869	0.006687	6.1
889	-0.031594	0.600000	0.157275	0.004985	5.4
890	-0.028738	1.600000	0.153048	0.002331	5.4
891	-0.033942	2.600000	0.149110	0.003877	6.2
892	-0.031724	3.600000	0.145431	0.006403	5.5
893	-0.033626	2.800000	0.148354	0.004725	5.5
894	-0.031065	2.000000	0.151440	0.003220	6.2
895	-0.029485	1.200000	0.154702	0.001636	5.9
896	-0.034001	0.400000	0.158158	0.005712	6.2
897	-0.034013	0.000000	0.159965	0.004004	6.5
898	-0.031473	0.000000	0.159965	0.004872	5.8
899	-0.030574	0.000000	0.159965	0.002446	6.4
900	-0.030436	0.000000	0.159965	0.004387	6.5
901	-0.027215	0.000000	0.159965	0.002142	6.6
902	-0.028774	0.000000	0.159965	0.003730	6.5
903	-0.030687	0.000000	0.159965	0.002137	6.5
904	-0.029691	0.000000	0.159965	0.002443	6.2
905	-0.031346	0.000000	0.159965	0.005253	5.8
906	-0.035748	0.000000	0.159965	0.004087	5.8
907	-0.029500	0.000000	0.159965	0.003193	5.8
908	-0.032677	0.000000	0.159965	0.006513	5.8
909	-0.029823	0.000000	0.159965	0.003068	5.7
910	-0.033080	0.000000	0.159965	0.005795	5.3
911	-0.029873	0.000000	0.159965	0.005039	5.5
912	-0.030032	0.000000	0.159965	0.003325	5.4
913	-0.030054	0.000000	0.159965	0.004827	6.1
914	-0.030054	0.000000	0.159965	0.003229	6.3
915	-0.030272	0.000000	0.159965	0.003814	5.9
916	-0.030629	1.000000	0.155547	0.004524	6.2
917	-0.030912	0.200000	0.159054	0.004363	6.0
918	-0.033548	0.000000	0.159965	0.002930	5.9
919	-0.032972	1.000000	0.155547	0.004983	6.4
920	-0.031109	0.200000	0.159054	0.002750	6.4
921	-0.030094	0.000000	0.159965	0.004821	6.4
922	-0.032401	1.000000	0.155547	0.002877	6.5
923	-0.033260	2.000000	0.151440	0.005070	6.4
924	-0.028166	3.000000	0.147609	0.002893	6.1
925	-0.032182	2.200000	0.150652	0.001262	6.0
926	-0.032472	3.200000	0.146873	0.003771	5.9
927	-0.031395	4.200000	0.143337	0.003779	5.6
928	-0.033366	3.400000	0.146147	0.005535	5.7
929	-0.032218	2.600000	0.149110	0.002867	5.6
930	-0.029819	3.600000	0.145431	0.002864	6.3
931	-0.032402	2.800000	0.148354	0.004069	6.4
932	-0.031055	2.000000	0.151440	0.006916	5.4
933	-0.031950	1.200000	0.154702	0.003832	5.4
934	-0.030768	0.400000	0.158158	0.003213	6.4
935	-0.034150	0.000000	0.159965	0.006263	6.3
936	-0.031327	1.000000	0.155547	0.001516	6.4
937	-0.027900	0.200000	0.159054	0.002710	6.1
938	-0.032812	0.000000	0.159965	0.004938	5.9
939	-0.033778	0.000000	0.159965	0.002945	6.3
940	-0.031326	1.000000	0.155547	0.006141	6.4
941	-0.033448	0.200000	0.159054	0.005171	6.3
942	-0.031841	0.000000	0.159965	0.004657	5.6
943	-0.029857	1.000000	0.155547	0.003097	5.6
944	-0.033360	0.200000	0.159054	0.002926	5.8
945	-0.031685	1.200000	0.154702	0.002163	6.1
946	-0.031589	0.400000	0.158158	0.004954	5.5
947	-0.033243	0.000000	0.159965	0.004353	6.3
948	-0.030292	0.000000	0.159965	0.002855	5.9
949	-0.032275	0.000000	0.159965	0.001988	4.7
950	-0.033845	0.000000	0.159965	0.004493	5.4
951	-0.029686	0.000000	0.159965	0.006585	4.5
952	-0.033539	0.000000	0.159965	0.006345	4.7
953	-0.032887	0.000000	0.159965	0.007931	5.7
954	-0.033235	0.000000	0.159965	0.006384	4.5
955	-0.030055	0.000000	0.159965	0.002432	4.7
956	-0.036857	0.000000	0.159965	0.003588	6.0
957	-0.033814	0.000000	0.159965	0.003603	6.2
958	-0.031035	0.000000	0.159965	0.003113	5.9
959	-0.029090	0.000000	0.159965	0.002462	5.6
960	-0.035638	0.000000	0.159965	0.003612	6.3
961	-0.033710	0.000000	0.159965	0.002577	5.4
962	-0.031329	1.000000	0.155547	0.006162	5.3
963	-0.031886	2.000000	0.151440	0.005666	5.5
964	-0.030193	1.200000	0.154702	0.003125	6.2
965	-0.033685	2.200000	0.150652	0.005614	6.1
966	-0.030253	1.400000	0.153869	0.003041	6.4
967	-0.032626	0.600000	0.157275	0.002706	6.0
968	-0.034305	1.600000	0.153048	0.003054	6.2
969	-0.031603	2.593799	0.149134	0.003953	6.2
970	-0.030216	3.593799	0.145453	0.002439	6.3
971	-0.031612	4.593799	0.142005	0.002263	6.1
972	-0.032001	3.793799	0.144746	0.002568	6.3
973	-0.029940	2.993799	0.147632	0.002608	6.3
974	-0.034291	2.193799	0.150677	0.002954	6.2
975	-0.031925	1.393799	0.153894	0.003569	5.8
976	-0.033804	0.593799	0.157302	0.003628	6.7
977	-0.035451	0.000000	0.159965	0.005261	5.9
978	-0.031462	0.000000	0.159965	0.004753	5.9
979	-0.031859	0.000000	0.159965	0.002533	6.5
980	-0.029867	0.000000	0.159965	0.005271	6.7
981	-0.031973	0.000000	0.159965	0.001684	6.2
982	-0.031490	0.000000	0.159965	0.002993	5.6
983	-0.029434	0.000000	0.159965	0.003646	5.3
984	-0.029420	0.000000	0.159965	0.005522	5.1
985	-0.029070	1.000000	0.155547	0.002982	5.3
986	-0.030261	2.000000	0.151440	0.003667	5.4
987	-0.032170	3.000000	0.147609	0.004404	5.5
988	-0.035380	2.200000	0.150652	0.003329	6.3
989	-0.031513	1.400000	0.153869	0.002690	5.5
990	-0.031940	0.600000	0.157275	0.002406	6.4
991	-0.031020	0.000000	0.159965	0.004884	6.7
992	-0.033707	0.000000	0.159965	0.004342	6.8
993	-0.033141	0.000000	0.159965	0.002273	6.8
994	-0.031596	0.000000	0.159965	0.004281	6.2
995	-0.033197	0.000000	0.159965	0.002646	5.6
996	-0.032744	0.000000	0.159965	0.004852	6.1
997	-0.031843	0.000000	0.159965	0.003597	6.7
998	-0.032673	0.000000	0.159965	0.003360	6.3
999	-0.032579	0.000000	0.159965	0.003508	5.6
