1:ItNr	2:Metric	3a:Time	3b:StepSize	4:||Gradient||	Time[ms]
0	-0.039048	0.000000	0.159965	0.003794	79.0
1	-0.037422	0.000000	0.159965	0.005943	4.1
2	-0.036564	0.000000	0.159965	0.002937	4.3
3	-0.036006	0.000000	0.159965	0.005897	5.4
4	-0.037735	0.000000	0.159965	0.003280	4.7
5	-0.038434	0.000000	0.159965	0.004152	5.0
6	-0.039357	0.000000	0.159965	0.003216	5.2
7	-0.039506	0.000000	0.159965	0.003023	4.9
8	-0.038860	0.000000	0.159965	0.002645	4.1
9	-0.034092	0.000000	0.159965	0.003413	6.1
10	-0.036694	0.000000	0.159965	0.004011	4.8
11	-0.038966	0.000000	0.159965	0.003114	5.0
12	-0.036006	0.000000	0.159965	0.002967	5.3
13	-0.038306	0.000000	0.159965	0.004894	5.5
14	-0.039137	0.000000	0.159965	0.004525	4.5
15	-0.036616	0.000000	0.159965	0.004411	4.6
16	-0.040623	0.000000	0.159965	0.005852	4.1
17	-0.041248	0.000000	0.159965	0.005028	5.3
18	-0.034611	0.000000	0.159965	0.004197	4.2
19	-0.044541	0.000000	0.159965	0.004489	4.3
20	-0.036955	0.000000	0.159965	0.002916	4.1
21	-0.036355	0.000000	0.159965	0.003442	4.1
22	-0.038114	0.000000	0.159965	0.004071	4.1
23	-0.038746	0.000000	0.159965	0.005597	4.5
24	-0.036605	0.000000	0.159965	0.004129	3.9
25	-0.039197	0.000000	0.159965	0.003822	5.0
26	-0.037839	0.000000	0.159965	0.002984	5.1
27	-0.033751	0.000000	0.159965	0.003555	4.3
28	-0.035488	0.000000	0.159965	0.004633	4.1
29	-0.039866	0.000000	0.159965	0.004208	4.1
30	-0.039354	0.000000	0.159965	0.004114	4.7
31	-0.036139	0.000000	0.159965	0.001956	4.6
32	-0.034966	0.000000	0.159965	0.003913	4.6
33	-0.037756	0.000000	0.159965	0.002820	5.4
34	-0.036030	0.000000	0.159965	0.005896	5.0
35	-0.037967	0.000000	0.159965	0.004754	4.5
36	-0.037144	0.000000	0.159965	0.003889	5.8
37	-0.038743	0.000000	0.159965	0.004596	4.0
38	-0.040510	0.000000	0.159965	0.002693	4.0
39	-0.035108	0.000000	0.159965	0.003016	4.9
40	-0.040444	0.000000	0.159965	0.004504	4.3
41	-0.037490	0.000000	0.159965	0.003801	6.0
42	-0.039862	0.000000	0.159965	0.003996	5.0
43	-0.038579	0.000000	0.159965	0.002846	4.8
44	-0.041926	0.000000	0.159965	0.006205	5.4
45	-0.036635	0.000000	0.159965	0.005193	4.8
46	-0.037475	0.000000	0.159965	0.003459	5.3
47	-0.033059	0.000000	0.159965	0.006739	5.1
48	-0.035618	0.000000	0.159965	0.004129	5.5
49	-0.037950	0.000000	0.159965	0.007387	4.9
50	-0.038757	0.000000	0.159965	0.004150	6.6
51	-0.041753	0.000000	0.159965	0.003423	5.9
52	-0.035465	0.000000	0.159965	0.001653	6.2
53	-0.040236	0.000000	0.159965	0.003940	6.7
54	-0.034854	0.000000	0.159965	0.003094	6.1
55	-0.039629	0.000000	0.159965	0.004314	6.1
56	-0.038436	0.000000	0.159965	0.003543	5.6
57	-0.035015	0.000000	0.159965	0.005707	4.9
58	-0.036317	0.000000	0.159965	0.003302	6.4
59	-0.038691	0.000000	0.159965	0.005120	4.7
60	-0.041540	0.000000	0.159965	0.003934	5.4
61	-0.040545	0.000000	0.159965	0.002815	5.3
62	-0.043489	0.000000	0.159965	0.006124	4.9
63	-0.038911	0.000000	0.159965	0.005746	5.0
64	-0.036801	0.000000	0.159965	0.004452	4.4
65	-0.037648	0.000000	0.159965	0.003442	4.6
66	-0.037273	0.000000	0.159965	0.004571	4.3
67	-0.037630	0.000000	0.159965	0.004284	4.8
68	-0.034774	0.000000	0.159965	0.005480	4.8
69	-0.039141	0.000000	0.159965	0.004720	4.6
70	-0.037394	0.000000	0.159965	0.004391	4.9
71	-0.039112	0.000000	0.159965	0.007137	4.7
72	-0.037373	0.000000	0.159965	0.004054	5.2
73	-0.036080	0.000000	0.159965	0.005191	4.8
74	-0.037317	0.000000	0.159965	0.003461	4.6
75	-0.034008	0.000000	0.159965	0.006524	4.6
76	-0.038058	0.000000	0.159965	0.002874	5.5
77	-0.036092	0.000000	0.159965	0.005748	5.1
78	-0.035818	0.000000	0.159965	0.005439	4.8
79	-0.034101	0.000000	0.159965	0.003677	4.5
80	-0.036969	0.000000	0.159965	0.003211	5.5
81	-0.033900	0.000000	0.159965	0.002750	4.6
82	-0.036868	0.000000	0.159965	0.004649	4.7
83	-0.037017	0.000000	0.159965	0.002568	4.4
84	-0.034204	0.000000	0.159965	0.004367	4.6
85	-0.042021	0.000000	0.159965	0.004418	4.9
86	-0.035785	0.000000	0.159965	0.005384	4.6
87	-0.035817	0.000000	0.159965	0.004623	4.6
88	-0.035341	0.000000	0.159965	0.003079	4.9
89	-0.034666	0.000000	0.159965	0.002919	4.3
90	-0.036735	0.000000	0.159965	0.003058	5.3
91	-0.033781	0.000000	0.159965	0.005411	5.6
92	-0.039721	0.000000	0.159965	0.002898	6.3
93	-0.037910	0.000000	0.159965	0.003019	5.4
94	-0.041535	1.000000	0.155547	0.006262	5.4
95	-0.034900	2.000000	0.151440	0.003952	5.4
96	-0.034405	1.200000	0.154702	0.004083	5.7
97	-0.035892	0.400000	0.158158	0.004026	5.7
98	-0.037821	0.000000	0.159965	0.004752	5.7
99	-0.038114	0.000000	0.159965	0.003682	5.9
100	-0.038675	0.000000	0.159965	0.003157	5.0
101	-0.036818	0.000000	0.159965	0.004975	4.7
102	-0.036184	0.000000	0.159965	0.003474	4.5
103	-0.039178	0.000000	0.159965	0.006184	4.2
104	-0.039478	0.000000	0.159965	0.005284	4.4
105	-0.039334	0.000000	0.159965	0.004963	5.2
106	-0.038753	0.000000	0.159965	0.004792	4.7
107	-0.039072	0.000000	0.159965	0.006762	4.2
108	-0.036947	0.000000	0.159965	0.004882	4.2
109	-0.035765	0.000000	0.159965	0.003113	3.9
110	-0.038402	0.000000	0.159965	0.005081	4.4
111	-0.038918	0.000000	0.159965	0.004596	5.4
112	-0.039572	0.000000	0.159965	0.003330	5.2
113	-0.034666	0.000000	0.159965	0.002987	4.6
114	-0.035380	0.000000	0.159965	0.003722	4.4
115	-0.038535	0.000000	0.159965	0.005693	3.5
116	-0.036266	0.000000	0.159965	0.004431	3.8
117	-0.039158	0.000000	0.159965	0.006156	6.3
118	-0.037746	0.000000	0.159965	0.003857	4.3
119	-0.035040	0.000000	0.159965	0.006593	5.0
120	-0.038190	0.000000	0.159965	0.005813	4.2
121	-0.038903	0.000000	0.159965	0.004099	4.2
122	-0.040753	0.000000	0.159965	0.005044	4.6
123	-0.040038	0.000000	0.159965	0.004041	5.3
124	-0.037747	0.000000	0.159965	0.005631	4.6
125	-0.040043	0.000000	0.159965	0.005430	4.6
126	-0.035381	0.000000	0.159965	0.003443	4.6
127	-0.039475	0.000000	0.159965	0.003277	5.1
128	-0.035078	0.000000	0.159965	0.005334	5.4
129	-0.036504	0.000000	0.159965	0.004623	5.3
130	-0.037088	0.000000	0.159965	0.004105	4.5
131	-0.038176	0.000000	0.159965	0.004736	4.6
132	-0.041250	0.000000	0.159965	0.006734	4.8
133	-0.034894	0.000000	0.159965	0.003705	5.0
134	-0.037845	0.000000	0.159965	0.006754	5.1
135	-0.037237	0.000000	0.159965	0.005346	4.7
136	-0.037450	0.000000	0.159965	0.004697	5.6
137	-0.037777	0.000000	0.159965	0.003553	6.0
138	-0.038908	0.000000	0.159965	0.004655	5.5
139	-0.036755	0.000000	0.159965	0.004498	6.3
140	-0.035812	0.000000	0.159965	0.002613	5.8
141	-0.038015	0.000000	0.159965	0.004495	5.2
142	-0.038794	0.000000	0.159965	0.003385	5.6
143	-0.033576	0.000000	0.159965	0.003745	5.5
144	-0.036918	0.000000	0.159965	0.004047	5.4
145	-0.040581	0.000000	0.159965	0.002934	6.3
146	-0.035711	0.000000	0.159965	0.005881	5.0
147	-0.039027	0.000000	0.159965	0.003971	4.8
148	-0.038689	0.000000	0.159965	0.006370	4.7
149	-0.039494	0.000000	0.159965	0.004377	5.2
150	-0.037486	0.000000	0.159965	0.004410	4.4
151	-0.042812	0.000000	0.159965	0.005397	5.2
152	-0.033888	0.000000	0.159965	0.004276	5.6
153	-0.038405	0.000000	0.159965	0.003296	5.6
154	-0.035009	0.000000	0.159965	0.002765	6.0
155	-0.037047	0.000000	0.159965	0.005216	5.9
156	-0.036979	0.000000	0.159965	0.005875	5.6
157	-0.039354	0.000000	0.159965	0.003400	6.0
158	-0.041127	0.000000	0.159965	0.005316	5.6
159	-0.036082	0.000000	0.159965	0.005595	5.5
160	-0.035270	0.000000	0.159965	0.004303	5.4
161	-0.037998	0.000000	0.159965	0.003665	4.5
162	-0.037406	0.000000	0.159965	0.005799	5.4
163	-0.037725	0.000000	0.159965	0.002771	5.4
164	-0.041475	0.000000	0.159965	0.004209	5.2
165	-0.033057	0.000000	0.159965	0.003345	5.7
166	-0.037135	0.000000	0.159965	0.003868	5.8
167	-0.041839	0.000000	0.159965	0.005806	5.5
168	-0.037380	0.000000	0.159965	0.002945	6.3
169	-0.037972	0.000000	0.159965	0.003839	5.5
170	-0.040476	0.000000	0.159965	0.004895	5.5
171	-0.036521	0.000000	0.159965	0.003419	5.8
172	-0.037807	0.000000	0.159965	0.006513	5.9
173	-0.035696	0.000000	0.159965	0.002187	5.3
174	-0.038836	0.000000	0.159965	0.005656	5.6
175	-0.040945	0.000000	0.159965	0.006885	6.1
176	-0.037229	0.000000	0.159965	0.006717	6.0
177	-0.036720	0.000000	0.159965	0.002401	5.7
178	-0.038637	0.000000	0.159965	0.004042	5.5
179	-0.034922	0.000000	0.159965	0.006356	5.4
180	-0.038539	0.000000	0.159965	0.003618	6.0
181	-0.040862	0.000000	0.159965	0.004595	5.9
182	-0.037943	0.000000	0.159965	0.003866	5.7
183	-0.036060	0.000000	0.159965	0.005069	6.0
184	-0.035740	0.000000	0.159965	0.006219	5.8
185	-0.037417	0.000000	0.159965	0.003303	5.6
186	-0.041556	0.000000	0.159965	0.003357	5.8
187	-0.037453	0.000000	0.159965	0.003308	6.1
188	-0.040320	0.000000	0.159965	0.005554	5.9
189	-0.034764	0.000000	0.159965	0.005834	5.6
190	-0.036622	0.000000	0.159965	0.001965	6.1
191	-0.040427	0.000000	0.159965	0.005890	6.0
192	-0.039298	0.000000	0.159965	0.003064	6.1
193	-0.037037	0.000000	0.159965	0.002633	6.0
194	-0.038410	0.000000	0.159965	0.003903	6.3
195	-0.034747	0.000000	0.159965	0.004053	6.3
196	-0.036492	0.000000	0.159965	0.002270	5.6
197	-0.036492	0.000000	0.159965	0.003387	5.4
198	-0.036589	0.000000	0.159965	0.004660	5.0
199	-0.033466	0.000000	0.159965	0.004071	5.0
200	-0.036073	0.000000	0.159965	0.003602	4.8
201	-0.037184	0.000000	0.159965	0.006043	4.6
202	-0.044633	0.000000	0.159965	0.004674	5.2
203	-0.037740	0.000000	0.159965	0.005985	5.0
204	-0.038479	0.000000	0.159965	0.003486	4.6
205	-0.036881	0.000000	0.159965	0.004784	4.4
206	-0.036446	0.000000	0.159965	0.005898	4.5
207	-0.039251	0.000000	0.159965	0.002894	5.5
208	-0.039798	0.000000	0.159965	0.005175	5.5
209	-0.035929	0.000000	0.159965	0.005761	4.2
210	-0.038737	0.000000	0.159965	0.003313	4.7
211	-0.034720	0.000000	0.159965	0.003808	4.7
212	-0.040362	0.000000	0.159965	0.004500	3.9
213	-0.039398	0.000000	0.159965	0.004525	4.0
214	-0.036906	0.000000	0.159965	0.004460	5.0
215	-0.038501	0.000000	0.159965	0.003137	4.7
216	-0.040935	0.000000	0.159965	0.002910	4.2
217	-0.039296	0.000000	0.159965	0.004585	3.9
218	-0.037552	0.000000	0.159965	0.003315	4.8
219	-0.039677	0.000000	0.159965	0.003891	4.5
220	-0.039354	0.000000	0.159965	0.002550	4.9
221	-0.040523	0.000000	0.159965	0.004380	4.8
222	-0.035448	0.000000	0.159965	0.002293	5.4
223	-0.036436	0.000000	0.159965	0.002660	5.5
224	-0.037992	0.000000	0.159965	0.003209	5.4
225	-0.036670	0.000000	0.159965	0.004875	4.8
226	-0.036024	0.000000	0.159965	0.003711	4.8
227	-0.037423	0.000000	0.159965	0.005374	4.7
228	-0.037293	0.000000	0.159965	0.005496	4.5
229	-0.038314	0.000000	0.159965	0.002514	4.8
230	-0.041783	0.000000	0.159965	0.003410	5.5
231	-0.035255	0.000000	0.159965	0.003700	4.4
232	-0.036436	0.000000	0.159965	0.007196	5.4
233	-0.037950	0.000000	0.159965	0.007328	5.0
234	-0.034686	0.000000	0.159965	0.004270	5.5
235	-0.039472	0.000000	0.159965	0.007031	4.6
236	-0.036975	0.000000	0.159965	0.005993	4.4
237	-0.036155	0.000000	0.159965	0.002638	4.7
238	-0.038647	0.000000	0.159965	0.004546	4.7
239	-0.033857	0.000000	0.159965	0.006601	4.7
240	-0.038967	0.000000	0.159965	0.002809	4.9
241	-0.035832	0.000000	0.159965	0.005311	5.4
242	-0.037258	0.000000	0.159965	0.004009	5.0
243	-0.041113	0.000000	0.159965	0.006237	5.0
244	-0.042050	0.000000	0.159965	0.004846	5.2
245	-0.037701	0.000000	0.159965	0.006325	5.4
246	-0.036524	0.000000	0.159965	0.003696	5.3
247	-0.038117	0.000000	0.159965	0.005417	4.8
248	-0.037287	0.000000	0.159965	0.005058	5.8
249	-0.043366	0.000000	0.159965	0.005600	5.0
250	-0.037094	0.000000	0.159965	0.003839	5.6
251	-0.038391	0.000000	0.159965	0.002588	5.7
252	-0.037581	0.000000	0.159965	0.005398	4.8
253	-0.036433	0.000000	0.159965	0.003170	5.0
254	-0.038858	0.000000	0.159965	0.002693	5.6
255	-0.039793	0.000000	0.159965	0.005719	4.7
256	-0.039926	0.000000	0.159965	0.004100	4.8
257	-0.043934	0.000000	0.159965	0.008086	4.8
258	-0.034091	0.000000	0.159965	0.003906	4.3
259	-0.036972	0.000000	0.159965	0.003953	4.3
260	-0.035872	0.000000	0.159965	0.004377	4.3
261	-0.037580	0.000000	0.159965	0.003231	4.2
262	-0.039386	0.000000	0.159965	0.006217	4.2
263	-0.036769	0.000000	0.159965	0.002617	4.5
264	-0.037716	0.000000	0.159965	0.004264	5.5
265	-0.038573	0.000000	0.159965	0.004864	5.2
266	-0.034717	0.000000	0.159965	0.006397	5.3
267	-0.037401	0.000000	0.159965	0.004115	5.3
268	-0.036718	0.000000	0.159965	0.004775	5.5
269	-0.034695	0.000000	0.159965	0.004623	4.8
270	-0.040342	0.000000	0.159965	0.003654	5.0
271	-0.038248	0.000000	0.159965	0.006476	5.3
272	-0.035394	0.000000	0.159965	0.005514	5.3
273	-0.040866	0.000000	0.159965	0.004827	5.4
274	-0.035977	0.000000	0.159965	0.004564	5.4
275	-0.039467	0.000000	0.159965	0.002567	5.4
276	-0.036575	0.000000	0.159965	0.003656	5.3
277	-0.039945	0.000000	0.159965	0.002291	6.5
278	-0.032860	0.000000	0.159965	0.004175	5.8
279	-0.036331	0.000000	0.159965	0.002169	4.8
280	-0.036954	0.000000	0.159965	0.004886	5.6
281	-0.039563	0.000000	0.159965	0.002862	5.0
282	-0.034398	0.000000	0.159965	0.003200	4.7
283	-0.036373	0.000000	0.159965	0.002874	4.6
284	-0.036157	0.000000	0.159965	0.004289	5.4
285	-0.038140	0.000000	0.159965	0.005765	5.6
286	-0.034430	0.000000	0.159965	0.003957	5.2
287	-0.038527	0.000000	0.159965	0.002703	5.7
288	-0.037815	0.000000	0.159965	0.003991	5.6
289	-0.039003	0.000000	0.159965	0.004176	5.5
290	-0.038910	0.000000	0.159965	0.004605	6.0
291	-0.037027	0.000000	0.159965	0.005614	5.8
292	-0.036651	0.000000	0.159965	0.007488	5.0
293	-0.039923	0.000000	0.159965	0.003666	5.0
294	-0.035801	0.000000	0.159965	0.004231	4.8
295	-0.038353	0.000000	0.159965	0.002928	4.9
296	-0.034715	0.000000	0.159965	0.005695	4.7
297	-0.039974	1.000000	0.155547	0.004922	5.0
298	-0.036989	0.200000	0.159054	0.001843	4.7
299	-0.039420	0.000000	0.159965	0.003597	4.5
300	-0.039602	0.000000	0.159965	0.005379	4.4
301	-0.034959	0.000000	0.159965	0.003581	5.1
302	-0.040865	0.000000	0.159965	0.004950	5.6
303	-0.040530	0.000000	0.159965	0.001304	5.2
304	-0.040537	1.000000	0.155547	0.004248	5.7
305	-0.037273	0.200000	0.159054	0.005779	5.8
306	-0.038448	0.000000	0.159965	0.005296	5.4
307	-0.036319	0.000000	0.159965	0.004119	5.4
308	-0.041188	0.000000	0.159965	0.006772	5.4
309	-0.037438	0.000000	0.159965	0.004340	5.5
310	-0.038541	0.000000	0.159965	0.006838	5.8
311	-0.038277	0.000000	0.159965	0.004874	5.7
312	-0.038680	0.000000	0.159965	0.003892	5.2
313	-0.037640	0.000000	0.159965	0.006379	4.9
314	-0.039387	0.000000	0.159965	0.002093	4.9
315	-0.042574	0.000000	0.159965	0.004435	4.3
316	-0.040002	0.000000	0.159965	0.003929	4.5
317	-0.038610	0.000000	0.159965	0.004200	4.9
318	-0.039038	0.000000	0.159965	0.003906	4.9
319	-0.037967	0.000000	0.159965	0.006763	5.7
320	-0.034775	0.000000	0.159965	0.005502	5.6
321	-0.038726	0.000000	0.159965	0.005405	5.3
322	-0.037091	0.000000	0.159965	0.002195	5.2
323	-0.035358	0.000000	0.159965	0.002729	5.0
324	-0.036463	0.000000	0.159965	0.003615	5.5
325	-0.035063	0.000000	0.159965	0.003979	5.3
326	-0.037175	0.000000	0.159965	0.003157	4.6
327	-0.035852	0.000000	0.159965	0.002689	5.4
328	-0.034314	0.000000	0.159965	0.003766	6.1
329	-0.037947	0.000000	0.159965	0.005016	4.7
330	-0.039021	0.000000	0.159965	0.002197	4.5
331	-0.036368	0.000000	0.159965	0.003959	5.7
332	-0.036740	0.000000	0.159965	0.007056	4.6
333	-0.039337	0.000000	0.159965	0.005412	4.4
334	-0.038521	0.000000	0.159965	0.005170	4.9
335	-0.037520	0.000000	0.159965	0.002748	4.5
336	-0.035921	0.000000	0.159965	0.003416	5.2
337	-0.036488	0.000000	0.159965	0.006270	4.7
338	-0.036324	0.000000	0.159965	0.004573	5.5
339	-0.038114	0.000000	0.159965	0.003655	4.9
340	-0.040778	0.000000	0.159965	0.005098	5.8
341	-0.037476	0.000000	0.159965	0.005048	5.0
342	-0.037911	0.000000	0.159965	0.003858	5.0
343	-0.038550	0.000000	0.159965	0.004118	5.6
344	-0.040214	0.000000	0.159965	0.006052	5.1
345	-0.040246	0.000000	0.159965	0.006216	5.3
346	-0.038257	0.000000	0.159965	0.005046	5.2
347	-0.037580	0.000000	0.159965	0.004406	5.0
348	-0.040993	0.000000	0.159965	0.003154	4.7
349	-0.042162	0.000000	0.159965	0.004045	4.4
350	-0.036698	0.000000	0.159965	0.004995	4.2
351	-0.040996	0.000000	0.159965	0.004842	4.1
352	-0.038762	0.000000	0.159965	0.004480	4.2
353	-0.036503	0.000000	0.159965	0.003506	4.5
354	-0.037857	0.000000	0.159965	0.003545	4.9
355	-0.035716	0.000000	0.159965	0.005628	4.4
356	-0.041588	0.000000	0.159965	0.003873	5.2
357	-0.037388	0.000000	0.159965	0.005704	5.3
358	-0.038841	0.000000	0.159965	0.006248	5.0
359	-0.040053	0.000000	0.159965	0.003907	4.9
360	-0.038520	0.000000	0.159965	0.005729	4.5
361	-0.035393	0.000000	0.159965	0.003755	4.6
362	-0.038543	0.000000	0.159965	0.004411	4.6
363	-0.041672	0.000000	0.159965	0.001243	4.4
364	-0.036265	0.000000	0.159965	0.003607	4.5
365	-0.038846	0.000000	0.159965	0.004066	5.3
366	-0.041041	0.000000	0.159965	0.003835	5.4
367	-0.038380	0.000000	0.159965	0.002606	5.4
368	-0.035289	0.000000	0.159965	0.004180	6.0
369	-0.038506	0.000000	0.159965	0.003218	5.3
370	-0.037226	0.000000	0.159965	0.002992	4.9
371	-0.038294	0.000000	0.159965	0.004673	5.1
372	-0.035082	0.000000	0.159965	0.003650	4.8
373	-0.038710	0.000000	0.159965	0.005938	4.9
374	-0.039645	0.000000	0.159965	0.005158	5.2
375	-0.034995	0.000000	0.159965	0.002141	6.2
376	-0.036349	0.000000	0.159965	0.004742	5.1
377	-0.043743	0.000000	0.159965	0.004709	5.5
378	-0.038589	0.000000	0.159965	0.006712	5.5
379	-0.034206	0.000000	0.159965	0.003173	6.0
380	-0.033511	0.000000	0.159965	0.002875	5.4
381	-0.037465	0.000000	0.159965	0.003738	4.7
382	-0.037374	0.631961	0.157135	0.006668	5.1
383	-0.040877	0.000000	0.159965	0.002804	4.7
384	-0.034907	0.000000	0.159965	0.004469	5.4
385	-0.039704	0.000000	0.159965	0.005083	5.2
386	-0.039048	0.000000	0.159965	0.002985	5.5
387	-0.041021	0.000000	0.159965	0.004864	5.7
388	-0.037881	0.000000	0.159965	0.003226	5.5
389	-0.040587	0.000000	0.159965	0.003382	5.4
390	-0.039551	0.000000	0.159965	0.007095	5.4
391	-0.036830	0.000000	0.159965	0.003890	5.7
392	-0.042225	0.000000	0.159965	0.003910	5.6
393	-0.040531	0.000000	0.159965	0.006758	6.2
394	-0.040407	0.000000	0.159965	0.003291	6.0
395	-0.037753	0.000000	0.159965	0.002979	5.8
396	-0.037511	0.000000	0.159965	0.002734	5.3
397	-0.036068	0.000000	0.159965	0.007012	5.8
398	-0.037314	0.000000	0.159965	0.003614	5.7
399	-0.038303	0.000000	0.159965	0.002372	5.7
400	-0.037591	0.000000	0.159965	0.004633	5.6
401	-0.037857	1.000000	0.155547	0.006966	5.2
402	-0.036714	0.200000	0.159054	0.002429	5.4
403	-0.036952	0.000000	0.159965	0.002972	5.9
404	-0.038606	0.000000	0.159965	0.004749	5.6
405	-0.036546	0.000000	0.159965	0.002332	5.5
406	-0.039266	0.000000	0.159965	0.006753	4.9
407	-0.037763	0.000000	0.159965	0.003855	5.7
408	-0.035802	0.000000	0.159965	0.002394	4.9
409	-0.039439	0.000000	0.159965	0.004370	4.9
410	-0.036593	0.000000	0.159965	0.002396	5.3
411	-0.039919	0.000000	0.159965	0.005582	5.4
412	-0.037975	0.000000	0.159965	0.003663	5.1
413	-0.039081	0.000000	0.159965	0.002586	5.4
414	-0.041019	0.000000	0.159965	0.005723	5.7
415	-0.038590	0.000000	0.159965	0.004501	5.2
416	-0.036605	0.000000	0.159965	0.003139	5.6
417	-0.037007	0.000000	0.159965	0.003069	5.5
418	-0.039190	0.000000	0.159965	0.005513	5.6
419	-0.038751	0.000000	0.159965	0.003594	6.0
420	-0.037776	0.000000	0.159965	0.002818	5.7
421	-0.038709	0.000000	0.159965	0.004193	5.6
422	-0.037116	0.000000	0.159965	0.004661	5.9
423	-0.039610	0.000000	0.159965	0.004150	5.3
424	-0.038068	0.000000	0.159965	0.005642	5.0
425	-0.035580	0.000000	0.159965	0.003662	4.7
426	-0.040089	0.000000	0.159965	0.002808	4.9
427	-0.038835	0.000000	0.159965	0.004269	5.5
428	-0.039718	0.000000	0.159965	0.005022	5.2
429	-0.038531	0.000000	0.159965	0.004819	4.8
430	-0.034754	0.000000	0.159965	0.003854	4.8
431	-0.040793	0.000000	0.159965	0.004813	4.9
432	-0.038857	0.000000	0.159965	0.002785	5.2
433	-0.037232	0.000000	0.159965	0.004732	5.2
434	-0.032610	0.000000	0.159965	0.004490	4.9
435	-0.037142	0.000000	0.159965	0.002925	4.7
436	-0.036609	0.000000	0.159965	0.003406	5.2
437	-0.045675	0.000000	0.159965	0.005837	5.2
438	-0.037456	0.000000	0.159965	0.003673	5.5
439	-0.040266	0.000000	0.159965	0.003234	5.1
440	-0.033330	0.000000	0.159965	0.005101	5.9
441	-0.038359	1.000000	0.155547	0.002547	4.6
442	-0.036931	0.200000	0.159054	0.003269	4.7
443	-0.038798	0.000000	0.159965	0.004325	4.7
444	-0.039326	0.000000	0.159965	0.003359	4.3
445	-0.037213	0.000000	0.159965	0.003775	4.4
446	-0.034837	0.000000	0.159965	0.003989	4.4
447	-0.039574	0.000000	0.159965	0.002758	4.1
448	-0.040459	0.000000	0.159965	0.006515	4.0
449	-0.036204	0.000000	0.159965	0.004362	4.3
450	-0.038762	0.000000	0.159965	0.005269	3.9
451	-0.042038	0.000000	0.159965	0.004500	3.7
452	-0.041691	0.000000	0.159965	0.004488	3.9
453	-0.038003	0.000000	0.159965	0.002446	4.0
454	-0.040243	0.000000	0.159965	0.004434	4.9
455	-0.039172	1.000000	0.155547	0.004025	3.8
456	-0.038837	0.200000	0.159054	0.003486	3.7
457	-0.039858	0.000000	0.159965	0.006178	3.9
458	-0.038313	0.000000	0.159965	0.004118	3.8
459	-0.039130	0.000000	0.159965	0.004642	3.8
460	-0.038251	0.000000	0.159965	0.004268	4.0
461	-0.037886	0.000000	0.159965	0.004310	5.1
462	-0.040471	0.000000	0.159965	0.005360	5.2
463	-0.039465	0.000000	0.159965	0.006164	5.4
464	-0.038448	0.000000	0.159965	0.005948	4.6
465	-0.039515	0.000000	0.159965	0.003287	5.0
466	-0.038594	0.000000	0.159965	0.003190	5.1
467	-0.035157	0.000000	0.159965	0.003167	5.3
468	-0.037945	0.000000	0.159965	0.004213	5.0
469	-0.041013	0.000000	0.159965	0.005308	4.9
470	-0.035661	0.000000	0.159965	0.004093	5.3
471	-0.037700	0.000000	0.159965	0.004584	5.8
472	-0.037080	0.000000	0.159965	0.004394	5.3
473	-0.037654	0.000000	0.159965	0.004927	5.5
474	-0.038859	0.000000	0.159965	0.004801	5.5
475	-0.038612	0.000000	0.159965	0.004590	4.9
476	-0.038198	0.000000	0.159965	0.003327	5.1
477	-0.040504	0.000000	0.159965	0.003228	5.5
478	-0.033408	0.000000	0.159965	0.003695	5.7
479	-0.036284	0.000000	0.159965	0.007100	5.8
480	-0.039302	0.000000	0.159965	0.002448	5.7
481	-0.035809	0.000000	0.159965	0.003917	5.7
482	-0.035353	0.000000	0.159965	0.003396	5.9
483	-0.034452	0.000000	0.159965	0.003158	5.6
484	-0.036514	0.000000	0.159965	0.003327	5.9
485	-0.037296	0.000000	0.159965	0.004958	5.6
486	-0.038232	0.000000	0.159965	0.002425	5.7
487	-0.040377	0.000000	0.159965	0.006571	5.7
488	-0.037401	0.000000	0.159965	0.005457	5.9
489	-0.036438	0.000000	0.159965	0.004775	6.1
490	-0.035394	0.000000	0.159965	0.002613	5.4
491	-0.041592	0.000000	0.159965	0.004542	5.5
492	-0.040854	0.000000	0.159965	0.004775	5.5
493	-0.037820	0.000000	0.159965	0.003526	5.9
494	-0.036689	0.000000	0.159965	0.003028	5.9
495	-0.038562	0.000000	0.159965	0.005067	6.2
496	-0.036096	0.000000	0.159965	0.005103	6.3
497	-0.037882	0.000000	0.159965	0.002082	6.3
498	-0.034635	0.000000	0.159965	0.004235	6.0
499	-0.039180	0.000000	0.159965	0.002455	6.2
500	-0.037161	0.000000	0.159965	0.004119	6.2
501	-0.037710	0.000000	0.159965	0.004453	5.8
502	-0.035010	0.000000	0.159965	0.002610	5.2
503	-0.033552	0.000000	0.159965	0.003081	5.9
504	-0.039841	0.000000	0.159965	0.003711	5.6
505	-0.037389	0.000000	0.159965	0.004527	5.8
506	-0.037035	0.000000	0.159965	0.004277	5.4
507	-0.037359	0.000000	0.159965	0.004468	5.8
508	-0.037824	0.000000	0.159965	0.005810	5.7
509	-0.036063	0.000000	0.159965	0.006812	5.7
510	-0.040056	0.000000	0.159965	0.004956	5.9
511	-0.038199	0.000000	0.159965	0.003430	6.1
512	-0.042069	0.000000	0.159965	0.004180	6.1
513	-0.038318	0.000000	0.159965	0.004600	6.2
514	-0.035746	0.000000	0.159965	0.004452	6.1
515	-0.037063	0.000000	0.159965	0.002907	6.0
516	-0.038887	0.000000	0.159965	0.005615	6.1
517	-0.038331	0.000000	0.159965	0.003052	6.4
518	-0.042539	0.000000	0.159965	0.004587	6.0
519	-0.037502	0.000000	0.159965	0.002758	5.6
520	-0.038122	0.000000	0.159965	0.003686	5.7
521	-0.036129	0.000000	0.159965	0.004550	5.6
522	-0.041876	0.000000	0.159965	0.004891	5.5
523	-0.037409	0.000000	0.159965	0.005423	5.6
524	-0.040050	0.000000	0.159965	0.004790	5.0
525	-0.037411	0.000000	0.159965	0.003454	5.4
526	-0.039261	0.000000	0.159965	0.004699	4.9
527	-0.041459	0.000000	0.159965	0.003524	4.9
528	-0.036473	0.000000	0.159965	0.004616	5.9
529	-0.041194	0.000000	0.159965	0.003298	5.4
530	-0.040754	0.000000	0.159965	0.004874	5.3
531	-0.037061	0.000000	0.159965	0.005666	5.1
532	-0.036322	0.000000	0.159965	0.002486	4.7
533	-0.042222	0.000000	0.159965	0.004972	5.7
534	-0.039348	0.000000	0.159965	0.003530	4.6
535	-0.038792	0.000000	0.159965	0.002933	4.7
536	-0.035128	0.000000	0.159965	0.002727	4.7
537	-0.039900	0.000000	0.159965	0.004492	4.4
538	-0.037396	0.000000	0.159965	0.003544	4.2
539	-0.038690	0.000000	0.159965	0.005255	4.5
540	-0.037979	0.000000	0.159965	0.004892	5.1
541	-0.038718	0.000000	0.159965	0.005800	4.6
542	-0.039935	0.000000	0.159965	0.002561	4.3
543	-0.041368	0.000000	0.159965	0.005833	4.3
544	-0.037208	0.000000	0.159965	0.004652	4.7
545	-0.037202	0.000000	0.159965	0.004415	4.4
546	-0.039863	0.000000	0.159965	0.003787	4.4
547	-0.039647	0.000000	0.159965	0.003572	5.2
548	-0.038269	0.000000	0.159965	0.001488	5.1
549	-0.038465	0.000000	0.159965	0.004269	5.4
550	-0.038172	0.000000	0.159965	0.003463	5.6
551	-0.041016	0.000000	0.159965	0.003193	5.6
552	-0.037209	0.000000	0.159965	0.003640	5.7
553	-0.038707	0.000000	0.159965	0.003086	5.4
554	-0.037050	0.000000	0.159965	0.002054	5.1
555	-0.037103	1.000000	0.155547	0.007109	5.0
556	-0.038191	0.200000	0.159054	0.005777	4.9
557	-0.040688	0.000000	0.159965	0.003472	4.7
558	-0.036249	0.000000	0.159965	0.005483	4.3
559	-0.038571	0.000000	0.159965	0.005106	4.4
560	-0.037720	0.000000	0.159965	0.004055	4.3
561	-0.041635	0.000000	0.159965	0.004541	4.9
562	-0.039305	0.000000	0.159965	0.004931	4.9
563	-0.036952	0.000000	0.159965	0.004224	4.6
564	-0.038753	0.000000	0.159965	0.004022	5.4
565	-0.039151	0.000000	0.159965	0.003472	5.1
566	-0.040392	0.000000	0.159965	0.004415	5.2
567	-0.043149	0.000000	0.159965	0.005942	5.3
568	-0.036482	0.000000	0.159965	0.002680	4.9
569	-0.040110	0.000000	0.159965	0.004172	5.8
570	-0.039945	0.000000	0.159965	0.007073	5.8
571	-0.038947	0.000000	0.159965	0.007285	5.6
572	-0.037994	0.000000	0.159965	0.005011	5.8
573	-0.038163	0.000000	0.159965	0.004867	5.8
574	-0.040110	0.000000	0.159965	0.003387	5.8
575	-0.044511	0.000000	0.159965	0.003778	5.8
576	-0.037594	0.000000	0.159965	0.005705	5.8
577	-0.041059	0.000000	0.159965	0.005365	6.0
578	-0.035947	0.000000	0.159965	0.003083	5.7
579	-0.037848	0.000000	0.159965	0.003963	6.0
580	-0.038299	0.000000	0.159965	0.006614	6.0
581	-0.039269	0.000000	0.159965	0.003519	5.9
582	-0.038612	0.000000	0.159965	0.002270	5.7
583	-0.040100	0.000000	0.159965	0.005635	6.1
584	-0.041084	0.000000	0.159965	0.004071	6.1
585	-0.039223	0.000000	0.159965	0.002350	6.2
586	-0.037777	0.000000	0.159965	0.005272	6.2
587	-0.041715	0.000000	0.159965	0.004245	6.4
588	-0.040584	0.000000	0.159965	0.004652	6.3
589	-0.039346	0.000000	0.159965	0.004242	6.2
590	-0.034353	0.000000	0.159965	0.003619	6.3
591	-0.039305	0.000000	0.159965	0.004956	6.1
592	-0.038225	0.000000	0.159965	0.003762	6.0
593	-0.036446	0.000000	0.159965	0.004835	6.2
594	-0.036179	0.000000	0.159965	0.004567	5.5
595	-0.035798	0.000000	0.159965	0.002156	5.3
596	-0.043096	0.000000	0.159965	0.005681	5.1
597	-0.036101	0.000000	0.159965	0.005360	5.6
598	-0.036007	0.000000	0.159965	0.003388	5.4
599	-0.038296	0.000000	0.159965	0.003960	5.8
600	-0.039855	0.000000	0.159965	0.004768	5.9
601	-0.038728	0.000000	0.159965	0.003402	5.4
602	-0.037350	0.000000	0.159965	0.005784	5.6
603	-0.036476	0.000000	0.159965	0.002852	5.6
604	-0.037423	0.000000	0.159965	0.003054	5.7
605	-0.040200	0.000000	0.159965	0.004790	5.0
606	-0.036784	0.000000	0.159965	0.003704	5.2
607	-0.038996	0.000000	0.159965	0.003175	5.4
608	-0.039144	0.000000	0.159965	0.003358	5.1
609	-0.042300	0.000000	0.159965	0.004819	6.0
610	-0.037496	0.000000	0.159965	0.002926	5.5
611	-0.036114	0.000000	0.159965	0.003732	5.1
612	-0.039633	0.000000	0.159965	0.005712	5.9
613	-0.038424	0.000000	0.159965	0.005711	5.6
614	-0.040245	0.000000	0.159965	0.004166	5.7
615	-0.039725	0.000000	0.159965	0.003082	5.9
616	-0.037920	0.000000	0.159965	0.003311	5.9
617	-0.038407	0.000000	0.159965	0.005931	5.9
618	-0.038201	0.000000	0.159965	0.002244	6.0
619	-0.037242	0.000000	0.159965	0.004738	5.8
620	-0.040694	0.000000	0.159965	0.006462	6.0
621	-0.036541	0.000000	0.159965	0.003473	6.0
622	-0.041018	0.000000	0.159965	0.003066	5.7
623	-0.038211	0.000000	0.159965	0.003705	6.1
624	-0.042701	0.000000	0.159965	0.006120	5.8
625	-0.036757	0.000000	0.159965	0.004515	5.9
626	-0.036736	0.000000	0.159965	0.004278	5.9
627	-0.034203	0.000000	0.159965	0.007343	5.4
628	-0.037395	0.000000	0.159965	0.003980	5.9
629	-0.038127	0.000000	0.159965	0.003793	5.8
630	-0.039321	0.000000	0.159965	0.004875	5.9
631	-0.037178	0.000000	0.159965	0.004223	6.2
632	-0.041824	0.000000	0.159965	0.003244	6.0
633	-0.040337	0.000000	0.159965	0.003503	6.0
634	-0.036675	0.000000	0.159965	0.002559	6.2
635	-0.037341	0.000000	0.159965	0.004002	6.2
636	-0.039612	0.000000	0.159965	0.002490	6.3
637	-0.037974	0.000000	0.159965	0.003873	6.1
638	-0.040804	0.000000	0.159965	0.002867	6.3
639	-0.040886	0.000000	0.159965	0.003338	5.9
640	-0.039398	0.000000	0.159965	0.003947	5.5
641	-0.039393	0.000000	0.159965	0.004013	5.4
642	-0.042469	0.000000	0.159965	0.004174	5.3
643	-0.041645	0.000000	0.159965	0.005755	6.0
644	-0.037511	0.000000	0.159965	0.004236	6.0
645	-0.037790	0.000000	0.159965	0.003198	5.6
646	-0.040396	0.000000	0.159965	0.002900	6.0
647	-0.035977	0.000000	0.159965	0.004271	6.0
648	-0.037416	0.000000	0.159965	0.004141	5.2
649	-0.037682	0.000000	0.159965	0.004682	5.4
650	-0.040630	0.000000	0.159965	0.004062	5.7
651	-0.037161	0.000000	0.159965	0.005612	5.4
652	-0.039081	0.000000	0.159965	0.005395	5.4
653	-0.039410	0.000000	0.159965	0.005962	6.0
654	-0.039657	0.000000	0.159965	0.003047	5.9
655	-0.039189	0.000000	0.159965	0.003393	5.6
656	-0.040181	0.000000	0.159965	0.004691	5.8
657	-0.038677	0.000000	0.159965	0.004657	5.9
658	-0.035533	0.000000	0.159965	0.003307	5.9
659	-0.039926	0.000000	0.159965	0.007034	5.5
660	-0.043739	0.000000	0.159965	0.002917	5.7
661	-0.037996	0.000000	0.159965	0.002839	5.5
662	-0.040754	0.000000	0.159965	0.003415	5.1
663	-0.038736	0.000000	0.159965	0.004971	5.2
664	-0.038641	0.000000	0.159965	0.003408	6.5
665	-0.037845	0.000000	0.159965	0.003447	5.8
666	-0.038309	0.000000	0.159965	0.004832	5.4
667	-0.038276	0.000000	0.159965	0.004296	5.1
668	-0.038925	0.000000	0.159965	0.006808	4.8
669	-0.040138	0.000000	0.159965	0.003198	4.7
670	-0.038192	0.000000	0.159965	0.004450	4.3
671	-0.039109	0.000000	0.159965	0.005648	4.5
672	-0.037644	0.000000	0.159965	0.002532	4.4
673	-0.037955	0.000000	0.159965	0.003929	4.3
674	-0.036669	0.000000	0.159965	0.006163	4.3
675	-0.042298	0.000000	0.159965	0.006273	4.2
676	-0.036517	0.000000	0.159965	0.003231	4.1
677	-0.040520	0.000000	0.159965	0.003585	3.9
678	-0.034199	0.000000	0.159965	0.005859	4.2
679	-0.041746	0.000000	0.159965	0.003668	5.1
680	-0.036837	0.000000	0.159965	0.003570	5.1
681	-0.038583	0.000000	0.159965	0.003288	5.5
682	-0.037104	0.000000	0.159965	0.003998	4.5
683	-0.035585	0.000000	0.159965	0.004942	5.0
684	-0.040789	0.000000	0.159965	0.003520	4.8
685	-0.039353	0.000000	0.159965	0.004380	4.8
686	-0.038569	0.000000	0.159965	0.002331	4.5
687	-0.039501	0.000000	0.159965	0.005293	5.4
688	-0.035915	0.000000	0.159965	0.003761	5.3
689	-0.038704	1.000000	0.155547	0.003008	5.2
690	-0.039213	0.200000	0.159054	0.004826	5.6
691	-0.036471	0.000000	0.159965	0.003583	4.8
692	-0.040020	0.000000	0.159965	0.006206	4.9
693	-0.039453	0.000000	0.159965	0.004888	4.6
694	-0.039230	0.000000	0.159965	0.003503	5.4
695	-0.038250	0.000000	0.159965	0.003734	4.9
696	-0.043120	0.000000	0.159965	0.005471	4.9
697	-0.038976	1.000000	0.155547	0.003536	4.7
698	-0.042610	0.200000	0.159054	0.005425	4.5
699	-0.039701	0.000000	0.159965	0.004112	4.7
700	-0.039554	0.000000	0.159965	0.002281	5.4
701	-0.035645	0.000000	0.159965	0.002207	5.7
702	-0.038204	0.000000	0.159965	0.006232	5.8
703	-0.037206	0.000000	0.159965	0.005797	5.4
704	-0.037605	0.000000	0.159965	0.003826	6.2
705	-0.034533	0.000000	0.159965	0.005831	5.6
706	-0.039488	0.000000	0.159965	0.003648	5.6
707	-0.033597	0.000000	0.159965	0.002742	5.6
708	-0.040688	0.000000	0.159965	0.003736	5.5
709	-0.040380	0.000000	0.159965	0.007543	5.8
710	-0.037895	0.000000	0.159965	0.003564	5.9
711	-0.040950	0.000000	0.159965	0.005900	5.8
712	-0.037616	0.000000	0.159965	0.004311	5.9
713	-0.036538	0.000000	0.159965	0.003526	5.6
714	-0.037230	0.000000	0.159965	0.003906	5.9
715	-0.037713	0.000000	0.159965	0.004909	6.3
716	-0.037305	0.000000	0.159965	0.004474	6.1
717	-0.039138	0.000000	0.159965	0.003241	6.1
718	-0.041387	0.000000	0.159965	0.003992	6.2
719	-0.039610	0.000000	0.159965	0.003144	6.1
720	-0.038753	0.000000	0.159965	0.004866	5.8
721	-0.038636	0.000000	0.159965	0.001730	5.4
722	-0.040298	0.000000	0.159965	0.003842	5.2
723	-0.038251	0.000000	0.159965	0.003654	5.4
724	-0.036303	0.000000	0.159965	0.003473	5.8
725	-0.038089	0.000000	0.159965	0.003523	5.3
726	-0.039056	0.000000	0.159965	0.004840	5.9
727	-0.040782	0.000000	0.159965	0.004747	5.3
728	-0.042356	0.000000	0.159965	0.006585	5.3
729	-0.038355	0.000000	0.159965	0.006797	5.7
730	-0.038619	0.000000	0.159965	0.005870	5.6
731	-0.041946	0.000000	0.159965	0.004071	5.3
732	-0.041523	0.000000	0.159965	0.002429	5.0
733	-0.037088	0.000000	0.159965	0.003447	5.7
734	-0.038820	0.000000	0.159965	0.003294	5.3
735	-0.037785	0.000000	0.159965	0.005195	5.9
736	-0.041073	0.000000	0.159965	0.004927	5.4
737	-0.038220	0.000000	0.159965	0.003719	5.9
738	-0.038109	0.000000	0.159965	0.004179	5.8
739	-0.042048	0.000000	0.159965	0.004325	5.7
740	-0.038682	0.000000	0.159965	0.002795	6.4
741	-0.040277	0.000000	0.159965	0.003300	5.8
742	-0.037148	0.000000	0.159965	0.003812	5.2
743	-0.038313	0.000000	0.159965	0.004427	5.2
744	-0.039640	0.000000	0.159965	0.004530	5.2
745	-0.038197	0.000000	0.159965	0.005439	6.0
746	-0.038235	0.000000	0.159965	0.005214	5.8
747	-0.037790	0.000000	0.159965	0.003759	5.4
748	-0.032411	0.000000	0.159965	0.003814	5.6
749	-0.040229	0.000000	0.159965	0.003112	5.4
750	-0.039621	0.000000	0.159965	0.007214	5.9
751	-0.037280	0.000000	0.159965	0.003357	5.9
752	-0.037576	0.000000	0.159965	0.002922	5.3
753	-0.040442	0.000000	0.159965	0.003841	5.3
754	-0.039231	0.000000	0.159965	0.004127	5.0
755	-0.039291	0.000000	0.159965	0.003555	5.0
756	-0.040373	0.000000	0.159965	0.003477	4.9
757	-0.037723	0.000000	0.159965	0.003311	5.0
758	-0.039454	0.000000	0.159965	0.004797	5.7
759	-0.035873	0.000000	0.159965	0.004357	5.7
760	-0.036404	0.000000	0.159965	0.003234	4.8
761	-0.041535	0.000000	0.159965	0.003974	4.7
762	-0.041936	0.000000	0.159965	0.005993	4.6
763	-0.036525	0.000000	0.159965	0.004650	4.8
764	-0.041411	0.000000	0.159965	0.003179	5.5
765	-0.039846	0.000000	0.159965	0.001894	5.7
766	-0.038561	0.000000	0.159965	0.002837	5.0
767	-0.042104	0.000000	0.159965	0.004182	5.2
768	-0.039234	0.000000	0.159965	0.004023	4.8
769	-0.040059	0.000000	0.159965	0.005690	4.9
770	-0.036733	0.000000	0.159965	0.004628	5.1
771	-0.039680	0.000000	0.159965	0.002490	5.3
772	-0.037711	0.000000	0.159965	0.002093	5.4
773	-0.039784	0.000000	0.159965	0.001720	5.7
774	-0.037619	0.000000	0.159965	0.004143	5.5
775	-0.041478	0.000000	0.159965	0.003498	5.7
776	-0.041245	0.000000	0.159965	0.001788	5.1
777	-0.035573	0.000000	0.159965	0.003685	5.7
778	-0.037773	0.000000	0.159965	0.002890	5.7
779	-0.038029	0.000000	0.159965	0.002542	5.0
780	-0.038228	0.000000	0.159965	0.003791	5.5
781	-0.039103	1.000000	0.155547	0.004631	6.5
782	-0.039065	0.200000	0.159054	0.003337	6.3
783	-0.037418	0.000000	0.159965	0.005687	5.3
784	-0.041166	0.000000	0.159965	0.003729	5.7
785	-0.035545	0.000000	0.159965	0.002366	5.8
786	-0.037827	0.000000	0.159965	0.003714	5.1
787	-0.037838	0.000000	0.159965	0.004180	5.5
788	-0.036402	0.000000	0.159965	0.005108	4.3
789	-0.038104	0.000000	0.159965	0.004586	4.2
790	-0.036990	0.000000	0.159965	0.004103	4.4
791	-0.037580	0.000000	0.159965	0.003782	4.4
792	-0.039135	0.000000	0.159965	0.002008	4.5
793	-0.042295	0.000000	0.159965	0.003675	4.6
794	-0.039253	0.000000	0.159965	0.003018	5.2
795	-0.039158	0.000000	0.159965	0.002909	5.5
796	-0.040702	0.000000	0.159965	0.005445	5.3
797	-0.039358	0.000000	0.159965	0.002603	5.5
798	-0.041325	1.000000	0.155547	0.006116	5.5
799	-0.037410	2.000000	0.151440	0.003830	4.3
800	-0.033704	1.200000	0.154702	0.003799	4.1
801	-0.037301	0.400000	0.158158	0.005464	5.5
802	-0.042024	0.000000	0.159965	0.003551	4.8
803	-0.035451	0.000000	0.159965	0.003601	4.2
804	-0.040216	0.000000	0.159965	0.001853	4.4
805	-0.036617	0.000000	0.159965	0.004209	5.1
806	-0.036281	0.000000	0.159965	0.004824	5.4
807	-0.036779	0.000000	0.159965	0.005683	5.4
808	-0.038810	0.000000	0.159965	0.006247	5.4
809	-0.037459	0.000000	0.159965	0.002502	5.4
810	-0.041737	0.000000	0.159965	0.003251	5.2
811	-0.039291	0.000000	0.159965	0.004285	5.8
812	-0.033579	0.000000	0.159965	0.003876	5.6
813	-0.041102	0.000000	0.159965	0.004707	5.6
814	-0.038677	0.000000	0.159965	0.003775	4.7
815	-0.034646	0.000000	0.159965	0.002411	5.8
816	-0.038083	0.000000	0.159965	0.005152	4.6
817	-0.041902	0.000000	0.159965	0.004308	4.6
818	-0.038714	0.000000	0.159965	0.005479	5.3
819	-0.036712	0.000000	0.159965	0.005783	5.5
820	-0.037554	0.000000	0.159965	0.003132	5.1
821	-0.038587	0.000000	0.159965	0.003814	5.3
822	-0.038427	0.000000	0.159965	0.005478	5.6
823	-0.039059	0.000000	0.159965	0.004845	5.6
824	-0.042230	0.000000	0.159965	0.003647	5.6
825	-0.040908	0.000000	0.159965	0.003964	5.4
826	-0.038164	0.000000	0.159965	0.002448	5.6
827	-0.037784	0.000000	0.159965	0.002349	5.5
828	-0.038849	0.000000	0.159965	0.002005	5.2
829	-0.041218	0.000000	0.159965	0.004513	5.0
830	-0.042221	0.000000	0.159965	0.003464	4.9
831	-0.038532	0.000000	0.159965	0.005075	5.2
832	-0.039688	0.000000	0.159965	0.004756	5.8
833	-0.040523	0.000000	0.159965	0.004168	5.9
834	-0.040235	0.000000	0.159965	0.004002	5.5
835	-0.040743	0.000000	0.159965	0.005261	5.9
836	-0.037868	0.000000	0.159965	0.003483	5.9
837	-0.038263	0.000000	0.159965	0.003421	6.0
838	-0.037773	0.000000	0.159965	0.003909	6.2
839	-0.037500	0.000000	0.159965	0.004668	5.8
840	-0.038712	0.000000	0.159965	0.004108	5.9
841	-0.039717	0.000000	0.159965	0.005225	5.9
842	-0.038523	0.000000	0.159965	0.005007	5.8
843	-0.041668	0.000000	0.159965	0.005151	5.5
844	-0.039628	0.000000	0.159965	0.003014	5.4
845	-0.039862	0.000000	0.159965	0.001577	5.1
846	-0.035476	0.000000	0.159965	0.003564	5.3
847	-0.040542	0.000000	0.159965	0.003958	4.8
848	-0.037507	0.000000	0.159965	0.004296	4.9
849	-0.038715	0.000000	0.159965	0.005131	5.7
850	-0.040306	0.000000	0.159965	0.003754	5.1
851	-0.039818	0.000000	0.159965	0.003412	5.7
852	-0.037533	0.000000	0.159965	0.003710	5.9
853	-0.042372	0.000000	0.159965	0.004100	5.6
854	-0.037441	0.000000	0.159965	0.004167	5.7
855	-0.040554	0.000000	0.159965	0.002814	5.8
856	-0.037722	0.000000	0.159965	0.002389	5.7
857	-0.039690	0.000000	0.159965	0.003170	5.6
858	-0.036359	0.000000	0.159965	0.002413	5.5
859	-0.038805	0.000000	0.159965	0.005590	6.1
860	-0.039099	0.000000	0.159965	0.004034	6.1
861	-0.040315	0.000000	0.159965	0.003207	6.1
862	-0.036528	0.000000	0.159965	0.003665	6.0
863	-0.039701	0.000000	0.159965	0.003553	6.0
864	-0.034924	0.000000	0.159965	0.005852	6.3
865	-0.036680	0.000000	0.159965	0.004953	6.3
866	-0.041234	0.000000	0.159965	0.004661	5.4
867	-0.036249	0.000000	0.159965	0.003783	5.4
868	-0.035974	0.000000	0.159965	0.002784	6.0
869	-0.034383	0.000000	0.159965	0.003579	5.9
870	-0.038254	0.000000	0.159965	0.005365	6.2
871	-0.039464	0.000000	0.159965	0.002753	6.0
872	-0.036893	0.000000	0.159965	0.004730	5.9
873	-0.038799	0.000000	0.159965	0.003699	6.1
874	-0.040078	1.000000	0.155547	0.004655	5.8
875	-0.039116	0.200000	0.159054	0.002554	5.7
876	-0.038006	0.000000	0.159965	0.003138	5.2
877	-0.041643	0.000000	0.159965	0.002346	5.1
878	-0.036368	0.000000	0.159965	0.003345	4.7
879	-0.037277	0.000000	0.159965	0.003300	4.6
880	-0.040717	0.000000	0.159965	0.004592	4.7
881	-0.037734	0.000000	0.159965	0.003012	5.1
882	-0.040036	0.000000	0.159965	0.003829	5.7
883	-0.035755	0.000000	0.159965	0.002215	6.3
884	-0.039362	0.000000	0.159965	0.005388	5.4
885	-0.034901	0.000000	0.159965	0.002889	4.8
886	-0.037998	0.000000	0.159965	0.002562	4.5
887	-0.041679	0.000000	0.159965	0.006311	4.3
888	-0.038842	0.000000	0.159965	0.008028	4.4
889	-0.037240	0.000000	0.159965	0.005233	4.1
890	-0.038763	0.000000	0.159965	0.006933	4.1
891	-0.040232	0.000000	0.159965	0.004064	5.1
892	-0.036007	0.000000	0.159965	0.007636	4.5
893	-0.039397	0.000000	0.159965	0.003768	4.9
894	-0.041043	0.000000	0.159965	0.004207	4.5
895	-0.037797	0.000000	0.159965	0.004778	5.5
896	-0.037687	0.000000	0.159965	0.003178	5.5
897	-0.037370	0.000000	0.159965	0.005540	5.2
898	-0.036321	0.000000	0.159965	0.003555	5.0
899	-0.038498	0.000000	0.159965	0.002905	5.3
900	-0.038232	0.000000	0.159965	0.006813	4.8
901	-0.041048	0.000000	0.159965	0.002864	4.7
902	-0.037659	0.000000	0.159965	0.003994	4.6
903	-0.039488	0.000000	0.159965	0.004583	5.5
904	-0.035927	0.000000	0.159965	0.003679	5.0
905	-0.038557	0.000000	0.159965	0.004351	5.5
906	-0.038879	0.000000	0.159965	0.004982	5.7
907	-0.041531	0.000000	0.159965	0.005896	5.8
908	-0.039277	0.000000	0.159965	0.004891	5.5
909	-0.035529	0.000000	0.159965	0.006011	5.8
910	-0.038682	0.000000	0.159965	0.005336	5.0
911	-0.042035	0.000000	0.159965	0.003232	5.1
912	-0.038067	0.000000	0.159965	0.002512	4.9
913	-0.041314	0.999992	0.155547	0.004879	5.4
914	-0.038242	1.999992	0.151440	0.005358	4.7
915	-0.037359	1.199992	0.154702	0.006613	5.1
916	-0.039583	0.399992	0.158158	0.003657	5.6
917	-0.038434	0.000000	0.159965	0.003482	5.7
918	-0.040233	0.000000	0.159965	0.004191	5.8
919	-0.041439	0.000000	0.159965	0.003713	4.9
920	-0.037128	0.000000	0.159965	0.004376	5.2
921	-0.039028	0.000000	0.159965	0.006070	5.2
922	-0.045931	0.000000	0.159965	0.002535	5.1
923	-0.038034	0.000000	0.159965	0.003874	5.4
924	-0.036955	0.000000	0.159965	0.005527	5.6
925	-0.039893	0.000000	0.159965	0.006316	5.6
926	-0.035505	0.000000	0.159965	0.003919	5.6
927	-0.039233	0.000000	0.159965	0.005425	5.4
928	-0.037682	0.000000	0.159965	0.002590	4.9
929	-0.038213	0.000000	0.159965	0.004110	5.1
930	-0.038277	0.000000	0.159965	0.004077	6.3
931	-0.041968	0.000000	0.159965	0.003615	6.7
932	-0.042227	0.000000	0.159965	0.005511	6.2
933	-0.038342	0.000000	0.159965	0.004902	6.0
934	-0.040817	0.000000	0.159965	0.004288	4.8
935	-0.037399	0.000000	0.159965	0.004112	5.1
936	-0.038220	0.000000	0.159965	0.003986	5.0
937	-0.040205	0.000000	0.159965	0.003823	5.0
938	-0.039474	0.000000	0.159965	0.005732	4.3
939	-0.037772	0.000000	0.159965	0.003876	4.4
940	-0.034360	0.000000	0.159965	0.002620	4.6
941	-0.041701	0.000000	0.159965	0.004692	5.3
942	-0.039179	0.000000	0.159965	0.003553	4.4
943	-0.043642	0.000000	0.159965	0.004270	4.5
944	-0.038065	0.000000	0.159965	0.003166	4.2
945	-0.036088	0.000000	0.159965	0.003022	4.1
946	-0.042680	0.000000	0.159965	0.005703	4.0
947	-0.039093	0.000000	0.159965	0.004650	4.0
948	-0.038264	0.000000	0.159965	0.003357	5.0
949	-0.040183	0.000000	0.159965	0.003909	5.0
950	-0.036811	0.000000	0.159965	0.006993	5.0
951	-0.040694	0.000000	0.159965	0.004310	4.6
952	-0.041428	0.000000	0.159965	0.002924	5.2
953	-0.039672	0.000000	0.159965	0.001698	5.3
954	-0.039565	0.000000	0.159965	0.004569	5.3
955	-0.036716	0.000000	0.159965	0.004766	5.4
956	-0.039556	0.000000	0.159965	0.003904	5.5
957	-0.037143	0.000000	0.159965	0.005763	5.6
958	-0.036302	0.000000	0.159965	0.003900	5.1
959	-0.041249	0.000000	0.159965	0.002149	5.7
960	-0.040262	0.000000	0.159965	0.006240	5.8
961	-0.039873	0.000000	0.159965	0.002935	5.5
962	-0.037925	0.000000	0.159965	0.003049	5.8
963	-0.039017	0.000000	0.159965	0.004469	5.8
964	-0.038804	0.000000	0.159965	0.002596	5.9
965	-0.040684	0.000000	0.159965	0.003372	5.4
966	-0.042324	0.000000	0.159965	0.005842	5.3
967	-0.040268	0.000000	0.159965	0.008528	5.5
968	-0.036430	0.000000	0.159965	0.003356	5.6
969	-0.039519	0.000000	0.159965	0.004725	5.3
970	-0.040305	0.000000	0.159965	0.003227	5.4
971	-0.041109	0.000000	0.159965	0.004250	5.4
972	-0.039613	0.000000	0.159965	0.003494	5.2
973	-0.039359	0.000000	0.159965	0.005458	5.3
974	-0.038511	0.000000	0.159965	0.005764	5.9
975	-0.040290	0.000000	0.159965	0.004918	5.7
976	-0.041935	0.000000	0.159965	0.007205	5.8
977	-0.036516	0.000000	0.159965	0.005273	5.8
978	-0.043525	0.000000	0.159965	0.004765	5.8
979	-0.042627	0.000000	0.159965	0.004093	5.8
980	-0.038565	0.000000	0.159965	0.004653	5.7
981	-0.039144	0.000000	0.159965	0.003197	5.4
982	-0.039172	0.000000	0.159965	0.003355	5.7
983	-0.039303	0.000000	0.159965	0.004520	6.0
984	-0.041932	0.000000	0.159965	0.004113	5.8
985	-0.039131	0.000000	0.159965	0.003840	5.9
986	-0.037164	0.000000	0.159965	0.004516	6.0
987	-0.040601	0.000000	0.159965	0.003429	5.9
988	-0.038660	0.000000	0.159965	0.006343	6.2
989	-0.036629	0.000000	0.159965	0.004099	6.1
990	-0.039489	0.000000	0.159965	0.003858	5.9
991	-0.039218	0.000000	0.159965	0.004490	6.1
992	-0.037996	0.000000	0.159965	0.004597	5.8
993	-0.037230	0.000000	0.159965	0.003583	6.1
994	-0.039445	0.000000	0.159965	0.003615	6.0
995	-0.038065	0.000000	0.159965	0.001824	6.6
996	-0.036316	0.000000	0.159965	0.004088	6.1
997	-0.039324	0.000000	0.159965	0.003716	6.0
998	-0.037969	0.000000	0.159965	0.003280	5.6
999	-0.037723	1.000000	0.155547	0.004725	5.3
