1:ItNr	2:Metric	3a:Time	3b:StepSize	4:||Gradient||	Time[ms]
0	-0.036473	0.000000	0.159965	0.002228	10.3
1	-0.039814	0.000000	0.159965	0.002306	3.4
2	-0.034829	1.000000	0.155547	0.001813	3.5
3	-0.034298	0.200000	0.159054	0.002722	3.1
4	-0.039497	0.000000	0.159965	0.003066	4.7
5	-0.037455	0.000000	0.159965	0.001614	4.4
6	-0.038727	0.000000	0.159965	0.002594	4.2
7	-0.040789	0.000000	0.159965	0.002862	4.6
8	-0.041203	0.000000	0.159965	0.003430	3.6
9	-0.039899	0.000000	0.159965	0.003311	3.7
10	-0.038061	0.000000	0.159965	0.004016	4.9
11	-0.039765	0.000000	0.159965	0.002385	4.1
12	-0.036721	0.000000	0.159965	0.003810	3.0
13	-0.037545	0.000000	0.159965	0.002556	3.4
14	-0.035250	0.000000	0.159965	0.002696	3.3
15	-0.036893	0.000000	0.159965	0.001561	3.1
16	-0.036914	1.000000	0.155547	0.001435	3.3
17	-0.039706	0.499393	0.157717	0.002099	3.9
18	-0.037532	0.000000	0.159965	0.002069	2.9
19	-0.037863	0.000000	0.159965	0.001958	3.0
20	-0.037454	0.000000	0.159965	0.003285	3.8
21	-0.036429	0.000000	0.159965	0.002746	3.2
22	-0.037041	0.000000	0.159965	0.001556	3.7
23	-0.036732	0.000000	0.159965	0.001477	2.9
24	-0.036773	0.000000	0.159965	0.002265	3.2
25	-0.038489	0.000000	0.159965	0.002303	3.1
26	-0.039808	0.000000	0.159965	0.004063	4.0
27	-0.041321	0.000000	0.159965	0.002006	3.8
28	-0.040547	0.000000	0.159965	0.005417	3.5
29	-0.036770	0.000000	0.159965	0.003108	2.6
30	-0.038766	0.000000	0.159965	0.003440	3.5
31	-0.039360	0.000000	0.159965	0.003173	2.9
32	-0.034921	0.000000	0.159965	0.003881	3.4
33	-0.038440	0.000000	0.159965	0.002857	2.7
34	-0.038696	0.000000	0.159965	0.002726	2.9
35	-0.036130	0.000000	0.159965	0.004496	3.7
36	-0.038732	0.000000	0.159965	0.004286	3.3
37	-0.039996	0.000000	0.159965	0.002163	2.9
38	-0.039861	0.000000	0.159965	0.002286	2.4
39	-0.036824	0.000000	0.159965	0.001002	2.3
40	-0.037358	0.000000	0.159965	0.002755	2.1
41	-0.037242	1.000000	0.155547	0.002207	2.2
42	-0.039078	0.200000	0.159054	0.003208	2.7
43	-0.038870	0.000000	0.159965	0.004092	3.0
44	-0.036026	0.000000	0.159965	0.002304	2.4
45	-0.036296	0.000000	0.159965	0.002067	2.3
46	-0.036578	0.000000	0.159965	0.003037	2.3
47	-0.036915	0.000000	0.159965	0.002311	2.6
48	-0.036912	0.000000	0.159965	0.003165	2.1
49	-0.042289	0.000000	0.159965	0.002636	2.5
50	-0.038189	0.000000	0.159965	0.003279	2.4
51	-0.039232	0.000000	0.159965	0.001383	2.8
52	-0.037727	0.000000	0.159965	0.004472	2.7
53	-0.038788	0.000000	0.159965	0.004289	2.4
54	-0.036906	0.000000	0.159965	0.003941	2.4
55	-0.042548	0.000000	0.159965	0.001507	2.9
56	-0.036606	0.000000	0.159965	0.002377	2.9
57	-0.040167	0.000000	0.159965	0.002976	2.7
58	-0.037453	0.000000	0.159965	0.003100	2.3
59	-0.036521	0.000000	0.159965	0.002665	2.8
60	-0.039852	0.000000	0.159965	0.001961	2.6
61	-0.037046	0.000000	0.159965	0.003203	2.3
62	-0.040731	0.000000	0.159965	0.002222	2.8
63	-0.039063	0.000000	0.159965	0.002278	2.9
64	-0.039092	1.000000	0.155547	0.001896	3.2
65	-0.037097	2.000000	0.151440	0.002344	2.5
66	-0.041333	1.200000	0.154702	0.002582	2.5
67	-0.036332	0.400000	0.158158	0.002369	2.9
68	-0.034118	0.000000	0.159965	0.001877	3.7
69	-0.039483	1.000000	0.155547	0.002329	2.7
70	-0.037350	2.000000	0.151440	0.003487	3.2
71	-0.039018	1.200000	0.154702	0.001730	3.2
72	-0.039000	0.400000	0.158158	0.002428	4.3
73	-0.039936	0.000000	0.159965	0.002343	2.4
74	-0.036720	0.000000	0.159965	0.001679	3.7
75	-0.038611	0.000000	0.159965	0.003864	2.8
76	-0.035826	0.000000	0.159965	0.003353	2.8
77	-0.037185	0.000000	0.159965	0.003360	3.4
78	-0.041013	0.000000	0.159965	0.003595	3.4
79	-0.039465	0.000000	0.159965	0.001365	2.8
80	-0.039612	0.000000	0.159965	0.002520	3.1
81	-0.037380	1.000000	0.155547	0.002432	3.7
82	-0.039818	0.200000	0.159054	0.001590	4.1
83	-0.037822	1.200000	0.154702	0.002964	3.6
84	-0.036310	0.400000	0.158158	0.005080	4.0
85	-0.039178	0.000000	0.159965	0.005480	4.8
86	-0.037543	0.000000	0.159965	0.001641	3.9
87	-0.038822	0.000000	0.159965	0.002185	4.3
88	-0.036842	0.000000	0.159965	0.004600	3.7
89	-0.038462	0.000000	0.159965	0.002407	3.0
90	-0.041772	0.000000	0.159965	0.003222	3.6
91	-0.036041	0.000000	0.159965	0.004185	2.8
92	-0.039599	0.000000	0.159965	0.002519	2.8
93	-0.036435	0.000000	0.159965	0.001123	2.7
94	-0.036247	0.000000	0.159965	0.002727	4.0
95	-0.036929	0.000000	0.159965	0.002206	3.7
96	-0.038675	0.000000	0.159965	0.003305	3.9
97	-0.036874	1.000000	0.155547	0.002202	3.4
98	-0.038558	0.200000	0.159054	0.002960	3.3
99	-0.038755	0.000000	0.159965	0.003367	3.1
100	-0.037745	0.000000	0.159965	0.005959	3.2
101	-0.037045	0.000000	0.159965	0.003540	3.1
102	-0.040681	0.000000	0.159965	0.002598	2.6
103	-0.038620	1.000000	0.155547	0.001766	2.6
104	-0.041140	0.200000	0.159054	0.004917	2.4
105	-0.043028	0.000000	0.159965	0.003662	2.6
106	-0.040995	0.000000	0.159965	0.002166	2.7
107	-0.035972	0.000000	0.159965	0.004790	2.6
108	-0.036770	0.000000	0.159965	0.003176	2.6
109	-0.037574	0.000000	0.159965	0.003083	2.4
110	-0.036734	0.000000	0.159965	0.001959	2.5
111	-0.036210	0.000000	0.159965	0.003078	2.5
112	-0.037921	0.000000	0.159965	0.003007	2.4
113	-0.035801	0.000000	0.159965	0.003649	2.7
114	-0.036106	0.000000	0.159965	0.002908	3.7
115	-0.034792	0.000000	0.159965	0.002404	3.4
116	-0.038150	0.000000	0.159965	0.001631	3.5
117	-0.037548	0.000000	0.159965	0.004511	2.8
118	-0.038935	0.000000	0.159965	0.002606	2.9
119	-0.035553	0.000000	0.159965	0.002341	2.6
120	-0.038123	0.000000	0.159965	0.002120	2.6
121	-0.040601	0.000000	0.159965	0.003254	2.6
122	-0.040857	0.000000	0.159965	0.001557	2.6
123	-0.036669	0.000000	0.159965	0.003026	2.6
124	-0.037825	0.000000	0.159965	0.004297	2.6
125	-0.039221	0.000000	0.159965	0.004342	2.7
126	-0.041676	0.000000	0.159965	0.001723	2.8
127	-0.037561	0.000000	0.159965	0.003875	3.1
128	-0.038481	0.000000	0.159965	0.002953	2.8
129	-0.036605	0.000000	0.159965	0.003275	3.4
130	-0.037947	0.000000	0.159965	0.002885	3.4
131	-0.038044	0.000000	0.159965	0.004169	3.4
132	-0.035845	0.000000	0.159965	0.002041	3.6
133	-0.040024	0.000000	0.159965	0.003474	3.5
134	-0.036702	0.000000	0.159965	0.002257	3.0
135	-0.038447	0.000000	0.159965	0.002543	2.7
136	-0.037337	0.000000	0.159965	0.001962	3.0
137	-0.037204	0.000000	0.159965	0.002118	3.0
138	-0.039202	0.000000	0.159965	0.001202	3.1
139	-0.038731	0.000000	0.159965	0.003254	3.4
140	-0.039123	0.000000	0.159965	0.001764	3.4
141	-0.040104	0.000000	0.159965	0.002486	3.5
142	-0.036343	0.000000	0.159965	0.003678	3.2
143	-0.038606	0.000000	0.159965	0.002320	3.2
144	-0.038797	0.000000	0.159965	0.004395	3.2
145	-0.038603	0.000000	0.159965	0.003256	3.4
146	-0.038061	0.000000	0.159965	0.002316	4.1
147	-0.037508	0.000000	0.159965	0.002676	3.2
148	-0.036595	0.000000	0.159965	0.003746	2.8
149	-0.041146	0.000000	0.159965	0.002191	2.9
150	-0.036786	0.000000	0.159965	0.003297	3.1
151	-0.038982	0.000000	0.159965	0.002886	3.9
152	-0.037032	0.000000	0.159965	0.001779	3.6
153	-0.037044	0.000000	0.159965	0.003187	3.4
154	-0.037762	0.000000	0.159965	0.002717	3.3
155	-0.037699	0.000000	0.159965	0.003906	4.4
156	-0.036678	0.000000	0.159965	0.002561	3.7
157	-0.041946	0.000000	0.159965	0.004028	4.0
158	-0.043126	0.000000	0.159965	0.002560	3.7
159	-0.040506	0.000000	0.159965	0.002875	3.6
160	-0.041556	0.000000	0.159965	0.004339	4.1
161	-0.039486	0.000000	0.159965	0.004271	3.6
162	-0.040540	0.000000	0.159965	0.002195	3.4
163	-0.037923	0.000000	0.159965	0.002165	3.2
164	-0.037606	0.000000	0.159965	0.002394	3.3
165	-0.038396	0.000000	0.159965	0.002886	3.1
166	-0.039027	0.000000	0.159965	0.001918	3.1
167	-0.036278	0.000000	0.159965	0.002889	2.7
168	-0.037819	0.000000	0.159965	0.001297	2.5
169	-0.036151	0.000000	0.159965	0.002790	2.5
170	-0.040813	0.000000	0.159965	0.004026	2.9
171	-0.037269	0.000000	0.159965	0.003249	2.8
172	-0.036294	0.000000	0.159965	0.003132	2.6
173	-0.037045	0.000000	0.159965	0.003931	2.5
174	-0.035853	0.000000	0.159965	0.001697	2.5
175	-0.036652	0.000000	0.159965	0.001493	2.9
176	-0.036883	0.000000	0.159965	0.001795	2.7
177	-0.037560	0.000000	0.159965	0.003249	3.7
178	-0.041185	0.000000	0.159965	0.002166	2.8
179	-0.035102	0.000000	0.159965	0.003266	3.5
180	-0.038466	0.000000	0.159965	0.002412	3.4
181	-0.037757	0.000000	0.159965	0.001939	2.9
182	-0.036273	0.000000	0.159965	0.003158	2.8
183	-0.039677	0.000000	0.159965	0.002648	2.8
184	-0.040343	0.000000	0.159965	0.001764	3.2
185	-0.034175	0.000000	0.159965	0.004619	3.0
186	-0.037885	0.000000	0.159965	0.002870	3.6
187	-0.038195	0.000000	0.159965	0.003063	3.7
188	-0.036986	0.000000	0.159965	0.002484	3.5
189	-0.037462	0.000000	0.159965	0.002895	2.9
190	-0.037541	0.000000	0.159965	0.003844	3.6
191	-0.036649	0.000000	0.159965	0.004036	3.7
192	-0.039737	0.000000	0.159965	0.001861	3.5
193	-0.039235	0.000000	0.159965	0.004108	3.5
194	-0.039660	0.000000	0.159965	0.002469	3.3
195	-0.036022	0.000000	0.159965	0.001893	3.6
196	-0.038483	0.000000	0.159965	0.004362	3.5
197	-0.041617	0.000000	0.159965	0.002418	3.2
198	-0.037843	0.000000	0.159965	0.002919	3.7
199	-0.037680	0.000000	0.159965	0.003201	3.8
200	-0.037505	0.000000	0.159965	0.002260	3.7
201	-0.036505	0.000000	0.159965	0.003208	3.1
202	-0.038277	0.000000	0.159965	0.003071	2.7
203	-0.036178	0.000000	0.159965	0.001509	2.7
204	-0.036795	1.000000	0.155547	0.001113	2.6
205	-0.037148	0.200000	0.159054	0.003140	2.9
206	-0.039470	0.000000	0.159965	0.003178	2.8
207	-0.039407	0.000000	0.159965	0.001913	2.9
208	-0.035406	0.000000	0.159965	0.003580	3.4
209	-0.035661	0.000000	0.159965	0.003836	3.6
210	-0.036597	0.000000	0.159965	0.002179	3.6
211	-0.037240	0.000000	0.159965	0.004129	3.1
212	-0.037449	0.000000	0.159965	0.002124	3.6
213	-0.039010	0.000000	0.159965	0.001252	3.3
214	-0.040492	0.000000	0.159965	0.003638	4.1
215	-0.038649	0.000000	0.159965	0.001866	3.8
216	-0.037470	0.000000	0.159965	0.003703	3.8
217	-0.037626	0.000000	0.159965	0.002061	3.3
218	-0.041212	0.000000	0.159965	0.003078	3.5
219	-0.035593	0.000000	0.159965	0.003213	4.0
220	-0.036859	0.000000	0.159965	0.003192	3.4
221	-0.035179	0.000000	0.159965	0.002347	3.4
222	-0.038339	0.000000	0.159965	0.002915	3.6
223	-0.039682	0.000000	0.159965	0.001979	3.5
224	-0.035376	0.000000	0.159965	0.002310	3.8
225	-0.037347	0.000000	0.159965	0.003810	3.8
226	-0.034294	1.000000	0.155547	0.002959	3.3
227	-0.034507	2.000000	0.151440	0.001938	4.0
228	-0.035781	1.200000	0.154702	0.002153	4.2
229	-0.041472	0.400000	0.158158	0.002063	3.3
230	-0.038655	0.000000	0.159965	0.001745	3.4
231	-0.037020	0.000000	0.159965	0.002464	2.9
232	-0.038643	0.000000	0.159965	0.003214	3.7
233	-0.041384	0.000000	0.159965	0.003351	3.1
234	-0.038926	0.000000	0.159965	0.001976	3.5
235	-0.037564	0.000000	0.159965	0.002401	3.4
236	-0.035789	0.000000	0.159965	0.002523	4.0
237	-0.038886	0.000000	0.159965	0.002044	3.5
238	-0.039519	0.000000	0.159965	0.002400	3.7
239	-0.040231	0.000000	0.159965	0.002857	3.9
240	-0.034251	0.000000	0.159965	0.002328	3.3
241	-0.038717	0.000000	0.159965	0.007725	3.3
242	-0.034398	0.000000	0.159965	0.002913	3.2
243	-0.037743	0.000000	0.159965	0.002358	3.2
244	-0.037865	0.000000	0.159965	0.002768	3.1
245	-0.036292	0.000000	0.159965	0.002678	3.7
246	-0.035710	0.000000	0.159965	0.003040	3.5
247	-0.035849	0.000000	0.159965	0.003193	3.4
248	-0.038279	0.000000	0.159965	0.001013	3.3
249	-0.038324	0.000000	0.159965	0.001949	2.9
250	-0.038506	0.000000	0.159965	0.002792	2.7
251	-0.037705	0.000000	0.159965	0.001875	2.5
252	-0.039112	0.000000	0.159965	0.003652	2.4
253	-0.039255	0.000000	0.159965	0.003699	2.5
254	-0.038599	0.000000	0.159965	0.002504	2.5
255	-0.035989	0.000000	0.159965	0.002653	2.5
256	-0.038578	0.000000	0.159965	0.002902	2.8
257	-0.038392	0.000000	0.159965	0.005500	2.8
258	-0.036641	0.000000	0.159965	0.002095	2.5
259	-0.035833	0.000000	0.159965	0.003006	2.4
260	-0.037568	0.000000	0.159965	0.001721	2.6
261	-0.039823	0.000000	0.159965	0.002712	2.5
262	-0.036090	0.000000	0.159965	0.002331	2.6
263	-0.036607	0.000000	0.159965	0.003815	2.6
264	-0.038648	0.000000	0.159965	0.003627	2.4
265	-0.037105	0.000000	0.159965	0.003946	2.7
266	-0.042546	0.000000	0.159965	0.003863	2.8
267	-0.036388	0.000000	0.159965	0.004393	2.9
268	-0.039360	0.000000	0.159965	0.004845	2.8
269	-0.038227	0.000000	0.159965	0.003177	2.4
270	-0.039587	0.000000	0.159965	0.002877	2.7
271	-0.037175	0.000000	0.159965	0.002936	2.8
272	-0.035847	0.000000	0.159965	0.001637	3.0
273	-0.039917	0.000000	0.159965	0.002572	2.6
274	-0.036088	0.000000	0.159965	0.001230	2.6
275	-0.041565	0.000000	0.159965	0.003399	3.2
276	-0.035089	0.000000	0.159965	0.002369	2.5
277	-0.036166	0.000000	0.159965	0.001216	3.0
278	-0.040607	0.000000	0.159965	0.004610	3.4
279	-0.038881	0.000000	0.159965	0.002644	3.6
280	-0.037308	0.000000	0.159965	0.001060	2.5
281	-0.040047	1.000000	0.155547	0.001410	2.9
282	-0.040393	2.000000	0.151440	0.002652	3.6
283	-0.038302	1.200000	0.154702	0.001868	3.8
284	-0.038068	0.400000	0.158158	0.002522	3.2
285	-0.036238	0.000000	0.159965	0.003215	3.3
286	-0.040625	0.000000	0.159965	0.002579	3.1
287	-0.036375	0.000000	0.159965	0.002445	2.8
288	-0.040313	0.000000	0.159965	0.002740	2.9
289	-0.039650	0.000000	0.159965	0.002912	9.5
290	-0.039861	0.000000	0.159965	0.003105	6.9
291	-0.041775	0.000000	0.159965	0.002998	3.2
292	-0.039896	0.000000	0.159965	0.001751	3.3
293	-0.039460	0.000000	0.159965	0.002310	2.8
294	-0.037719	0.000000	0.159965	0.002485	2.4
295	-0.036414	0.000000	0.159965	0.004297	2.5
296	-0.039094	0.000000	0.159965	0.001782	2.6
297	-0.038779	0.000000	0.159965	0.003942	2.2
298	-0.038619	0.000000	0.159965	0.001739	2.0
299	-0.036391	0.000000	0.159965	0.001564	2.1
300	-0.040031	0.000000	0.159965	0.003366	2.4
301	-0.038237	0.000000	0.159965	0.002701	2.4
302	-0.037126	0.000000	0.159965	0.003680	2.3
303	-0.040217	0.000000	0.159965	0.004527	2.2
304	-0.038649	0.000000	0.159965	0.002352	2.1
305	-0.041861	0.000000	0.159965	0.001697	2.2
306	-0.036944	0.000000	0.159965	0.001758	2.1
307	-0.039722	0.000000	0.159965	0.003084	2.2
308	-0.037782	0.000000	0.159965	0.001924	2.2
309	-0.036462	0.000000	0.159965	0.002023	2.7
310	-0.036698	0.000000	0.159965	0.004163	2.6
311	-0.038660	0.000000	0.159965	0.002179	2.3
312	-0.037522	0.000000	0.159965	0.002986	2.2
313	-0.036607	0.000000	0.159965	0.001427	2.3
314	-0.036473	0.000000	0.159965	0.002761	3.3
315	-0.037880	0.000000	0.159965	0.002414	3.6
316	-0.036499	0.000000	0.159965	0.002786	3.3
317	-0.037402	0.000000	0.159965	0.002531	2.7
318	-0.036555	0.000000	0.159965	0.005132	2.4
319	-0.039576	0.000000	0.159965	0.002487	3.9
320	-0.035215	0.000000	0.159965	0.003985	4.0
321	-0.038788	0.000000	0.159965	0.004508	3.5
322	-0.035839	0.000000	0.159965	0.001639	3.8
323	-0.037867	0.000000	0.159965	0.002748	3.8
324	-0.037314	1.000000	0.155547	0.003899	3.7
325	-0.037480	0.200000	0.159054	0.001652	2.5
326	-0.041875	0.000000	0.159965	0.002537	2.2
327	-0.037004	0.000000	0.159965	0.002242	2.1
328	-0.040805	0.000000	0.159965	0.004723	1.9
329	-0.035457	0.000000	0.159965	0.002474	1.8
330	-0.040218	0.000000	0.159965	0.005133	2.0
331	-0.036981	0.000000	0.159965	0.003822	2.1
332	-0.041186	0.000000	0.159965	0.004900	1.9
333	-0.037495	0.000000	0.159965	0.002104	1.7
334	-0.038697	0.000000	0.159965	0.003955	1.8
335	-0.036072	0.000000	0.159965	0.002176	1.8
336	-0.039214	0.000000	0.159965	0.005449	2.0
337	-0.040675	0.000000	0.159965	0.002983	2.0
338	-0.038190	0.000000	0.159965	0.002923	2.0
339	-0.038452	0.000000	0.159965	0.002829	2.1
340	-0.037113	0.000000	0.159965	0.004604	1.8
341	-0.038664	0.000000	0.159965	0.002512	2.0
342	-0.037479	0.000000	0.159965	0.004292	1.9
343	-0.038132	0.000000	0.159965	0.003178	2.1
344	-0.038395	0.000000	0.159965	0.001630	2.1
345	-0.037697	0.000000	0.159965	0.001186	2.3
346	-0.038471	0.000000	0.159965	0.004050	2.2
347	-0.039083	0.000000	0.159965	0.002956	2.1
348	-0.038269	0.000000	0.159965	0.003005	2.2
349	-0.038245	0.000000	0.159965	0.002269	2.4
350	-0.035922	0.000000	0.159965	0.002046	2.4
351	-0.035408	0.000000	0.159965	0.003315	2.4
352	-0.040739	0.000000	0.159965	0.002185	2.7
353	-0.039370	0.000000	0.159965	0.002291	2.9
354	-0.037925	0.000000	0.159965	0.003799	3.1
355	-0.038752	0.000000	0.159965	0.003222	2.5
356	-0.035507	0.000000	0.159965	0.003257	2.7
357	-0.040646	0.000000	0.159965	0.002447	3.0
358	-0.038559	0.000000	0.159965	0.003896	3.3
359	-0.037067	0.000000	0.159965	0.002690	3.4
360	-0.035156	0.000000	0.159965	0.002422	3.2
361	-0.038393	0.000000	0.159965	0.004843	3.2
362	-0.039430	0.000000	0.159965	0.003078	3.0
363	-0.036251	0.000000	0.159965	0.002451	3.4
364	-0.036125	0.000000	0.159965	0.002142	2.8
365	-0.036074	0.000000	0.159965	0.002194	3.1
366	-0.037881	0.000000	0.159965	0.004213	3.6
367	-0.035929	0.000000	0.159965	0.001926	3.6
368	-0.040396	0.000000	0.159965	0.003040	2.9
369	-0.036435	0.000000	0.159965	0.002948	3.7
370	-0.038044	0.000000	0.159965	0.002103	3.4
371	-0.036565	0.000000	0.159965	0.003590	3.5
372	-0.035505	0.000000	0.159965	0.003081	3.7
373	-0.036623	0.000000	0.159965	0.002458	3.7
374	-0.034629	0.000000	0.159965	0.003457	3.4
375	-0.036105	0.000000	0.159965	0.002668	3.3
376	-0.038607	0.000000	0.159965	0.003185	3.2
377	-0.034946	0.000000	0.159965	0.004763	3.0
378	-0.037147	0.000000	0.159965	0.002184	2.9
379	-0.039146	0.000000	0.159965	0.004325	3.5
380	-0.037824	0.000000	0.159965	0.005281	3.5
381	-0.040153	0.000000	0.159965	0.003120	3.6
382	-0.039057	0.000000	0.159965	0.003055	3.6
383	-0.043181	0.000000	0.159965	0.004090	3.6
384	-0.037899	0.000000	0.159965	0.002146	3.6
385	-0.039123	0.000000	0.159965	0.001710	3.4
386	-0.041902	0.000000	0.159965	0.003470	3.2
387	-0.035507	0.000000	0.159965	0.002005	2.9
388	-0.037078	0.000000	0.159965	0.004450	3.1
389	-0.039881	0.000000	0.159965	0.002431	3.5
390	-0.038230	0.000000	0.159965	0.003257	2.9
391	-0.038281	0.000000	0.159965	0.003814	3.0
392	-0.038471	0.000000	0.159965	0.002816	2.9
393	-0.041583	0.000000	0.159965	0.003475	2.8
394	-0.037427	0.000000	0.159965	0.002986	2.9
395	-0.038865	0.000000	0.159965	0.003838	3.5
396	-0.039565	0.000000	0.159965	0.003278	3.4
397	-0.036996	0.000000	0.159965	0.003537	2.8
398	-0.038236	0.000000	0.159965	0.003664	3.3
399	-0.040077	0.000000	0.159965	0.002400	4.1
400	-0.035983	0.000000	0.159965	0.003048	3.4
401	-0.039074	0.000000	0.159965	0.001950	3.5
402	-0.036807	0.000000	0.159965	0.001834	3.6
403	-0.038605	0.000000	0.159965	0.003727	3.4
404	-0.037074	0.000000	0.159965	0.003576	2.7
405	-0.040119	0.000000	0.159965	0.003094	3.2
406	-0.037650	0.000000	0.159965	0.003405	3.4
407	-0.038747	0.000000	0.159965	0.002167	3.2
408	-0.035881	0.000000	0.159965	0.002831	3.2
409	-0.040694	0.000000	0.159965	0.002278	3.2
410	-0.035512	0.000000	0.159965	0.003668	3.0
411	-0.039238	0.000000	0.159965	0.002044	3.0
412	-0.040481	0.000000	0.159965	0.005005	2.9
413	-0.032335	0.000000	0.159965	0.002394	3.1
414	-0.039010	0.000000	0.159965	0.002008	3.0
415	-0.037925	0.000000	0.159965	0.004150	2.9
416	-0.039584	0.000000	0.159965	0.002549	2.8
417	-0.040427	0.000000	0.159965	0.003980	2.5
418	-0.037361	0.000000	0.159965	0.001908	2.7
419	-0.038575	0.000000	0.159965	0.003484	2.4
420	-0.039304	0.000000	0.159965	0.001902	3.3
421	-0.036777	0.000000	0.159965	0.002502	3.5
422	-0.036716	0.000000	0.159965	0.002927	3.6
423	-0.037190	0.000000	0.159965	0.002147	3.5
424	-0.039598	0.000000	0.159965	0.004888	3.5
425	-0.039290	0.000000	0.159965	0.002554	3.3
426	-0.037380	0.000000	0.159965	0.002032	3.6
427	-0.038521	0.000000	0.159965	0.002243	3.5
428	-0.037932	0.000000	0.159965	0.003249	3.4
429	-0.037168	0.000000	0.159965	0.003225	3.1
430	-0.039619	0.000000	0.159965	0.002658	3.5
431	-0.039255	0.000000	0.159965	0.002333	2.9
432	-0.040826	0.000000	0.159965	0.002403	3.0
433	-0.036176	0.000000	0.159965	0.004119	3.3
434	-0.037958	0.000000	0.159965	0.003637	3.8
435	-0.041570	0.000000	0.159965	0.004129	3.7
436	-0.035123	0.000000	0.159965	0.002489	3.7
437	-0.038200	0.000000	0.159965	0.002686	3.7
438	-0.036944	0.000000	0.159965	0.001392	3.6
439	-0.036640	0.000000	0.159965	0.003488	3.8
440	-0.037848	0.000000	0.159965	0.001951	3.7
441	-0.038017	0.000000	0.159965	0.001998	3.3
442	-0.039473	0.000000	0.159965	0.002228	3.2
443	-0.040200	0.000000	0.159965	0.002037	3.9
444	-0.038807	0.000000	0.159965	0.003645	3.8
445	-0.037754	0.978427	0.155639	0.005312	3.7
446	-0.040133	0.178427	0.159152	0.002678	3.7
447	-0.039827	0.000000	0.159965	0.002943	3.5
448	-0.038792	0.000000	0.159965	0.004337	3.6
449	-0.036286	0.000000	0.159965	0.002219	3.4
450	-0.038332	0.000000	0.159965	0.002518	3.5
451	-0.037051	0.000000	0.159965	0.003993	3.7
452	-0.035852	0.000000	0.159965	0.003687	3.6
453	-0.035047	0.000000	0.159965	0.002204	3.4
454	-0.037551	0.000000	0.159965	0.002213	3.6
455	-0.037272	0.000000	0.159965	0.002589	3.2
456	-0.037641	0.000000	0.159965	0.002154	3.7
457	-0.036901	0.000000	0.159965	0.002998	4.2
458	-0.036389	0.000000	0.159965	0.002942	3.3
459	-0.036530	0.000000	0.159965	0.002964	3.9
460	-0.038648	0.000000	0.159965	0.002430	3.8
461	-0.039535	0.000000	0.159965	0.002148	3.3
462	-0.042033	0.000000	0.159965	0.002839	2.8
463	-0.037683	0.000000	0.159965	0.002068	3.0
464	-0.036549	0.000000	0.159965	0.001845	4.1
465	-0.035140	0.000000	0.159965	0.002597	3.8
466	-0.037240	0.000000	0.159965	0.003830	3.0
467	-0.039875	1.000000	0.155547	0.002246	3.2
468	-0.037914	0.200000	0.159054	0.002638	3.5
469	-0.040741	0.000000	0.159965	0.002370	3.3
470	-0.040373	0.000000	0.159965	0.002789	3.7
471	-0.036742	0.000000	0.159965	0.005571	3.8
472	-0.042486	0.000000	0.159965	0.002114	3.5
473	-0.036860	0.000000	0.159965	0.003865	3.8
474	-0.034987	0.000000	0.159965	0.003651	3.9
475	-0.041754	0.000000	0.159965	0.002386	3.6
476	-0.036322	0.000000	0.159965	0.001320	3.3
477	-0.033111	0.000000	0.159965	0.002292	3.1
478	-0.036639	0.000000	0.159965	0.002450	3.5
479	-0.037322	0.000000	0.159965	0.002728	3.7
480	-0.036100	0.000000	0.159965	0.003907	3.8
481	-0.034686	0.000000	0.159965	0.001759	3.8
482	-0.038578	0.000000	0.159965	0.001774	3.8
483	-0.039587	0.000000	0.159965	0.001926	3.6
484	-0.041546	0.000000	0.159965	0.004154	3.5
485	-0.037695	0.000000	0.159965	0.002407	3.8
486	-0.036924	0.000000	0.159965	0.003333	3.8
487	-0.038761	0.000000	0.159965	0.003726	3.0
488	-0.041013	0.000000	0.159965	0.004119	3.6
489	-0.040147	0.000000	0.159965	0.003197	3.6
490	-0.038239	0.000000	0.159965	0.004041	4.0
491	-0.038242	0.000000	0.159965	0.003009	3.3
492	-0.041400	0.000000	0.159965	0.002672	3.2
493	-0.038304	0.000000	0.159965	0.005615	3.2
494	-0.038411	0.000000	0.159965	0.003468	2.9
495	-0.036653	0.000000	0.159965	0.004118	2.8
496	-0.036753	0.000000	0.159965	0.002817	2.6
497	-0.038121	0.000000	0.159965	0.002634	3.7
498	-0.038695	0.000000	0.159965	0.003856	3.6
499	-0.037560	0.000000	0.159965	0.002811	3.6
500	-0.039744	0.000000	0.159965	0.003200	2.6
501	-0.035123	0.000000	0.159965	0.003675	3.4
502	-0.039649	0.000000	0.159965	0.000969	2.8
503	-0.036085	0.000000	0.159965	0.002551	3.3
504	-0.036641	0.000000	0.159965	0.005412	3.0
505	-0.040117	0.000000	0.159965	0.004138	4.1
506	-0.035310	0.000000	0.159965	0.003431	3.8
507	-0.038733	0.000000	0.159965	0.003047	3.3
508	-0.037239	0.000000	0.159965	0.003891	3.2
509	-0.041829	0.000000	0.159965	0.002332	3.8
510	-0.038563	0.000000	0.159965	0.002054	4.0
511	-0.038124	0.000000	0.159965	0.002872	3.9
512	-0.041101	0.000000	0.159965	0.004803	4.1
513	-0.039651	0.000000	0.159965	0.002933	4.1
514	-0.040272	0.000000	0.159965	0.002900	3.2
515	-0.041190	1.000000	0.155547	0.003999	3.8
516	-0.037385	2.000000	0.151440	0.002194	3.4
517	-0.036447	1.200000	0.154702	0.001509	3.7
518	-0.040865	0.400000	0.158158	0.003397	3.2
519	-0.036069	0.000000	0.159965	0.003977	4.4
520	-0.037468	0.000000	0.159965	0.002161	4.3
521	-0.038017	0.000000	0.159965	0.002972	3.1
522	-0.039447	0.000000	0.159965	0.004982	2.9
523	-0.037966	0.000000	0.159965	0.003889	2.6
524	-0.039647	0.000000	0.159965	0.007323	3.0
525	-0.034760	0.000000	0.159965	0.002390	3.9
526	-0.035136	0.000000	0.159965	0.002877	3.8
527	-0.039731	0.000000	0.159965	0.003093	3.7
528	-0.038233	0.000000	0.159965	0.004734	3.1
529	-0.037667	0.000000	0.159965	0.003315	3.3
530	-0.037253	0.000000	0.159965	0.002783	3.2
531	-0.040469	0.000000	0.159965	0.003812	3.9
532	-0.036603	0.000000	0.159965	0.001876	3.5
533	-0.039185	1.000000	0.155547	0.002037	3.1
534	-0.036950	1.901322	0.151832	0.001438	4.9
535	-0.039228	1.101322	0.155117	0.002470	3.8
536	-0.040760	0.301322	0.158599	0.001678	3.4
537	-0.040560	0.000000	0.159965	0.004675	3.5
538	-0.035051	0.000000	0.159965	0.003746	4.5
539	-0.035534	0.000000	0.159965	0.002130	4.3
540	-0.040983	0.000000	0.159965	0.001799	3.3
541	-0.036364	0.000000	0.159965	0.001855	3.2
542	-0.037992	0.000000	0.159965	0.004683	4.9
543	-0.039086	0.000000	0.159965	0.001769	4.4
544	-0.038856	0.000000	0.159965	0.002600	4.2
545	-0.036337	0.000000	0.159965	0.001260	3.8
546	-0.040842	0.000000	0.159965	0.003732	3.8
547	-0.039408	0.000000	0.159965	0.005593	3.8
548	-0.040632	0.000000	0.159965	0.005180	3.5
549	-0.039860	0.000000	0.159965	0.003268	3.7
550	-0.036996	0.000000	0.159965	0.003471	3.6
551	-0.036806	0.000000	0.159965	0.002665	4.4
552	-0.038127	0.000000	0.159965	0.004851	4.0
553	-0.037267	0.000000	0.159965	0.003360	3.7
554	-0.039712	0.000000	0.159965	0.003086	3.5
555	-0.037862	0.000000	0.159965	0.002677	3.9
556	-0.037477	0.000000	0.159965	0.002987	3.4
557	-0.039484	0.000000	0.159965	0.002397	3.6
558	-0.039833	0.000000	0.159965	0.001727	3.5
559	-0.039373	0.000000	0.159965	0.005180	3.5
560	-0.038040	0.000000	0.159965	0.001803	3.2
561	-0.036132	1.000000	0.155547	0.003317	3.5
562	-0.040539	2.000000	0.151440	0.004310	3.5
563	-0.038602	1.200000	0.154702	0.002373	3.0
564	-0.038167	0.400000	0.158158	0.002738	3.2
565	-0.038628	0.000000	0.159965	0.001916	3.0
566	-0.035755	0.000000	0.159965	0.004258	3.9
567	-0.039678	0.000000	0.159965	0.002844	2.5
568	-0.038320	0.000000	0.159965	0.002988	2.7
569	-0.039581	0.000000	0.159965	0.004376	2.7
570	-0.037789	0.000000	0.159965	0.002645	3.3
571	-0.038281	0.000000	0.159965	0.003146	2.4
572	-0.035928	0.000000	0.159965	0.003338	2.3
573	-0.036767	0.000000	0.159965	0.002269	2.6
574	-0.037632	0.000000	0.159965	0.003902	2.7
575	-0.038676	0.000000	0.159965	0.001920	2.5
576	-0.037591	0.000000	0.159965	0.002186	2.9
577	-0.036723	0.000000	0.159965	0.001855	2.9
578	-0.043558	1.000000	0.155547	0.002113	3.2
579	-0.039629	0.200000	0.159054	0.002726	3.1
580	-0.041162	0.000000	0.159965	0.003874	2.6
581	-0.042373	0.000000	0.159965	0.002836	2.9
582	-0.038345	0.000000	0.159965	0.002801	3.1
583	-0.033279	0.000000	0.159965	0.001725	3.1
584	-0.036707	0.000000	0.159965	0.005419	3.0
585	-0.039378	0.000000	0.159965	0.002539	2.6
586	-0.037504	0.000000	0.159965	0.001897	2.4
587	-0.036555	0.000000	0.159965	0.001789	3.5
588	-0.038840	0.000000	0.159965	0.004129	3.1
589	-0.038426	0.000000	0.159965	0.003083	3.4
590	-0.036206	0.000000	0.159965	0.002323	2.4
591	-0.039215	0.000000	0.159965	0.002453	2.7
592	-0.039345	0.000000	0.159965	0.004543	2.7
593	-0.041262	0.000000	0.159965	0.002462	2.7
594	-0.039967	0.000000	0.159965	0.002484	2.7
595	-0.040271	0.000000	0.159965	0.001864	3.4
596	-0.039346	0.000000	0.159965	0.002817	3.5
597	-0.038253	1.000000	0.155547	0.004288	3.6
598	-0.037192	0.200000	0.159054	0.003517	3.5
599	-0.035084	0.000000	0.159965	0.002818	2.5
600	-0.041878	0.000000	0.159965	0.003744	2.8
601	-0.040008	0.000000	0.159965	0.001252	3.2
602	-0.039420	0.000000	0.159965	0.002091	3.5
603	-0.036754	0.000000	0.159965	0.002951	2.5
604	-0.037966	0.000000	0.159965	0.003142	2.6
605	-0.040084	0.000000	0.159965	0.002658	3.4
606	-0.039937	0.000000	0.159965	0.002124	2.9
607	-0.039886	0.000000	0.159965	0.002299	2.9
608	-0.036978	0.999048	0.155551	0.002984	2.8
609	-0.035910	0.199048	0.159059	0.003778	2.7
610	-0.037705	0.000000	0.159965	0.001542	2.9
611	-0.036444	1.000000	0.155547	0.004268	2.5
612	-0.038435	2.000000	0.151440	0.002817	2.4
613	-0.035747	1.200000	0.154702	0.001796	2.5
614	-0.037623	0.400000	0.158158	0.001444	2.6
615	-0.035626	0.000000	0.159965	0.001357	2.9
616	-0.038370	0.000000	0.159965	0.003872	2.7
617	-0.038753	0.000000	0.159965	0.005396	2.4
618	-0.036181	0.000000	0.159965	0.002680	2.7
619	-0.043715	0.000000	0.159965	0.002682	3.6
620	-0.037021	0.000000	0.159965	0.001300	3.5
621	-0.037102	0.000000	0.159965	0.002617	3.6
622	-0.038671	0.000000	0.159965	0.002485	3.2
623	-0.039181	0.000000	0.159965	0.003626	2.5
624	-0.041656	0.000000	0.159965	0.003999	3.0
625	-0.039943	0.000000	0.159965	0.003095	3.3
626	-0.035236	0.000000	0.159965	0.002282	2.6
627	-0.036287	0.000000	0.159965	0.005785	2.7
628	-0.035596	0.000000	0.159965	0.003251	2.5
629	-0.036798	0.000000	0.159965	0.003759	2.6
630	-0.036730	0.000000	0.159965	0.005054	2.5
631	-0.037962	0.000000	0.159965	0.004098	2.6
632	-0.039908	0.000000	0.159965	0.001580	2.6
633	-0.034964	0.000000	0.159965	0.002578	2.5
634	-0.036981	0.000000	0.159965	0.004418	3.4
635	-0.038110	0.000000	0.159965	0.002049	3.3
636	-0.038384	0.000000	0.159965	0.002582	3.4
637	-0.040246	0.000000	0.159965	0.004307	3.1
638	-0.037397	1.000000	0.155547	0.002267	3.0
639	-0.035814	0.200000	0.159054	0.001423	2.9
640	-0.038072	0.000000	0.159965	0.001850	3.0
641	-0.044571	0.000000	0.159965	0.002424	3.5
642	-0.038964	0.000000	0.159965	0.002232	3.3
643	-0.039251	0.000000	0.159965	0.002687	3.9
644	-0.037280	0.000000	0.159965	0.003426	4.0
645	-0.036475	0.000000	0.159965	0.003150	3.6
646	-0.038601	0.000000	0.159965	0.001902	3.4
647	-0.037481	0.000000	0.159965	0.001774	3.2
648	-0.039108	0.000000	0.159965	0.001234	3.2
649	-0.038253	0.000000	0.159965	0.004782	3.1
650	-0.037031	0.000000	0.159965	0.002049	2.9
651	-0.038796	0.000000	0.159965	0.003046	2.6
652	-0.039053	0.000000	0.159965	0.001917	2.8
653	-0.040910	0.000000	0.159965	0.002424	2.7
654	-0.039294	0.000000	0.159965	0.003612	2.9
655	-0.036179	0.000000	0.159965	0.003077	2.7
656	-0.038170	0.000000	0.159965	0.001785	2.7
657	-0.038961	0.000000	0.159965	0.003252	2.5
658	-0.038797	0.000000	0.159965	0.003204	2.6
659	-0.037708	0.000000	0.159965	0.002852	2.6
660	-0.039918	0.000000	0.159965	0.004756	2.7
661	-0.037536	0.000000	0.159965	0.002069	3.5
662	-0.038383	0.000000	0.159965	0.002494	3.3
663	-0.040769	0.000000	0.159965	0.002404	3.2
664	-0.038555	0.000000	0.159965	0.002448	3.1
665	-0.037765	0.000000	0.159965	0.002006	3.0
666	-0.038511	0.000000	0.159965	0.004153	3.1
667	-0.040160	0.000000	0.159965	0.003625	3.5
668	-0.039071	0.000000	0.159965	0.003791	3.5
669	-0.041666	0.000000	0.159965	0.005909	3.0
670	-0.037925	0.000000	0.159965	0.001370	3.1
671	-0.040079	1.000000	0.155547	0.003066	3.0
672	-0.038784	2.000000	0.151440	0.003414	3.5
673	-0.037182	1.200000	0.154702	0.005802	2.9
674	-0.039458	0.400000	0.158158	0.002003	3.4
675	-0.039722	0.000000	0.159965	0.004528	3.0
676	-0.041738	0.000000	0.159965	0.001807	2.8
677	-0.040534	1.000000	0.155547	0.002910	3.0
678	-0.037325	1.999566	0.151441	0.001490	3.6
679	-0.042467	1.199566	0.154704	0.003832	2.9
680	-0.036018	0.399566	0.158160	0.004733	2.8
681	-0.038389	0.000000	0.159965	0.003554	3.0
682	-0.043047	0.000000	0.159965	0.002417	2.7
683	-0.036934	0.000000	0.159965	0.002557	3.0
684	-0.037292	0.000000	0.159965	0.003042	3.7
685	-0.036754	0.000000	0.159965	0.004339	3.1
686	-0.040883	0.000000	0.159965	0.003842	3.2
687	-0.036762	0.000000	0.159965	0.004427	3.8
688	-0.037066	0.000000	0.159965	0.000887	4.0
689	-0.038145	0.000000	0.159965	0.002793	3.6
690	-0.040026	0.000000	0.159965	0.003257	4.0
691	-0.039458	0.000000	0.159965	0.003056	3.7
692	-0.036427	0.000000	0.159965	0.001606	4.4
693	-0.038237	1.000000	0.155547	0.004184	3.3
694	-0.036429	2.000000	0.151440	0.003290	3.2
695	-0.039065	1.200000	0.154702	0.004512	3.3
696	-0.037314	0.400000	0.158158	0.004007	2.9
697	-0.036531	0.000000	0.159965	0.002962	2.7
698	-0.038058	0.000000	0.159965	0.002464	2.8
699	-0.040321	0.000000	0.159965	0.003218	2.7
700	-0.036886	0.000000	0.159965	0.002187	3.3
701	-0.040311	0.000000	0.159965	0.002105	3.1
702	-0.040414	0.000000	0.159965	0.002813	3.4
703	-0.039274	0.000000	0.159965	0.004065	3.6
704	-0.039958	0.000000	0.159965	0.001714	2.8
705	-0.041932	0.000000	0.159965	0.002335	2.7
706	-0.036900	0.000000	0.159965	0.005168	2.9
707	-0.037988	0.000000	0.159965	0.002499	2.6
708	-0.038258	0.000000	0.159965	0.002767	3.3
709	-0.038974	0.000000	0.159965	0.001251	2.5
710	-0.036523	0.000000	0.159965	0.003735	2.6
711	-0.040093	0.000000	0.159965	0.003785	2.5
712	-0.036762	0.000000	0.159965	0.002071	2.8
713	-0.038345	0.000000	0.159965	0.002787	3.3
714	-0.039608	1.000000	0.155547	0.001519	2.4
715	-0.035722	0.200000	0.159054	0.003491	2.6
716	-0.038948	0.000000	0.159965	0.002449	3.0
717	-0.036747	0.000000	0.159965	0.001464	2.4
718	-0.041303	0.000000	0.159965	0.003497	2.9
719	-0.037387	0.000000	0.159965	0.003075	3.4
720	-0.035498	0.000000	0.159965	0.002686	2.7
721	-0.037358	0.000000	0.159965	0.001962	2.4
722	-0.038869	0.000000	0.159965	0.005792	2.3
723	-0.036227	0.000000	0.159965	0.001459	2.6
724	-0.038909	0.000000	0.159965	0.002727	3.0
725	-0.038714	0.993751	0.155574	0.002539	3.6
726	-0.037698	0.193751	0.159083	0.002260	3.4
727	-0.037415	0.000000	0.159965	0.005766	3.7
728	-0.035647	0.000000	0.159965	0.001492	3.2
729	-0.039125	0.000000	0.159965	0.002663	3.3
730	-0.041287	0.000000	0.159965	0.003362	2.9
731	-0.039825	0.000000	0.159965	0.002247	2.5
732	-0.038993	0.000000	0.159965	0.002191	2.8
733	-0.035894	0.000000	0.159965	0.003300	2.7
734	-0.036733	0.000000	0.159965	0.002672	2.6
735	-0.036537	0.000000	0.159965	0.003881	2.3
736	-0.037094	0.000000	0.159965	0.003711	2.6
737	-0.040369	0.000000	0.159965	0.004822	2.4
738	-0.040190	0.000000	0.159965	0.002389	2.4
739	-0.037512	0.000000	0.159965	0.005180	3.4
740	-0.037578	0.000000	0.159965	0.003343	3.1
741	-0.040228	0.000000	0.159965	0.003298	3.3
742	-0.038794	0.000000	0.159965	0.002441	2.4
743	-0.038558	0.000000	0.159965	0.003589	2.7
744	-0.035676	0.000000	0.159965	0.001661	3.1
745	-0.041880	0.000000	0.159965	0.004528	2.9
746	-0.038114	0.000000	0.159965	0.002023	2.8
747	-0.042662	1.000000	0.155547	0.001249	2.7
748	-0.037530	0.200000	0.159054	0.002081	3.1
749	-0.039333	0.000000	0.159965	0.001516	2.8
750	-0.035888	0.000000	0.159965	0.002012	2.7
751	-0.041063	0.000000	0.159965	0.002631	2.6
752	-0.037450	0.000000	0.159965	0.001762	2.7
753	-0.036061	0.000000	0.159965	0.003073	2.7
754	-0.040083	0.000000	0.159965	0.005220	2.8
755	-0.036437	0.000000	0.159965	0.002906	2.8
756	-0.035858	0.000000	0.159965	0.002812	2.4
757	-0.041549	0.000000	0.159965	0.002715	2.4
758	-0.034934	0.000000	0.159965	0.001610	2.9
759	-0.041073	0.000000	0.159965	0.002670	3.2
760	-0.037327	0.000000	0.159965	0.003522	2.6
761	-0.037504	0.000000	0.159965	0.002080	2.7
762	-0.039781	0.000000	0.159965	0.002550	3.4
763	-0.036068	0.000000	0.159965	0.004397	3.4
764	-0.038871	0.000000	0.159965	0.002679	2.7
765	-0.037411	0.000000	0.159965	0.002800	2.9
766	-0.038336	0.000000	0.159965	0.002750	3.4
767	-0.037930	1.000000	0.155547	0.002920	3.5
768	-0.038819	0.200000	0.159054	0.001543	3.6
769	-0.036017	0.000000	0.159965	0.003416	3.5
770	-0.036589	0.000000	0.159965	0.003026	3.0
771	-0.037797	1.000000	0.155547	0.002427	2.7
772	-0.038012	0.200000	0.159054	0.003962	2.8
773	-0.036391	0.000000	0.159965	0.001976	2.6
774	-0.038675	0.000000	0.159965	0.005358	3.2
775	-0.037763	0.000000	0.159965	0.001572	3.7
776	-0.036814	0.000000	0.159965	0.001407	3.1
777	-0.038280	0.000000	0.159965	0.002280	2.8
778	-0.036386	0.000000	0.159965	0.002204	3.1
779	-0.037637	0.000000	0.159965	0.004673	2.8
780	-0.041968	1.000000	0.155547	0.004371	2.9
781	-0.038482	0.200000	0.159054	0.002895	3.3
782	-0.038672	0.000000	0.159965	0.002810	3.7
783	-0.038252	0.000000	0.159965	0.002328	3.1
784	-0.035563	0.000000	0.159965	0.002912	2.8
785	-0.039004	0.000000	0.159965	0.002701	3.7
786	-0.038845	0.000000	0.159965	0.004996	4.3
787	-0.040591	0.000000	0.159965	0.002244	3.1
788	-0.037514	0.000000	0.159965	0.002588	4.0
789	-0.036737	0.000000	0.159965	0.001875	4.0
790	-0.039511	0.000000	0.159965	0.005270	4.1
791	-0.041640	0.000000	0.159965	0.002587	3.2
792	-0.035790	0.000000	0.159965	0.001773	3.4
793	-0.037387	0.000000	0.159965	0.002757	3.8
794	-0.036033	0.000000	0.159965	0.002386	4.2
795	-0.038021	0.000000	0.159965	0.003683	3.3
796	-0.038170	0.000000	0.159965	0.003416	3.4
797	-0.035370	0.000000	0.159965	0.002004	2.6
798	-0.037879	0.000000	0.159965	0.001831	2.7
799	-0.038570	0.000000	0.159965	0.003126	2.7
800	-0.037187	0.000000	0.159965	0.004342	2.9
801	-0.037233	0.000000	0.159965	0.003288	3.0
802	-0.038586	0.000000	0.159965	0.001880	3.5
803	-0.037112	0.000000	0.159965	0.001906	3.3
804	-0.039482	0.000000	0.159965	0.002732	2.9
805	-0.038670	0.000000	0.159965	0.003107	2.6
806	-0.038213	0.000000	0.159965	0.004015	3.5
807	-0.036776	0.000000	0.159965	0.003464	3.3
808	-0.041328	0.000000	0.159965	0.004692	3.2
809	-0.037115	0.000000	0.159965	0.003494	3.0
810	-0.036198	0.000000	0.159965	0.002844	2.7
811	-0.037110	0.000000	0.159965	0.002802	3.4
812	-0.038138	0.000000	0.159965	0.004324	2.7
813	-0.037679	0.000000	0.159965	0.002355	2.5
814	-0.037943	1.000000	0.155547	0.001248	3.0
815	-0.036758	0.200000	0.159054	0.003318	2.8
816	-0.038944	1.200000	0.154702	0.002958	3.3
817	-0.039915	0.400000	0.158158	0.004249	3.0
818	-0.036832	0.000000	0.159965	0.002208	2.6
819	-0.036556	0.000000	0.159965	0.002558	2.7
820	-0.040935	0.000000	0.159965	0.004025	4.7
821	-0.040104	0.000000	0.159965	0.003397	4.4
822	-0.041359	0.000000	0.159965	0.002673	3.7
823	-0.038869	0.000000	0.159965	0.002379	4.8
824	-0.039746	0.000000	0.159965	0.002904	4.4
825	-0.036739	0.000000	0.159965	0.003452	4.0
826	-0.037508	0.000000	0.159965	0.005431	3.1
827	-0.037560	0.000000	0.159965	0.001791	2.8
828	-0.036243	1.000000	0.155547	0.003543	3.0
829	-0.039439	0.200000	0.159054	0.003649	2.2
830	-0.041424	0.000000	0.159965	0.003409	2.2
831	-0.036705	0.000000	0.159965	0.001986	2.3
832	-0.038719	0.000000	0.159965	0.004229	2.0
833	-0.041287	1.000000	0.155547	0.001721	2.1
834	-0.043377	2.000000	0.151440	0.004453	1.8
835	-0.034660	1.200000	0.154702	0.002036	1.8
836	-0.036377	0.400000	0.158158	0.002336	1.8
837	-0.039622	0.000000	0.159965	0.002614	2.0
838	-0.034746	0.000000	0.159965	0.001648	2.0
839	-0.040294	0.000000	0.159965	0.001720	1.9
840	-0.040452	0.000000	0.159965	0.002549	2.1
841	-0.038022	0.000000	0.159965	0.002125	2.0
842	-0.039028	0.000000	0.159965	0.001371	1.9
843	-0.038710	0.000000	0.159965	0.003930	2.0
844	-0.038575	0.000000	0.159965	0.001065	1.9
845	-0.035827	0.000000	0.159965	0.002605	2.0
846	-0.039242	0.000000	0.159965	0.001879	2.1
847	-0.037361	0.000000	0.159965	0.003350	2.2
848	-0.039372	0.000000	0.159965	0.002907	2.0
849	-0.039233	0.000000	0.159965	0.003773	2.3
850	-0.039314	0.000000	0.159965	0.003672	2.7
851	-0.036586	0.000000	0.159965	0.002289	2.8
852	-0.038371	0.000000	0.159965	0.005081	2.9
853	-0.039084	0.000000	0.159965	0.001704	2.6
854	-0.040928	1.000000	0.155547	0.003107	2.8
855	-0.035458	1.939831	0.151679	0.001810	2.3
856	-0.037439	1.139831	0.154955	0.002352	2.7
857	-0.036136	0.339831	0.158426	0.002662	2.5
858	-0.037049	0.000000	0.159965	0.003376	2.7
859	-0.038255	0.000000	0.159965	0.002688	3.3
860	-0.037477	0.000000	0.159965	0.002700	2.8
861	-0.039153	0.000000	0.159965	0.003381	2.5
862	-0.037508	0.000000	0.159965	0.003309	2.4
863	-0.038260	0.000000	0.159965	0.002586	2.9
864	-0.042238	0.000000	0.159965	0.004377	2.7
865	-0.038230	0.000000	0.159965	0.004225	3.3
866	-0.036937	0.000000	0.159965	0.002136	3.0
867	-0.041232	0.000000	0.159965	0.002695	2.6
868	-0.035782	0.000000	0.159965	0.001954	2.5
869	-0.035786	0.000000	0.159965	0.002846	2.7
870	-0.038760	0.000000	0.159965	0.005278	2.8
871	-0.040550	0.000000	0.159965	0.001906	2.7
872	-0.039183	0.000000	0.159965	0.003947	2.4
873	-0.039071	0.000000	0.159965	0.002593	2.5
874	-0.035873	0.000000	0.159965	0.003257	2.7
875	-0.039586	0.000000	0.159965	0.002345	3.1
876	-0.036830	0.000000	0.159965	0.005344	2.6
877	-0.037661	0.000000	0.159965	0.002040	2.4
878	-0.035182	0.000000	0.159965	0.003632	3.4
879	-0.038303	0.000000	0.159965	0.005093	3.4
880	-0.041857	0.000000	0.159965	0.003364	3.6
881	-0.038692	0.000000	0.159965	0.004527	3.1
882	-0.035848	0.000000	0.159965	0.003632	3.2
883	-0.039153	0.000000	0.159965	0.002403	2.9
884	-0.038681	1.000000	0.155547	0.003116	2.5
885	-0.040734	2.000000	0.151440	0.001580	2.5
886	-0.039100	3.000000	0.147609	0.004539	2.7
887	-0.035909	2.200000	0.150652	0.003685	2.9
888	-0.037903	1.400000	0.153869	0.001748	3.0
889	-0.038604	0.600000	0.157275	0.002305	2.8
890	-0.042861	0.000000	0.159965	0.005149	2.7
891	-0.037063	0.000000	0.159965	0.002888	2.7
892	-0.034326	0.000000	0.159965	0.002972	3.4
893	-0.040080	0.000000	0.159965	0.002938	3.4
894	-0.036967	0.000000	0.159965	0.004771	3.8
895	-0.038608	0.000000	0.159965	0.001474	3.4
896	-0.038102	0.000000	0.159965	0.001475	3.4
897	-0.039566	0.000000	0.159965	0.003129	2.5
898	-0.039830	0.000000	0.159965	0.002634	2.3
899	-0.038187	0.000000	0.159965	0.003076	3.1
900	-0.038343	0.000000	0.159965	0.002764	2.7
901	-0.037801	0.000000	0.159965	0.001988	2.5
902	-0.038268	0.000000	0.159965	0.003812	2.7
903	-0.035927	0.000000	0.159965	0.002070	2.9
904	-0.036777	0.000000	0.159965	0.002882	2.4
905	-0.034383	0.000000	0.159965	0.002437	2.2
906	-0.035630	0.000000	0.159965	0.004454	2.8
907	-0.035870	0.000000	0.159965	0.002077	3.4
908	-0.040936	0.000000	0.159965	0.002577	3.1
909	-0.037778	1.000000	0.155547	0.003922	3.6
910	-0.037743	0.200000	0.159054	0.004712	2.9
911	-0.038503	0.000000	0.159965	0.001552	3.1
912	-0.037755	0.000000	0.159965	0.003145	3.0
913	-0.036632	0.000000	0.159965	0.001584	2.6
914	-0.037588	0.000000	0.159965	0.002366	2.2
915	-0.037692	0.000000	0.159965	0.002878	3.2
916	-0.039107	0.000000	0.159965	0.004070	2.8
917	-0.039393	0.000000	0.159965	0.003233	2.8
918	-0.038649	0.000000	0.159965	0.002299	2.4
919	-0.040448	0.000000	0.159965	0.002109	2.6
920	-0.038035	1.000000	0.155547	0.002410	2.7
921	-0.041019	0.200000	0.159054	0.003176	3.3
922	-0.039798	0.000000	0.159965	0.002749	3.6
923	-0.037447	0.000000	0.159965	0.001927	2.7
924	-0.034830	0.000000	0.159965	0.002882	3.2
925	-0.040050	0.000000	0.159965	0.001294	3.3
926	-0.037271	0.000000	0.159965	0.002691	3.6
927	-0.038955	0.000000	0.159965	0.001562	9.8
928	-0.036483	0.000000	0.159965	0.004071	7.1
929	-0.039414	0.000000	0.159965	0.003197	3.9
930	-0.041280	0.000000	0.159965	0.003627	2.8
931	-0.037988	0.000000	0.159965	0.002701	2.4
932	-0.036533	0.000000	0.159965	0.002821	2.3
933	-0.038715	1.000000	0.155547	0.003393	2.5
934	-0.037623	2.000000	0.151440	0.002560	2.8
935	-0.035178	1.200000	0.154702	0.003483	2.7
936	-0.037432	0.400000	0.158158	0.004056	2.7
937	-0.036739	0.000000	0.159965	0.003437	2.6
938	-0.037345	0.000000	0.159965	0.001575	3.1
939	-0.040856	1.000000	0.155547	0.004963	2.1
940	-0.040824	2.000000	0.151440	0.002452	2.3
941	-0.039948	1.200000	0.154702	0.001726	2.4
942	-0.042841	0.400000	0.158158	0.001590	2.7
943	-0.038291	0.000000	0.159965	0.000915	3.0
944	-0.038303	0.000000	0.159965	0.002359	2.4
945	-0.033736	1.000000	0.155547	0.001792	2.8
946	-0.039667	0.200000	0.159054	0.005503	2.3
947	-0.036457	0.000000	0.159965	0.003450	2.3
948	-0.037477	0.000000	0.159965	0.002959	2.1
949	-0.037792	0.000000	0.159965	0.001616	2.6
950	-0.037750	0.000000	0.159965	0.001796	3.5
951	-0.038076	0.000000	0.159965	0.002241	3.5
952	-0.038918	0.000000	0.159965	0.002623	2.3
953	-0.036406	0.999993	0.155547	0.002237	2.1
954	-0.035275	1.999993	0.151440	0.001923	2.2
955	-0.039465	1.199993	0.154702	0.003995	3.3
956	-0.035901	0.399993	0.158158	0.001925	3.1
957	-0.038117	0.000000	0.159965	0.003034	3.3
958	-0.035608	0.000000	0.159965	0.003123	3.1
959	-0.041799	0.000000	0.159965	0.005599	3.4
960	-0.036215	0.000000	0.159965	0.002237	2.8
961	-0.038312	0.000000	0.159965	0.003184	2.7
962	-0.037956	0.000000	0.159965	0.001865	4.5
963	-0.037046	0.000000	0.159965	0.002330	3.9
964	-0.039338	0.000000	0.159965	0.002619	2.8
965	-0.037667	0.000000	0.159965	0.001832	3.8
966	-0.038337	0.000000	0.159965	0.002790	2.6
967	-0.038623	0.000000	0.159965	0.001236	2.7
968	-0.035106	0.000000	0.159965	0.001124	2.5
969	-0.038221	0.000000	0.159965	0.004571	2.7
970	-0.038834	0.000000	0.159965	0.003716	2.9
971	-0.035801	0.000000	0.159965	0.001479	2.8
972	-0.038398	0.000000	0.159965	0.003459	1.9
973	-0.039312	0.000000	0.159965	0.002293	1.9
974	-0.039380	0.000000	0.159965	0.004300	1.8
975	-0.037870	0.000000	0.159965	0.003513	2.0
976	-0.041860	0.000000	0.159965	0.005949	1.8
977	-0.040534	0.000000	0.159965	0.002786	1.8
978	-0.040055	0.000000	0.159965	0.003648	2.0
979	-0.041292	0.000000	0.159965	0.002000	1.8
980	-0.041137	0.000000	0.159965	0.006021	1.8
981	-0.040081	0.000000	0.159965	0.002565	1.9
982	-0.038306	0.000000	0.159965	0.001429	2.0
983	-0.038724	0.000000	0.159965	0.001496	1.9
984	-0.038563	0.000000	0.159965	0.003466	1.9
985	-0.040884	0.000000	0.159965	0.007284	2.0
986	-0.038191	0.000000	0.159965	0.004498	2.5
987	-0.039624	0.000000	0.159965	0.003149	3.2
988	-0.036652	0.000000	0.159965	0.004148	2.3
989	-0.037744	0.000000	0.159965	0.002820	2.2
990	-0.042584	0.000000	0.159965	0.003475	3.0
991	-0.037942	0.000000	0.159965	0.002688	2.8
992	-0.036532	0.000000	0.159965	0.001900	2.6
993	-0.038489	0.000000	0.159965	0.004474	3.3
994	-0.038011	0.000000	0.159965	0.004286	2.7
995	-0.038325	0.000000	0.159965	0.002422	2.5
996	-0.039842	0.000000	0.159965	0.003375	2.3
997	-0.037298	0.000000	0.159965	0.002467	2.6
998	-0.036882	0.000000	0.159965	0.001563	2.6
999	-0.039866	0.000000	0.159965	0.002101	2.4
