1:ItNr	2:Metric	3a:Time	3b:StepSize	4:||Gradient||	Time[ms]
0	-1.007586	0.000000	0.159965	0.000379	22.9
1	-1.007554	0.000000	0.159965	0.000475	21.4
2	-1.007670	0.000000	0.159965	0.000590	21.7
3	-1.007546	0.000000	0.159965	0.000438	22.1
4	-1.007892	0.000000	0.159965	0.000488	22.2
5	-1.007530	0.000000	0.159965	0.000427	21.9
6	-1.007895	0.000000	0.159965	0.000621	24.4
7	-1.007822	0.000000	0.159965	0.000493	22.1
8	-1.007136	0.000000	0.159965	0.000543	21.7
9	-1.007401	0.000000	0.159965	0.000533	22.0
10	-1.007426	0.000000	0.159965	0.000456	22.0
11	-1.007699	0.000000	0.159965	0.000624	22.1
12	-1.007809	0.000000	0.159965	0.000445	22.1
13	-1.007538	0.000000	0.159965	0.000436	21.9
14	-1.007481	0.000000	0.159965	0.000621	22.2
15	-1.007844	0.000000	0.159965	0.000552	22.2
16	-1.007370	0.000000	0.159965	0.000485	21.9
17	-1.007782	0.000000	0.159965	0.000499	21.2
18	-1.007592	0.000000	0.159965	0.000583	21.3
19	-1.007341	0.000000	0.159965	0.000669	21.4
20	-1.007727	0.000000	0.159965	0.000438	21.6
21	-1.007989	0.000000	0.159965	0.000419	21.3
22	-1.007718	0.000000	0.159965	0.000561	21.4
23	-1.008442	0.000000	0.159965	0.000588	21.3
24	-1.007933	0.000000	0.159965	0.000530	21.5
25	-1.007750	0.000000	0.159965	0.000645	21.4
26	-1.007596	0.000000	0.159965	0.000387	21.4
27	-1.007388	0.000000	0.159965	0.000526	21.3
28	-1.007649	0.000000	0.159965	0.000436	21.3
29	-1.007994	0.000000	0.159965	0.000705	21.4
30	-1.008134	0.000000	0.159965	0.000606	21.5
31	-1.007901	0.000000	0.159965	0.000440	21.4
32	-1.007756	0.000000	0.159965	0.000513	21.4
33	-1.007722	0.000000	0.159965	0.000432	21.3
34	-1.007638	0.000000	0.159965	0.000470	21.5
35	-1.008030	0.000000	0.159965	0.000500	21.4
36	-1.007576	0.000000	0.159965	0.000503	21.3
37	-1.007225	0.000000	0.159965	0.000469	21.4
38	-1.007671	0.000000	0.159965	0.000533	21.9
39	-1.007892	0.000000	0.159965	0.000591	21.4
40	-1.007537	0.000000	0.159965	0.000526	21.3
41	-1.007826	0.000000	0.159965	0.000430	21.4
42	-1.008165	0.000000	0.159965	0.000637	21.3
43	-1.007712	0.000000	0.159965	0.000459	21.4
44	-1.007668	0.000000	0.159965	0.000639	21.5
45	-1.007352	0.000000	0.159965	0.000490	21.6
46	-1.007960	0.000000	0.159965	0.000426	21.4
47	-1.007683	0.000000	0.159965	0.000537	21.3
48	-1.007229	0.000000	0.159965	0.000588	21.4
49	-1.008028	0.000000	0.159965	0.000455	21.3
50	-1.007730	0.000000	0.159965	0.000527	21.5
51	-1.007853	0.000000	0.159965	0.000613	21.7
52	-1.007335	0.000000	0.159965	0.000552	21.5
53	-1.007327	0.000000	0.159965	0.000324	21.3
54	-1.007752	0.000000	0.159965	0.000596	21.3
55	-1.007622	0.000000	0.159965	0.000370	21.5
56	-1.007483	0.000000	0.159965	0.000583	21.4
57	-1.007816	0.000000	0.159965	0.000479	21.7
58	-1.007785	0.000000	0.159965	0.000476	21.8
59	-1.007570	0.000000	0.159965	0.000484	21.8
60	-1.007893	0.000000	0.159965	0.000494	21.8
61	-1.007939	0.000000	0.159965	0.000595	21.8
62	-1.007751	0.000000	0.159965	0.000561	21.8
63	-1.007895	0.000000	0.159965	0.000569	21.7
64	-1.008002	0.000000	0.159965	0.000686	21.4
65	-1.007690	0.000000	0.159965	0.000551	21.3
66	-1.008236	0.000000	0.159965	0.000510	21.8
67	-1.007811	0.000000	0.159965	0.000735	21.8
68	-1.007554	0.000000	0.159965	0.000469	21.9
69	-1.007929	0.000000	0.159965	0.000466	21.8
70	-1.007827	0.000000	0.159965	0.000713	21.6
71	-1.008336	0.000000	0.159965	0.000554	21.5
72	-1.007801	0.000000	0.159965	0.000522	21.3
73	-1.007425	0.000000	0.159965	0.000395	21.5
74	-1.007950	0.000000	0.159965	0.000534	21.3
75	-1.007517	0.000000	0.159965	0.000607	21.3
76	-1.007866	0.000000	0.159965	0.000503	21.8
77	-1.007602	0.000000	0.159965	0.000466	21.3
78	-1.007608	0.000000	0.159965	0.000577	21.4
79	-1.007893	0.000000	0.159965	0.000553	21.5
80	-1.007327	0.000000	0.159965	0.000399	21.3
81	-1.007745	0.000000	0.159965	0.000568	21.3
82	-1.007478	0.000000	0.159965	0.000459	21.3
83	-1.008076	0.000000	0.159965	0.000343	21.4
84	-1.007929	0.000000	0.159965	0.000593	21.4
85	-1.008021	0.000000	0.159965	0.000502	21.5
86	-1.007669	0.000000	0.159965	0.000505	21.4
87	-1.007408	0.000000	0.159965	0.000532	21.3
88	-1.007514	0.000000	0.159965	0.000708	21.4
89	-1.007784	0.000000	0.159965	0.000483	21.4
90	-1.008110	0.000000	0.159965	0.000559	21.4
91	-1.007507	0.000000	0.159965	0.000535	21.6
92	-1.007867	0.000000	0.159965	0.000617	21.5
93	-1.008284	0.000000	0.159965	0.000567	21.3
94	-1.007861	0.000000	0.159965	0.000526	21.5
95	-1.007678	0.000000	0.159965	0.000568	21.4
96	-1.007682	0.000000	0.159965	0.000481	21.3
97	-1.007971	0.000000	0.159965	0.000666	22.2
98	-1.007779	0.000000	0.159965	0.000528	21.8
99	-1.007934	0.000000	0.159965	0.000519	21.8
100	-1.007829	0.000000	0.159965	0.000708	22.0
101	-1.007693	0.000000	0.159965	0.000555	21.4
102	-1.007384	0.000000	0.159965	0.000405	21.4
103	-1.008024	0.000000	0.159965	0.000493	21.7
104	-1.007890	0.000000	0.159965	0.000435	21.3
105	-1.008163	0.000000	0.159965	0.000472	21.3
106	-1.007578	0.000000	0.159965	0.000433	21.2
107	-1.007655	0.000000	0.159965	0.000422	21.3
108	-1.007587	0.000000	0.159965	0.000552	21.3
109	-1.007698	0.000000	0.159965	0.000432	21.4
110	-1.007957	0.000000	0.159965	0.000548	21.2
111	-1.007801	0.000000	0.159965	0.000484	21.4
112	-1.007714	0.000000	0.159965	0.000675	21.4
113	-1.007347	0.000000	0.159965	0.000481	21.3
114	-1.007769	0.000000	0.159965	0.000633	21.3
115	-1.007648	0.000000	0.159965	0.000511	21.3
116	-1.007712	0.000000	0.159965	0.000591	21.2
117	-1.007777	0.000000	0.159965	0.000442	21.3
118	-1.007597	0.000000	0.159965	0.000467	21.3
119	-1.007623	0.000000	0.159965	0.000437	21.5
120	-1.007457	0.000000	0.159965	0.000513	21.3
121	-1.007320	0.000000	0.159965	0.000411	21.3
122	-1.007744	0.000000	0.159965	0.000564	21.4
123	-1.007489	0.000000	0.159965	0.000535	21.4
124	-1.008021	0.000000	0.159965	0.000502	21.3
125	-1.007445	0.000000	0.159965	0.000373	21.3
126	-1.007817	0.000000	0.159965	0.000544	21.7
127	-1.008158	0.000000	0.159965	0.000527	21.3
128	-1.007740	0.000000	0.159965	0.000423	21.2
129	-1.008306	0.000000	0.159965	0.000451	21.3
130	-1.007714	0.000000	0.159965	0.000504	21.4
131	-1.007640	0.000000	0.159965	0.000595	21.3
132	-1.007699	0.000000	0.159965	0.000456	21.3
133	-1.007006	0.000000	0.159965	0.000437	21.3
134	-1.007640	0.000000	0.159965	0.000481	21.3
135	-1.007411	0.000000	0.159965	0.000380	21.3
136	-1.007944	0.000000	0.159965	0.000517	21.2
137	-1.007947	0.000000	0.159965	0.000481	21.3
138	-1.007640	0.000000	0.159965	0.000349	21.2
139	-1.008113	0.000000	0.159965	0.000606	21.3
140	-1.008069	0.000000	0.159965	0.000511	21.3
141	-1.007969	0.000000	0.159965	0.000445	21.3
142	-1.007607	0.000000	0.159965	0.000426	21.2
143	-1.007569	0.000000	0.159965	0.000444	21.3
144	-1.007659	0.000000	0.159965	0.000437	22.1
145	-1.007478	0.000000	0.159965	0.000425	21.8
146	-1.007675	0.000000	0.159965	0.000601	21.3
147	-1.007876	0.000000	0.159965	0.000404	21.2
148	-1.007871	0.000000	0.159965	0.000466	21.5
149	-1.008033	0.000000	0.159965	0.000473	21.4
150	-1.007537	0.000000	0.159965	0.000505	21.3
151	-1.007277	0.000000	0.159965	0.000419	21.4
152	-1.007716	0.000000	0.159965	0.000496	21.3
153	-1.008122	0.000000	0.159965	0.000487	21.3
154	-1.007154	0.000000	0.159965	0.000528	21.5
155	-1.007585	0.000000	0.159965	0.000524	21.3
156	-1.007603	0.000000	0.159965	0.000505	21.4
157	-1.007783	0.000000	0.159965	0.000549	21.5
158	-1.008149	0.000000	0.159965	0.000735	21.8
159	-1.007746	0.000000	0.159965	0.000463	21.9
160	-1.007909	0.000000	0.159965	0.000628	21.3
161	-1.007863	0.000000	0.159965	0.000529	21.2
162	-1.007902	0.000000	0.159965	0.000511	21.3
163	-1.007881	0.000000	0.159965	0.000651	21.4
164	-1.007596	0.000000	0.159965	0.000501	21.3
165	-1.007736	0.000000	0.159965	0.000420	21.3
166	-1.007831	0.000000	0.159965	0.000531	21.3
167	-1.007605	0.000000	0.159965	0.000618	21.3
168	-1.007719	0.000000	0.159965	0.000580	21.7
169	-1.007834	0.000000	0.159965	0.000516	21.6
170	-1.007952	0.000000	0.159965	0.000580	21.4
171	-1.007954	0.000000	0.159965	0.000625	21.3
172	-1.007750	0.000000	0.159965	0.000552	21.4
173	-1.008037	0.000000	0.159965	0.000620	21.3
174	-1.007483	0.000000	0.159965	0.000463	21.3
175	-1.007926	0.000000	0.159965	0.000551	21.3
176	-1.008407	0.000000	0.159965	0.000541	21.3
177	-1.007783	0.000000	0.159965	0.000540	21.3
178	-1.008140	0.000000	0.159965	0.000591	21.3
179	-1.007747	0.000000	0.159965	0.000534	21.3
180	-1.007793	0.000000	0.159965	0.000526	21.2
181	-1.007435	0.000000	0.159965	0.000633	21.3
182	-1.008053	0.000000	0.159965	0.000571	21.3
183	-1.007426	0.000000	0.159965	0.000410	21.4
184	-1.007860	0.000000	0.159965	0.000551	21.3
185	-1.007435	0.000000	0.159965	0.000598	21.3
186	-1.007787	0.000000	0.159965	0.000584	22.4
187	-1.007732	0.000000	0.159965	0.000542	21.3
188	-1.007497	0.000000	0.159965	0.000572	21.6
189	-1.007370	0.000000	0.159965	0.000418	21.3
190	-1.007812	0.000000	0.159965	0.000595	21.4
191	-1.007834	0.000000	0.159965	0.000550	21.4
192	-1.007440	0.000000	0.159965	0.000699	21.2
193	-1.007629	0.000000	0.159965	0.000519	21.3
194	-1.007671	0.000000	0.159965	0.000600	21.3
195	-1.007341	0.000000	0.159965	0.000621	21.3
196	-1.007708	0.000000	0.159965	0.000493	21.3
197	-1.007549	0.000000	0.159965	0.000350	21.3
198	-1.007474	0.000000	0.159965	0.000482	21.3
199	-1.008040	0.000000	0.159965	0.000454	21.3
200	-1.007603	0.000000	0.159965	0.000577	21.3
201	-1.007490	0.000000	0.159965	0.000647	21.3
202	-1.007709	0.000000	0.159965	0.000585	21.3
203	-1.007517	0.000000	0.159965	0.000536	21.7
204	-1.008173	0.000000	0.159965	0.000553	21.3
205	-1.007942	0.000000	0.159965	0.000589	21.3
206	-1.008090	0.000000	0.159965	0.000549	21.3
207	-1.007295	0.000000	0.159965	0.000511	21.3
208	-1.007602	0.000000	0.159965	0.000529	21.3
209	-1.007713	0.000000	0.159965	0.000626	21.3
210	-1.007577	0.000000	0.159965	0.000851	21.3
211	-1.007663	0.000000	0.159965	0.000499	21.4
212	-1.007753	0.000000	0.159965	0.000694	21.3
213	-1.007625	0.000000	0.159965	0.000445	21.3
214	-1.007334	0.000000	0.159965	0.000508	21.2
215	-1.007742	0.000000	0.159965	0.000427	21.3
216	-1.007725	0.000000	0.159965	0.000528	21.3
217	-1.008129	0.000000	0.159965	0.000546	21.3
218	-1.007690	0.000000	0.159965	0.000429	21.2
219	-1.007697	0.000000	0.159965	0.000584	21.3
220	-1.007690	0.000000	0.159965	0.000551	21.5
221	-1.007924	0.000000	0.159965	0.000548	21.8
222	-1.007265	0.000000	0.159965	0.000564	21.8
223	-1.007959	0.000000	0.159965	0.000550	21.7
224	-1.007526	0.000000	0.159965	0.000445	21.2
225	-1.007685	0.000000	0.159965	0.000404	21.4
226	-1.007777	0.000000	0.159965	0.000524	21.8
227	-1.007414	0.000000	0.159965	0.000433	21.8
228	-1.007923	0.000000	0.159965	0.000559	21.8
229	-1.007707	0.000000	0.159965	0.000495	21.5
230	-1.007857	0.000000	0.159965	0.000558	21.4
231	-1.007768	0.000000	0.159965	0.000510	21.4
232	-1.007673	0.000000	0.159965	0.000494	21.3
233	-1.007542	0.000000	0.159965	0.000605	21.2
234	-1.008306	0.000000	0.159965	0.000655	21.5
235	-1.007611	0.000000	0.159965	0.000433	21.4
236	-1.008099	0.000000	0.159965	0.000774	21.3
237	-1.007593	0.000000	0.159965	0.000550	21.8
238	-1.008247	0.000000	0.159965	0.000615	21.4
239	-1.007865	0.000000	0.159965	0.000487	21.2
240	-1.007586	0.000000	0.159965	0.000555	21.3
241	-1.007773	0.000000	0.159965	0.000531	21.2
242	-1.007421	0.000000	0.159965	0.000516	21.3
243	-1.007555	0.000000	0.159965	0.000626	21.3
244	-1.007784	0.000000	0.159965	0.000528	21.3
245	-1.007648	0.000000	0.159965	0.000459	21.3
246	-1.007899	0.000000	0.159965	0.000668	21.2
247	-1.007859	0.000000	0.159965	0.000528	21.3
248	-1.007582	0.000000	0.159965	0.000462	21.3
249	-1.007718	0.000000	0.159965	0.000466	21.9
250	-1.007601	0.000000	0.159965	0.000458	21.7
251	-1.008041	0.000000	0.159965	0.000450	21.6
252	-1.007920	0.000000	0.159965	0.000508	21.4
253	-1.007578	0.000000	0.159965	0.000510	21.3
254	-1.007724	0.000000	0.159965	0.000445	21.3
255	-1.007709	0.000000	0.159965	0.000520	21.6
256	-1.007477	0.000000	0.159965	0.000562	21.8
257	-1.007933	0.000000	0.159965	0.000433	21.7
258	-1.007858	0.000000	0.159965	0.000559	21.8
259	-1.007738	0.000000	0.159965	0.000621	21.7
260	-1.007475	0.000000	0.159965	0.000490	21.8
261	-1.007836	0.000000	0.159965	0.000671	21.7
262	-1.007518	0.000000	0.159965	0.000592	21.4
263	-1.007875	0.000000	0.159965	0.000537	21.5
264	-1.007796	0.000000	0.159965	0.000495	21.9
265	-1.007972	0.000000	0.159965	0.000458	21.2
266	-1.007305	0.000000	0.159965	0.000417	21.3
267	-1.007140	0.000000	0.159965	0.000673	21.3
268	-1.007263	0.000000	0.159965	0.000513	21.3
269	-1.008192	0.000000	0.159965	0.000533	21.3
270	-1.007626	0.000000	0.159965	0.000476	21.3
271	-1.007516	0.000000	0.159965	0.000631	21.2
272	-1.007568	0.000000	0.159965	0.000499	21.3
273	-1.007525	0.000000	0.159965	0.000388	21.3
274	-1.007944	0.000000	0.159965	0.000426	21.4
275	-1.007515	0.000000	0.159965	0.000487	21.3
276	-1.007695	0.000000	0.159965	0.000443	21.3
277	-1.007880	0.000000	0.159965	0.000524	21.2
278	-1.008136	0.000000	0.159965	0.000423	21.2
279	-1.007695	0.000000	0.159965	0.000477	21.3
280	-1.007916	0.000000	0.159965	0.000482	21.3
281	-1.007550	0.000000	0.159965	0.000468	21.4
282	-1.007796	0.000000	0.159965	0.000513	21.5
283	-1.007604	0.000000	0.159965	0.000641	21.3
284	-1.008143	0.000000	0.159965	0.000580	21.6
285	-1.007571	0.000000	0.159965	0.000340	21.4
286	-1.007773	0.000000	0.159965	0.000416	21.4
287	-1.007563	0.000000	0.159965	0.000529	21.3
288	-1.007692	0.000000	0.159965	0.000536	21.4
289	-1.007573	0.000000	0.159965	0.000427	21.3
290	-1.007845	0.000000	0.159965	0.000524	21.5
291	-1.007230	0.000000	0.159965	0.000604	21.3
292	-1.007478	0.000000	0.159965	0.000535	21.3
293	-1.007911	0.000000	0.159965	0.000457	21.4
294	-1.007605	0.000000	0.159965	0.000597	21.3
295	-1.007992	0.000000	0.159965	0.000558	21.3
296	-1.007839	0.000000	0.159965	0.000458	21.5
297	-1.007493	0.000000	0.159965	0.000564	21.4
298	-1.007878	0.000000	0.159965	0.000599	21.3
299	-1.007970	0.000000	0.159965	0.000414	21.3
300	-1.007770	0.000000	0.159965	0.000520	21.4
301	-1.007877	0.000000	0.159965	0.000584	21.2
302	-1.007549	0.000000	0.159965	0.000559	21.3
303	-1.007556	0.000000	0.159965	0.000608	21.3
304	-1.007298	0.000000	0.159965	0.000480	21.3
305	-1.007763	0.000000	0.159965	0.000541	21.5
306	-1.007853	0.000000	0.159965	0.000738	21.4
307	-1.007720	0.000000	0.159965	0.000549	21.3
308	-1.007983	0.000000	0.159965	0.000398	21.3
309	-1.007890	0.000000	0.159965	0.000509	21.4
310	-1.007413	0.000000	0.159965	0.000452	21.5
311	-1.007845	0.000000	0.159965	0.000397	21.4
312	-1.007632	0.000000	0.159965	0.000573	21.3
313	-1.007704	0.000000	0.159965	0.000392	21.3
314	-1.007664	0.000000	0.159965	0.000491	21.2
315	-1.007909	0.000000	0.159965	0.000699	21.3
316	-1.007684	0.000000	0.159965	0.000590	21.3
317	-1.007976	0.000000	0.159965	0.000569	21.4
318	-1.008183	0.000000	0.159965	0.000325	21.4
319	-1.008082	0.000000	0.159965	0.000366	21.3
320	-1.007318	0.000000	0.159965	0.000553	21.3
321	-1.007865	0.000000	0.159965	0.000396	21.3
322	-1.007458	0.000000	0.159965	0.000425	21.3
323	-1.007611	0.000000	0.159965	0.000532	21.3
324	-1.007691	0.000000	0.159965	0.000400	21.2
325	-1.007534	0.000000	0.159965	0.000394	21.3
326	-1.007712	0.000000	0.159965	0.000620	21.3
327	-1.007915	0.000000	0.159965	0.000533	21.2
328	-1.007825	0.000000	0.159965	0.000499	21.6
329	-1.007956	0.000000	0.159965	0.000545	21.3
330	-1.007728	0.000000	0.159965	0.000481	21.8
331	-1.007446	0.000000	0.159965	0.000564	22.0
332	-1.008128	0.000000	0.159965	0.000499	21.9
333	-1.007626	0.000000	0.159965	0.000413	21.8
334	-1.007820	0.000000	0.159965	0.000509	21.8
335	-1.008014	0.000000	0.159965	0.000483	21.8
336	-1.007920	0.000000	0.159965	0.000565	21.9
337	-1.007860	0.000000	0.159965	0.000600	21.5
338	-1.007679	0.000000	0.159965	0.000559	21.4
339	-1.007694	0.000000	0.159965	0.000620	21.3
340	-1.007974	0.000000	0.159965	0.000603	21.2
341	-1.007849	0.000000	0.159965	0.000627	21.2
342	-1.007597	0.000000	0.159965	0.000497	21.2
343	-1.007636	0.000000	0.159965	0.000500	21.4
344	-1.007108	0.000000	0.159965	0.000386	21.3
345	-1.007582	0.000000	0.159965	0.000436	21.3
346	-1.007830	0.000000	0.159965	0.000561	21.3
347	-1.007837	0.000000	0.159965	0.000540	21.2
348	-1.007764	0.000000	0.159965	0.000513	21.2
349	-1.007856	0.000000	0.159965	0.000444	21.3
350	-1.007767	0.000000	0.159965	0.000506	21.4
351	-1.007548	0.000000	0.159965	0.000524	21.3
352	-1.007679	0.000000	0.159965	0.000457	21.3
353	-1.007689	0.000000	0.159965	0.000496	21.3
354	-1.007891	0.000000	0.159965	0.000565	21.3
355	-1.007988	0.000000	0.159965	0.000581	21.5
356	-1.007792	0.000000	0.159965	0.000481	21.4
357	-1.007551	0.000000	0.159965	0.000588	21.4
358	-1.007948	0.000000	0.159965	0.000866	21.2
359	-1.007986	0.000000	0.159965	0.000639	21.4
360	-1.007627	0.000000	0.159965	0.000462	21.4
361	-1.008014	0.000000	0.159965	0.000470	21.3
362	-1.007701	0.000000	0.159965	0.000498	21.3
363	-1.007612	0.000000	0.159965	0.000521	21.5
364	-1.007714	0.000000	0.159965	0.000477	21.3
365	-1.007540	0.000000	0.159965	0.000472	21.3
366	-1.007933	0.000000	0.159965	0.000599	21.3
367	-1.007678	0.000000	0.159965	0.000578	21.3
368	-1.008039	0.000000	0.159965	0.000573	21.2
369	-1.007672	0.000000	0.159965	0.000416	21.3
370	-1.007561	0.000000	0.159965	0.000554	21.3
371	-1.007703	0.000000	0.159965	0.000376	21.3
372	-1.007577	0.000000	0.159965	0.000345	21.4
373	-1.007362	0.000000	0.159965	0.000473	21.4
374	-1.007559	0.000000	0.159965	0.000426	21.5
375	-1.008132	0.000000	0.159965	0.000685	21.5
376	-1.007501	0.000000	0.159965	0.000585	21.2
377	-1.007729	0.000000	0.159965	0.000489	21.5
378	-1.007802	0.000000	0.159965	0.000492	21.4
379	-1.007467	0.000000	0.159965	0.000541	21.3
380	-1.007500	0.000000	0.159965	0.000425	21.2
381	-1.007137	0.000000	0.159965	0.000427	21.3
382	-1.007428	0.000000	0.159965	0.000566	21.4
383	-1.007541	0.000000	0.159965	0.000464	21.3
384	-1.007778	0.000000	0.159965	0.000399	21.5
385	-1.007583	0.000000	0.159965	0.000585	21.5
386	-1.007761	0.000000	0.159965	0.000616	21.3
387	-1.008029	0.000000	0.159965	0.000667	21.3
388	-1.007678	0.000000	0.159965	0.000396	21.5
389	-1.008278	0.000000	0.159965	0.000512	21.2
390	-1.007617	0.000000	0.159965	0.000497	21.3
391	-1.007271	0.000000	0.159965	0.000382	21.5
392	-1.008045	0.000000	0.159965	0.000508	21.3
393	-1.007566	0.000000	0.159965	0.000532	21.3
394	-1.007567	0.000000	0.159965	0.000567	21.3
395	-1.007930	0.000000	0.159965	0.000508	21.3
396	-1.007979	0.000000	0.159965	0.000482	21.2
397	-1.007470	0.000000	0.159965	0.000543	21.4
398	-1.007952	0.000000	0.159965	0.000537	21.4
399	-1.007761	0.000000	0.159965	0.000521	21.3
400	-1.007662	0.000000	0.159965	0.000562	21.3
401	-1.007641	0.000000	0.159965	0.000653	21.3
402	-1.007842	0.000000	0.159965	0.000516	21.4
403	-1.007298	0.000000	0.159965	0.000448	21.5
404	-1.007553	0.000000	0.159965	0.000739	21.3
405	-1.007381	0.000000	0.159965	0.000590	21.3
406	-1.007602	0.000000	0.159965	0.000495	21.2
407	-1.007781	0.000000	0.159965	0.000469	21.3
408	-1.007886	0.000000	0.159965	0.000583	21.2
409	-1.007777	0.000000	0.159965	0.000604	21.4
410	-1.007388	0.000000	0.159965	0.000525	21.3
411	-1.007844	0.000000	0.159965	0.000506	21.3
412	-1.008023	0.000000	0.159965	0.000503	21.4
413	-1.007718	0.000000	0.159965	0.000374	21.3
414	-1.007604	0.000000	0.159965	0.000693	21.2
415	-1.007622	0.000000	0.159965	0.000638	21.3
416	-1.007861	0.000000	0.159965	0.000546	21.4
417	-1.007819	0.000000	0.159965	0.000631	21.2
418	-1.007950	0.000000	0.159965	0.000517	21.2
419	-1.007642	0.000000	0.159965	0.000600	21.3
420	-1.008232	0.000000	0.159965	0.000413	21.3
421	-1.007503	0.000000	0.159965	0.000518	21.4
422	-1.007802	0.000000	0.159965	0.000383	21.3
423	-1.008142	0.000000	0.159965	0.000734	21.2
424	-1.007696	0.000000	0.159965	0.000476	21.7
425	-1.007987	0.000000	0.159965	0.000516	21.3
426	-1.007813	0.000000	0.159965	0.000658	21.4
427	-1.007873	0.000000	0.159965	0.000529	21.4
428	-1.007867	0.000000	0.159965	0.000666	21.4
429	-1.007500	0.000000	0.159965	0.000526	21.3
430	-1.008026	0.000000	0.159965	0.000535	21.3
431	-1.007944	0.000000	0.159965	0.000405	21.3
432	-1.008103	0.000000	0.159965	0.000749	21.2
433	-1.007758	0.000000	0.159965	0.000483	21.3
434	-1.007912	0.000000	0.159965	0.000497	21.4
435	-1.007712	0.000000	0.159965	0.000511	21.2
436	-1.007519	0.000000	0.159965	0.000437	21.5
437	-1.007863	0.000000	0.159965	0.000590	21.3
438	-1.007671	0.000000	0.159965	0.000444	21.3
439	-1.007697	0.000000	0.159965	0.000592	21.2
440	-1.007947	0.000000	0.159965	0.000596	21.3
441	-1.007737	0.000000	0.159965	0.000587	21.2
442	-1.007542	0.000000	0.159965	0.000576	21.2
443	-1.007189	0.000000	0.159965	0.000435	21.4
444	-1.008166	0.000000	0.159965	0.000630	21.3
445	-1.007912	0.000000	0.159965	0.000477	21.3
446	-1.006920	0.000000	0.159965	0.000337	21.3
447	-1.007911	0.000000	0.159965	0.000613	21.3
448	-1.007326	0.000000	0.159965	0.000411	21.3
449	-1.008332	0.000000	0.159965	0.000688	21.3
450	-1.007761	0.000000	0.159965	0.000600	21.5
451	-1.007830	0.000000	0.159965	0.000526	21.3
452	-1.007313	0.000000	0.159965	0.000458	21.3
453	-1.007214	0.000000	0.159965	0.000448	21.3
454	-1.007784	0.000000	0.159965	0.000759	21.3
455	-1.007273	0.000000	0.159965	0.000499	21.3
456	-1.007969	0.000000	0.159965	0.000470	21.2
457	-1.007721	0.000000	0.159965	0.000443	21.2
458	-1.007315	0.000000	0.159965	0.000483	21.3
459	-1.008253	0.000000	0.159965	0.000458	21.4
460	-1.008038	0.000000	0.159965	0.000694	21.2
461	-1.008042	0.000000	0.159965	0.000543	21.3
462	-1.007947	0.000000	0.159965	0.000491	21.3
463	-1.007923	0.000000	0.159965	0.000534	21.3
464	-1.007960	0.000000	0.159965	0.000463	21.3
465	-1.007755	0.000000	0.159965	0.000604	21.4
466	-1.007509	0.000000	0.159965	0.000421	21.3
467	-1.007718	0.000000	0.159965	0.000641	21.4
468	-1.007556	0.000000	0.159965	0.000472	21.3
469	-1.007719	0.000000	0.159965	0.000436	21.2
470	-1.007472	0.000000	0.159965	0.000668	21.5
471	-1.007495	0.000000	0.159965	0.000535	21.5
472	-1.007699	0.000000	0.159965	0.000572	21.4
473	-1.007602	0.000000	0.159965	0.000503	21.7
474	-1.007361	0.000000	0.159965	0.000412	21.8
475	-1.007629	0.000000	0.159965	0.000428	22.3
476	-1.007291	0.000000	0.159965	0.000416	21.8
477	-1.007675	0.000000	0.159965	0.000448	21.8
478	-1.007408	0.000000	0.159965	0.000533	21.7
479	-1.007808	0.000000	0.159965	0.000501	21.7
480	-1.007921	0.000000	0.159965	0.000596	21.3
481	-1.007825	0.000000	0.159965	0.000408	21.5
482	-1.007783	0.000000	0.159965	0.000506	21.3
483	-1.008007	0.000000	0.159965	0.000548	21.5
484	-1.007614	0.000000	0.159965	0.000445	21.5
485	-1.007686	0.000000	0.159965	0.000510	21.5
486	-1.007440	0.000000	0.159965	0.000475	21.7
487	-1.008062	0.000000	0.159965	0.000629	21.3
488	-1.007500	0.000000	0.159965	0.000395	21.4
489	-1.008107	0.000000	0.159965	0.000606	21.3
490	-1.007915	0.000000	0.159965	0.000508	21.3
491	-1.007836	0.000000	0.159965	0.000570	21.3
492	-1.007858	0.000000	0.159965	0.000525	21.5
493	-1.007813	0.000000	0.159965	0.000480	21.3
494	-1.007675	0.000000	0.159965	0.000655	21.4
495	-1.007918	0.000000	0.159965	0.000547	21.3
496	-1.007487	0.000000	0.159965	0.000291	21.4
497	-1.007957	0.000000	0.159965	0.000515	21.5
498	-1.007300	0.000000	0.159965	0.000344	21.4
499	-1.007613	0.000000	0.159965	0.000491	21.4
500	-1.007952	0.000000	0.159965	0.000559	21.3
501	-1.007865	0.000000	0.159965	0.000564	21.3
502	-1.007384	0.000000	0.159965	0.000598	21.3
503	-1.007448	0.000000	0.159965	0.000492	21.4
504	-1.007698	0.000000	0.159965	0.000655	21.4
505	-1.007616	0.000000	0.159965	0.000468	21.3
506	-1.007639	0.000000	0.159965	0.000555	21.3
507	-1.008372	0.000000	0.159965	0.000501	21.3
508	-1.007390	0.000000	0.159965	0.000425	21.3
509	-1.007755	0.000000	0.159965	0.000572	21.3
510	-1.007992	0.000000	0.159965	0.000465	21.2
511	-1.007798	0.000000	0.159965	0.000502	21.3
512	-1.007734	0.000000	0.159965	0.000489	21.3
513	-1.007880	0.000000	0.159965	0.000693	21.2
514	-1.008009	0.000000	0.159965	0.000509	21.2
515	-1.007788	0.000000	0.159965	0.000500	21.5
516	-1.007434	0.000000	0.159965	0.000482	21.3
517	-1.007738	0.000000	0.159965	0.000698	21.5
518	-1.007737	0.000000	0.159965	0.000519	21.3
519	-1.007525	0.000000	0.159965	0.000399	21.4
520	-1.007943	0.000000	0.159965	0.000441	21.3
521	-1.007535	0.000000	0.159965	0.000510	21.3
522	-1.007438	0.000000	0.159965	0.000521	21.3
523	-1.007698	0.000000	0.159965	0.000542	21.3
524	-1.007763	0.000000	0.159965	0.000523	21.4
525	-1.007994	0.000000	0.159965	0.000460	21.4
526	-1.007649	0.000000	0.159965	0.000531	21.3
527	-1.007364	0.000000	0.159965	0.000729	21.3
528	-1.008014	0.000000	0.159965	0.000404	21.3
529	-1.008255	0.000000	0.159965	0.000429	21.3
530	-1.007316	0.000000	0.159965	0.000528	21.5
531	-1.007671	0.000000	0.159965	0.000675	21.2
532	-1.008026	0.000000	0.159965	0.000440	21.3
533	-1.007852	0.000000	0.159965	0.000381	21.3
534	-1.007507	0.000000	0.159965	0.000381	21.3
535	-1.007393	0.000000	0.159965	0.000487	21.3
536	-1.007436	0.000000	0.159965	0.000605	21.4
537	-1.007802	0.000000	0.159965	0.000568	21.4
538	-1.007393	0.000000	0.159965	0.000578	21.3
539	-1.007389	0.000000	0.159965	0.000421	21.2
540	-1.007598	0.000000	0.159965	0.000554	21.3
541	-1.007345	0.000000	0.159965	0.000473	21.3
542	-1.007393	0.000000	0.159965	0.000535	21.2
543	-1.008143	0.000000	0.159965	0.000389	21.3
544	-1.008114	0.000000	0.159965	0.000618	21.3
545	-1.007667	0.000000	0.159965	0.000480	21.4
546	-1.007664	0.000000	0.159965	0.000551	21.3
547	-1.007482	0.000000	0.159965	0.000521	21.3
548	-1.007739	0.000000	0.159965	0.000512	21.2
549	-1.007615	0.000000	0.159965	0.000523	21.8
550	-1.007364	0.000000	0.159965	0.000471	21.8
551	-1.007679	0.000000	0.159965	0.000470	21.7
552	-1.007697	0.000000	0.159965	0.000523	21.3
553	-1.007517	0.000000	0.159965	0.000413	21.3
554	-1.007701	0.000000	0.159965	0.000700	21.3
555	-1.007747	0.000000	0.159965	0.000393	21.3
556	-1.008132	0.000000	0.159965	0.000555	21.4
557	-1.008021	0.000000	0.159965	0.000438	21.3
558	-1.007661	0.000000	0.159965	0.000510	21.3
559	-1.008124	0.000000	0.159965	0.000587	21.4
560	-1.007667	0.000000	0.159965	0.000657	21.6
561	-1.007997	0.000000	0.159965	0.000674	21.3
562	-1.007627	0.000000	0.159965	0.000614	21.5
563	-1.007625	0.000000	0.159965	0.000598	21.3
564	-1.007970	0.000000	0.159965	0.000521	21.7
565	-1.007861	0.000000	0.159965	0.000760	21.3
566	-1.007954	0.000000	0.159965	0.000495	21.3
567	-1.007866	0.000000	0.159965	0.000422	21.3
568	-1.007922	0.000000	0.159965	0.000532	21.3
569	-1.007642	0.000000	0.159965	0.000525	21.4
570	-1.007483	0.000000	0.159965	0.000398	21.4
571	-1.007792	0.000000	0.159965	0.000468	21.4
572	-1.008057	0.000000	0.159965	0.000552	21.2
573	-1.007467	0.000000	0.159965	0.000767	21.3
574	-1.007644	0.000000	0.159965	0.000440	21.2
575	-1.007525	0.000000	0.159965	0.000683	21.3
576	-1.007732	0.000000	0.159965	0.000505	21.3
577	-1.007914	0.000000	0.159965	0.000408	21.3
578	-1.007634	0.000000	0.159965	0.000485	21.3
579	-1.007056	0.000000	0.159965	0.000344	21.4
580	-1.007803	0.000000	0.159965	0.000548	21.3
581	-1.007770	0.000000	0.159965	0.000611	21.2
582	-1.007523	0.000000	0.159965	0.000434	21.3
583	-1.007843	0.000000	0.159965	0.000495	21.3
584	-1.007762	0.000000	0.159965	0.000490	21.3
585	-1.007877	0.000000	0.159965	0.000514	21.4
586	-1.007732	0.000000	0.159965	0.000625	21.4
587	-1.007453	0.000000	0.159965	0.000490	21.3
588	-1.007905	0.000000	0.159965	0.000369	21.3
589	-1.007890	0.000000	0.159965	0.000373	21.3
590	-1.007465	0.000000	0.159965	0.000493	21.6
591	-1.008397	0.000000	0.159965	0.000546	21.3
592	-1.007684	0.000000	0.159965	0.000492	21.2
593	-1.007342	0.000000	0.159965	0.000400	21.3
594	-1.007548	0.000000	0.159965	0.000545	21.2
595	-1.007463	0.000000	0.159965	0.000655	21.3
596	-1.007601	0.000000	0.159965	0.000480	21.3
597	-1.007940	0.000000	0.159965	0.000463	21.2
598	-1.007599	0.000000	0.159965	0.000536	21.2
599	-1.007821	0.000000	0.159965	0.000578	21.3
600	-1.007846	0.000000	0.159965	0.000445	21.3
601	-1.007784	0.000000	0.159965	0.000557	21.3
602	-1.007891	0.000000	0.159965	0.000675	21.3
603	-1.007623	0.000000	0.159965	0.000510	21.3
604	-1.008016	0.000000	0.159965	0.000488	21.2
605	-1.007850	0.000000	0.159965	0.000375	21.3
606	-1.007599	0.000000	0.159965	0.000515	21.2
607	-1.007319	0.000000	0.159965	0.000419	21.3
608	-1.007576	0.000000	0.159965	0.000521	21.3
609	-1.007605	0.000000	0.159965	0.000543	21.3
610	-1.007799	0.000000	0.159965	0.000605	21.3
611	-1.007616	0.000000	0.159965	0.000527	21.6
612	-1.007786	0.000000	0.159965	0.000530	21.3
613	-1.007449	0.000000	0.159965	0.000494	21.3
614	-1.007934	0.000000	0.159965	0.000492	21.3
615	-1.007703	0.000000	0.159965	0.000530	21.4
616	-1.007752	0.000000	0.159965	0.000484	21.4
617	-1.007865	0.000000	0.159965	0.000589	21.5
618	-1.008038	0.000000	0.159965	0.000567	21.4
619	-1.007888	0.000000	0.159965	0.000524	21.2
620	-1.007891	0.000000	0.159965	0.000562	21.3
621	-1.007554	0.000000	0.159965	0.000477	21.3
622	-1.007811	0.000000	0.159965	0.000570	21.3
623	-1.007613	0.000000	0.159965	0.000495	21.3
624	-1.008217	0.000000	0.159965	0.000630	21.2
625	-1.007644	0.000000	0.159965	0.000482	21.4
626	-1.007835	0.000000	0.159965	0.000678	21.3
627	-1.007905	0.000000	0.159965	0.000563	21.4
628	-1.007272	0.000000	0.159965	0.000539	21.3
629	-1.007844	0.000000	0.159965	0.000629	21.3
630	-1.007563	0.000000	0.159965	0.000535	21.2
631	-1.007733	0.000000	0.159965	0.000578	21.4
632	-1.007842	0.000000	0.159965	0.000468	21.3
633	-1.007774	0.000000	0.159965	0.000491	21.3
634	-1.007758	0.000000	0.159965	0.000648	21.3
635	-1.007229	0.000000	0.159965	0.000544	21.2
636	-1.007922	0.000000	0.159965	0.000458	21.3
637	-1.008159	0.000000	0.159965	0.000528	21.4
638	-1.007382	0.000000	0.159965	0.000464	21.3
639	-1.007867	0.000000	0.159965	0.000509	21.3
640	-1.007865	0.000000	0.159965	0.000518	21.3
641	-1.007768	0.000000	0.159965	0.000504	21.4
642	-1.007690	0.000000	0.159965	0.000479	21.2
643	-1.007668	0.000000	0.159965	0.000540	21.5
644	-1.008129	0.000000	0.159965	0.000433	21.3
645	-1.007775	0.000000	0.159965	0.000608	21.3
646	-1.007612	0.000000	0.159965	0.000564	21.3
647	-1.007881	0.000000	0.159965	0.000528	21.2
648	-1.007959	0.000000	0.159965	0.000521	21.3
649	-1.007738	0.000000	0.159965	0.000447	21.4
650	-1.007684	0.000000	0.159965	0.000510	21.4
651	-1.007977	0.000000	0.159965	0.000574	21.2
652	-1.007584	0.000000	0.159965	0.000498	21.4
653	-1.007418	0.000000	0.159965	0.000484	21.3
654	-1.007934	0.000000	0.159965	0.000480	21.3
655	-1.008020	0.000000	0.159965	0.000466	21.3
656	-1.008229	0.000000	0.159965	0.000783	21.4
657	-1.007753	0.000000	0.159965	0.000584	21.4
658	-1.007888	0.000000	0.159965	0.000425	21.5
659	-1.007679	0.000000	0.159965	0.000453	21.3
660	-1.008175	0.000000	0.159965	0.000470	21.2
661	-1.008051	0.000000	0.159965	0.000614	21.3
662	-1.007921	0.000000	0.159965	0.000480	21.3
663	-1.007768	0.000000	0.159965	0.000478	21.3
664	-1.007953	0.000000	0.159965	0.000581	21.5
665	-1.007723	0.000000	0.159965	0.000486	21.5
666	-1.007320	0.000000	0.159965	0.000504	21.2
667	-1.007776	0.000000	0.159965	0.000557	21.3
668	-1.007603	0.000000	0.159965	0.000570	21.4
669	-1.007760	0.000000	0.159965	0.000548	21.2
670	-1.007655	0.000000	0.159965	0.000473	21.5
671	-1.007523	0.000000	0.159965	0.000458	21.3
672	-1.007767	0.000000	0.159965	0.000564	21.8
673	-1.007746	0.000000	0.159965	0.000525	21.3
674	-1.007753	0.000000	0.159965	0.000613	21.4
675	-1.007866	0.000000	0.159965	0.000617	21.3
676	-1.007530	0.000000	0.159965	0.000460	21.4
677	-1.007748	0.000000	0.159965	0.000753	21.3
678	-1.008012	0.000000	0.159965	0.000560	21.4
679	-1.007529	0.000000	0.159965	0.000635	21.5
680	-1.007803	0.000000	0.159965	0.000623	21.3
681	-1.007695	0.000000	0.159965	0.000488	21.3
682	-1.007550	0.000000	0.159965	0.000411	21.3
683	-1.007686	0.000000	0.159965	0.000528	21.4
684	-1.007540	0.000000	0.159965	0.000461	21.4
685	-1.007369	0.000000	0.159965	0.000432	21.3
686	-1.007695	0.000000	0.159965	0.000425	21.3
687	-1.007482	0.000000	0.159965	0.000371	21.3
688	-1.007619	0.000000	0.159965	0.000608	21.3
689	-1.007546	0.000000	0.159965	0.000509	21.4
690	-1.007276	0.000000	0.159965	0.000495	21.3
691	-1.007713	0.000000	0.159965	0.000403	21.3
692	-1.007592	0.000000	0.159965	0.000497	21.2
693	-1.007917	0.000000	0.159965	0.000441	21.3
694	-1.007964	0.000000	0.159965	0.000506	21.3
695	-1.008079	0.000000	0.159965	0.000377	21.3
696	-1.007897	0.000000	0.159965	0.000760	21.3
697	-1.008122	0.000000	0.159965	0.000588	21.3
698	-1.007787	0.000000	0.159965	0.000412	21.3
699	-1.007938	0.000000	0.159965	0.000430	21.4
700	-1.007706	0.000000	0.159965	0.000371	21.2
701	-1.007780	0.000000	0.159965	0.000484	21.4
702	-1.007670	0.000000	0.159965	0.000467	21.3
703	-1.007934	0.000000	0.159965	0.000471	21.2
704	-1.008033	0.000000	0.159965	0.000514	21.5
705	-1.007318	0.000000	0.159965	0.000506	21.5
706	-1.007821	0.000000	0.159965	0.000465	21.4
707	-1.007441	0.000000	0.159965	0.000463	21.3
708	-1.007741	0.000000	0.159965	0.000413	21.3
709	-1.008187	0.000000	0.159965	0.000498	21.3
710	-1.008052	0.000000	0.159965	0.000512	21.4
711	-1.007733	0.000000	0.159965	0.000658	21.3
712	-1.008249	0.000000	0.159965	0.000615	21.5
713	-1.007963	0.000000	0.159965	0.000503	21.4
714	-1.007636	0.000000	0.159965	0.000492	21.3
715	-1.007578	0.000000	0.159965	0.000520	21.2
716	-1.007872	0.000000	0.159965	0.000565	21.3
717	-1.007538	0.000000	0.159965	0.000467	21.4
718	-1.007816	0.000000	0.159965	0.000558	21.3
719	-1.008111	0.000000	0.159965	0.000532	21.3
720	-1.007925	0.000000	0.159965	0.000463	21.3
721	-1.007642	0.000000	0.159965	0.000555	21.4
722	-1.007344	0.000000	0.159965	0.000403	21.3
723	-1.007303	0.000000	0.159965	0.000482	21.2
724	-1.007694	0.000000	0.159965	0.000532	21.5
725	-1.007767	0.000000	0.159965	0.000563	21.4
726	-1.007978	0.000000	0.159965	0.000580	21.3
727	-1.007888	0.000000	0.159965	0.000391	21.3
728	-1.007592	0.000000	0.159965	0.000675	21.2
729	-1.008367	0.000000	0.159965	0.000493	21.3
730	-1.007374	0.000000	0.159965	0.000481	21.3
731	-1.007088	0.000000	0.159965	0.000627	21.3
732	-1.008123	0.000000	0.159965	0.000665	21.5
733	-1.007513	0.000000	0.159965	0.000454	21.3
734	-1.007806	0.000000	0.159965	0.000478	21.4
735	-1.007553	0.000000	0.159965	0.000526	21.4
736	-1.007980	0.000000	0.159965	0.000650	21.7
737	-1.007981	0.000000	0.159965	0.000454	21.7
738	-1.007779	0.000000	0.159965	0.000465	21.3
739	-1.008088	0.000000	0.159965	0.000464	21.5
740	-1.008177	0.000000	0.159965	0.000578	21.3
741	-1.007818	0.000000	0.159965	0.000542	21.2
742	-1.007655	0.000000	0.159965	0.000455	21.3
743	-1.007661	0.000000	0.159965	0.000473	21.4
744	-1.007616	0.000000	0.159965	0.000534	21.3
745	-1.007754	0.000000	0.159965	0.000561	21.2
746	-1.007344	0.000000	0.159965	0.000586	21.3
747	-1.007534	0.000000	0.159965	0.000567	21.6
748	-1.007816	0.000000	0.159965	0.000467	21.2
749	-1.008041	0.000000	0.159965	0.000518	21.3
750	-1.008019	0.000000	0.159965	0.000489	21.3
751	-1.007649	0.000000	0.159965	0.000570	21.6
752	-1.007303	0.000000	0.159965	0.000436	21.4
753	-1.008061	0.000000	0.159965	0.000438	21.3
754	-1.007549	0.000000	0.159965	0.000490	21.3
755	-1.007758	0.000000	0.159965	0.000629	21.4
756	-1.007700	0.000000	0.159965	0.000553	21.6
757	-1.007429	0.000000	0.159965	0.000589	21.4
758	-1.008333	0.000000	0.159965	0.000490	21.4
759	-1.008369	0.000000	0.159965	0.000775	21.3
760	-1.007758	0.000000	0.159965	0.000545	21.3
761	-1.007621	0.000000	0.159965	0.000498	21.3
762	-1.007673	0.000000	0.159965	0.000533	21.3
763	-1.007701	0.000000	0.159965	0.000472	21.3
764	-1.007554	0.000000	0.159965	0.000576	21.4
765	-1.007514	0.000000	0.159965	0.000605	21.3
766	-1.008426	0.000000	0.159965	0.000594	21.4
767	-1.008056	0.000000	0.159965	0.000402	21.5
768	-1.007954	0.000000	0.159965	0.000524	21.3
769	-1.007211	0.000000	0.159965	0.000475	21.3
770	-1.007791	0.000000	0.159965	0.000433	21.3
771	-1.007596	0.000000	0.159965	0.000492	21.3
772	-1.007732	0.000000	0.159965	0.000588	21.3
773	-1.007749	0.000000	0.159965	0.000628	21.3
774	-1.008200	0.000000	0.159965	0.000546	21.3
775	-1.007751	0.000000	0.159965	0.000535	21.3
776	-1.007721	0.000000	0.159965	0.000476	21.4
777	-1.007869	0.000000	0.159965	0.000376	21.4
778	-1.007629	0.000000	0.159965	0.000384	21.4
779	-1.007848	0.000000	0.159965	0.000617	21.2
780	-1.007771	0.000000	0.159965	0.000421	21.2
781	-1.007811	0.000000	0.159965	0.000460	21.4
782	-1.007580	0.000000	0.159965	0.000682	21.2
783	-1.007956	0.000000	0.159965	0.000618	21.3
784	-1.007459	0.000000	0.159965	0.000456	21.4
785	-1.008162	0.000000	0.159965	0.000647	21.4
786	-1.008120	0.000000	0.159965	0.000721	21.3
787	-1.008167	0.000000	0.159965	0.000613	21.3
788	-1.007843	0.000000	0.159965	0.000626	21.3
789	-1.007734	0.000000	0.159965	0.000760	21.2
790	-1.007907	0.000000	0.159965	0.000424	21.4
791	-1.007634	0.000000	0.159965	0.000773	21.3
792	-1.007808	0.000000	0.159965	0.000507	21.2
793	-1.007567	0.000000	0.159965	0.000387	21.3
794	-1.008005	0.000000	0.159965	0.000591	21.2
795	-1.007856	0.000000	0.159965	0.000549	21.3
796	-1.007423	0.000000	0.159965	0.000590	21.3
797	-1.007377	0.000000	0.159965	0.000386	21.3
798	-1.007534	0.000000	0.159965	0.000646	21.7
799	-1.007684	0.000000	0.159965	0.000539	21.4
800	-1.007586	0.000000	0.159965	0.000512	21.4
801	-1.008048	0.000000	0.159965	0.000411	21.2
802	-1.007581	0.000000	0.159965	0.000629	21.3
803	-1.008289	0.000000	0.159965	0.000711	21.3
804	-1.007719	0.000000	0.159965	0.000551	21.3
805	-1.007777	0.000000	0.159965	0.000540	21.3
806	-1.007487	0.000000	0.159965	0.000558	21.2
807	-1.007404	0.000000	0.159965	0.000446	21.3
808	-1.007510	0.000000	0.159965	0.000562	21.3
809	-1.007660	0.000000	0.159965	0.000524	21.3
810	-1.007556	0.000000	0.159965	0.000415	21.5
811	-1.007595	0.000000	0.159965	0.000567	21.4
812	-1.007404	0.000000	0.159965	0.000434	21.3
813	-1.007630	0.000000	0.159965	0.000609	21.3
814	-1.007222	0.000000	0.159965	0.000570	21.4
815	-1.007786	0.000000	0.159965	0.000523	21.4
816	-1.007647	0.000000	0.159965	0.000549	21.3
817	-1.007590	0.000000	0.159965	0.000483	21.3
818	-1.007585	0.000000	0.159965	0.000588	21.3
819	-1.008248	0.000000	0.159965	0.000429	21.2
820	-1.007585	0.000000	0.159965	0.000448	21.3
821	-1.007575	0.000000	0.159965	0.000698	21.3
822	-1.008000	0.000000	0.159965	0.000603	21.2
823	-1.007696	0.000000	0.159965	0.000507	21.4
824	-1.007927	0.000000	0.159965	0.000434	21.4
825	-1.007838	0.000000	0.159965	0.000504	21.3
826	-1.007829	0.000000	0.159965	0.000529	21.3
827	-1.007716	0.000000	0.159965	0.000491	21.2
828	-1.007702	0.000000	0.159965	0.000525	21.3
829	-1.008097	0.000000	0.159965	0.000572	21.3
830	-1.007735	0.000000	0.159965	0.000438	21.3
831	-1.007535	0.000000	0.159965	0.000508	21.3
832	-1.007645	0.000000	0.159965	0.000489	21.3
833	-1.007744	0.000000	0.159965	0.000486	21.3
834	-1.007952	0.000000	0.159965	0.000498	21.3
835	-1.007831	0.000000	0.159965	0.000552	21.3
836	-1.007617	0.000000	0.159965	0.000436	21.6
837	-1.007733	0.000000	0.159965	0.000417	21.7
838	-1.007835	0.000000	0.159965	0.000518	21.3
839	-1.007302	0.000000	0.159965	0.000394	21.4
840	-1.007981	0.000000	0.159965	0.000542	21.3
841	-1.007881	0.000000	0.159965	0.000630	21.4
842	-1.007933	0.000000	0.159965	0.000788	21.3
843	-1.007793	0.000000	0.159965	0.000461	21.4
844	-1.007395	0.000000	0.159965	0.000522	21.4
845	-1.007628	0.000000	0.159965	0.000628	21.6
846	-1.008204	0.000000	0.159965	0.000548	21.2
847	-1.007480	0.000000	0.159965	0.000498	21.3
848	-1.007727	0.000000	0.159965	0.000732	21.3
849	-1.008050	0.000000	0.159965	0.000517	21.4
850	-1.007676	0.000000	0.159965	0.000476	21.4
851	-1.007565	0.000000	0.159965	0.000538	21.3
852	-1.007737	0.000000	0.159965	0.000485	21.4
853	-1.007683	0.000000	0.159965	0.000454	21.4
854	-1.007817	0.000000	0.159965	0.000569	21.3
855	-1.007826	0.000000	0.159965	0.000722	21.2
856	-1.007748	0.000000	0.159965	0.000533	21.4
857	-1.007480	0.000000	0.159965	0.000381	21.4
858	-1.008126	0.000000	0.159965	0.000416	21.4
859	-1.007438	0.000000	0.159965	0.000511	21.3
860	-1.007761	0.000000	0.159965	0.000450	21.5
861	-1.007783	0.000000	0.159965	0.000601	21.3
862	-1.007770	0.000000	0.159965	0.000545	21.4
863	-1.007606	0.000000	0.159965	0.000438	21.4
864	-1.007405	0.000000	0.159965	0.000470	21.3
865	-1.007852	0.000000	0.159965	0.000602	21.3
866	-1.007657	0.000000	0.159965	0.000371	21.5
867	-1.007671	0.000000	0.159965	0.000388	21.3
868	-1.008082	0.000000	0.159965	0.000632	21.3
869	-1.007646	0.000000	0.159965	0.000409	21.2
870	-1.007919	0.000000	0.159965	0.000482	21.4
871	-1.008230	0.000000	0.159965	0.000532	21.5
872	-1.008088	0.000000	0.159965	0.000468	21.2
873	-1.007651	0.000000	0.159965	0.000461	21.3
874	-1.007691	0.000000	0.159965	0.000326	21.3
875	-1.007780	0.000000	0.159965	0.000661	21.7
876	-1.007809	0.000000	0.159965	0.000652	21.7
877	-1.008070	0.000000	0.159965	0.000623	22.0
878	-1.008033	0.000000	0.159965	0.000618	21.4
879	-1.007526	0.000000	0.159965	0.000509	21.3
880	-1.007929	0.000000	0.159965	0.000565	21.4
881	-1.008115	0.000000	0.159965	0.000648	21.4
882	-1.007825	0.000000	0.159965	0.000463	21.2
883	-1.008021	0.000000	0.159965	0.000407	21.3
884	-1.007545	0.000000	0.159965	0.000387	21.2
885	-1.007427	0.000000	0.159965	0.000568	21.3
886	-1.007916	0.000000	0.159965	0.000568	21.4
887	-1.007520	0.000000	0.159965	0.000699	21.4
888	-1.007739	0.000000	0.159965	0.000495	21.3
889	-1.007893	0.000000	0.159965	0.000544	21.5
890	-1.007895	0.000000	0.159965	0.000433	21.7
891	-1.007991	0.000000	0.159965	0.000475	22.0
892	-1.008029	0.000000	0.159965	0.000520	21.5
893	-1.007737	0.000000	0.159965	0.000430	21.3
894	-1.007934	0.000000	0.159965	0.000732	21.2
895	-1.008078	0.000000	0.159965	0.000454	21.3
896	-1.007561	0.000000	0.159965	0.000555	21.4
897	-1.007887	0.000000	0.159965	0.000429	21.3
898	-1.007460	0.000000	0.159965	0.000566	21.4
899	-1.007704	0.000000	0.159965	0.000562	21.4
900	-1.007488	0.000000	0.159965	0.000509	21.4
901	-1.007716	0.000000	0.159965	0.000552	21.3
902	-1.007861	0.000000	0.159965	0.000655	21.5
903	-1.007897	0.000000	0.159965	0.000477	21.3
904	-1.007815	0.000000	0.159965	0.000507	21.5
905	-1.007471	0.000000	0.159965	0.000488	21.3
906	-1.007867	0.000000	0.159965	0.000617	21.3
907	-1.007607	0.000000	0.159965	0.000607	21.3
908	-1.007769	0.000000	0.159965	0.000577	21.4
909	-1.007798	0.000000	0.159965	0.000625	21.3
910	-1.008024	0.000000	0.159965	0.000486	21.2
911	-1.007467	0.000000	0.159965	0.000446	21.3
912	-1.007873	0.000000	0.159965	0.000578	21.3
913	-1.008045	0.000000	0.159965	0.000629	21.3
914	-1.007136	0.000000	0.159965	0.000739	21.5
915	-1.007978	0.000000	0.159965	0.000516	21.8
916	-1.007889	0.000000	0.159965	0.000508	21.7
917	-1.007837	0.000000	0.159965	0.000460	21.3
918	-1.007533	0.000000	0.159965	0.000630	21.3
919	-1.007817	0.000000	0.159965	0.000454	21.4
920	-1.007657	0.000000	0.159965	0.000495	21.3
921	-1.007741	0.000000	0.159965	0.000480	21.4
922	-1.008015	0.000000	0.159965	0.000406	21.3
923	-1.007497	0.000000	0.159965	0.000508	21.3
924	-1.007760	0.000000	0.159965	0.000392	21.3
925	-1.007646	0.000000	0.159965	0.000536	21.3
926	-1.007773	0.000000	0.159965	0.000569	21.3
927	-1.007850	0.000000	0.159965	0.000632	21.4
928	-1.008116	0.000000	0.159965	0.000556	21.4
929	-1.007475	0.000000	0.159965	0.000423	21.3
930	-1.007777	0.000000	0.159965	0.000696	21.3
931	-1.007777	0.000000	0.159965	0.000457	21.3
932	-1.007735	0.000000	0.159965	0.000407	21.2
933	-1.007971	0.000000	0.159965	0.000534	21.5
934	-1.007950	0.000000	0.159965	0.000470	21.3
935	-1.007859	0.000000	0.159965	0.000393	21.3
936	-1.007808	0.000000	0.159965	0.000445	21.4
937	-1.007645	0.000000	0.159965	0.000430	21.5
938	-1.007744	0.000000	0.159965	0.000625	21.9
939	-1.007700	0.000000	0.159965	0.000609	21.8
940	-1.007290	0.000000	0.159965	0.000742	21.4
941	-1.007744	0.000000	0.159965	0.000473	21.3
942	-1.007337	0.000000	0.159965	0.000461	21.5
943	-1.008009	0.000000	0.159965	0.000623	21.3
944	-1.007622	0.000000	0.159965	0.000734	21.4
945	-1.007890	0.000000	0.159965	0.000428	21.3
946	-1.007573	0.000000	0.159965	0.000590	21.4
947	-1.007936	0.000000	0.159965	0.000591	21.5
948	-1.007675	0.000000	0.159965	0.000588	21.3
949	-1.008002	0.000000	0.159965	0.000430	21.3
950	-1.007415	0.000000	0.159965	0.000606	21.3
951	-1.007504	0.000000	0.159965	0.000481	21.4
952	-1.007577	0.000000	0.159965	0.000596	21.3
953	-1.007862	0.000000	0.159965	0.000491	21.3
954	-1.007956	0.000000	0.159965	0.000635	21.2
955	-1.007670	0.000000	0.159965	0.000472	21.4
956	-1.007649	0.000000	0.159965	0.000509	21.4
957	-1.007242	0.000000	0.159965	0.000748	21.3
958	-1.008284	0.000000	0.159965	0.000463	21.3
959	-1.007702	0.000000	0.159965	0.000598	21.3
960	-1.007868	0.000000	0.159965	0.000691	21.3
961	-1.007788	0.000000	0.159965	0.000607	21.4
962	-1.007761	0.000000	0.159965	0.000534	21.4
963	-1.008004	0.000000	0.159965	0.000432	21.3
964	-1.008128	0.000000	0.159965	0.000376	21.3
965	-1.007909	0.000000	0.159965	0.000606	21.5
966	-1.007717	0.000000	0.159965	0.000548	21.2
967	-1.008100	0.000000	0.159965	0.000665	21.3
968	-1.007517	0.000000	0.159965	0.000579	21.4
969	-1.008074	0.000000	0.159965	0.000540	21.3
970	-1.007667	0.000000	0.159965	0.000659	21.4
971	-1.007743	0.000000	0.159965	0.000476	21.4
972	-1.007798	0.000000	0.159965	0.000527	21.3
973	-1.007741	0.000000	0.159965	0.000453	21.5
974	-1.007369	0.000000	0.159965	0.000724	21.4
975	-1.007763	0.000000	0.159965	0.000612	21.3
976	-1.007904	0.000000	0.159965	0.000480	21.4
977	-1.008319	0.000000	0.159965	0.000459	21.4
978	-1.007447	0.000000	0.159965	0.000408	21.3
979	-1.007467	0.000000	0.159965	0.000444	21.3
980	-1.007942	0.000000	0.159965	0.000508	21.3
981	-1.007679	0.000000	0.159965	0.000871	21.3
982	-1.007743	0.000000	0.159965	0.000451	21.3
983	-1.007644	0.000000	0.159965	0.000595	21.5
984	-1.007724	0.000000	0.159965	0.000503	21.4
985	-1.007944	0.000000	0.159965	0.000524	21.6
986	-1.007697	0.000000	0.159965	0.000607	21.4
987	-1.007947	0.000000	0.159965	0.000522	21.3
988	-1.007361	0.000000	0.159965	0.000572	21.4
989	-1.007339	0.000000	0.159965	0.000395	21.3
990	-1.008182	0.000000	0.159965	0.000444	21.3
991	-1.007719	0.000000	0.159965	0.000450	21.8
992	-1.007648	0.000000	0.159965	0.000564	21.8
993	-1.007366	0.000000	0.159965	0.000498	21.9
994	-1.007444	0.000000	0.159965	0.000573	21.3
995	-1.007851	0.000000	0.159965	0.000427	21.4
996	-1.007592	0.000000	0.159965	0.000443	21.3
997	-1.007624	0.000000	0.159965	0.000503	21.4
998	-1.007432	0.000000	0.159965	0.000464	21.3
999	-1.007799	0.000000	0.159965	0.000445	21.2
