1:ItNr	2:Metric	3a:Time	3b:StepSize	4:||Gradient||	Time[ms]
0	-1.006566	0.000000	0.159965	0.000454	29.3
1	-1.006668	0.000000	0.159965	0.000454	23.9
2	-1.006811	0.000000	0.159965	0.000620	23.9
3	-1.006909	0.000000	0.159965	0.000530	23.9
4	-1.006894	0.000000	0.159965	0.000445	24.3
5	-1.006684	0.000000	0.159965	0.000584	24.3
6	-1.006401	0.000000	0.159965	0.000575	24.3
7	-1.006943	0.000000	0.159965	0.000420	23.7
8	-1.006394	0.000000	0.159965	0.000485	23.5
9	-1.006604	0.000000	0.159965	0.000686	23.6
10	-1.006882	0.000000	0.159965	0.000796	23.5
11	-1.006087	0.000000	0.159965	0.000465	22.9
12	-1.006566	0.000000	0.159965	0.000442	22.7
13	-1.006489	0.000000	0.159965	0.000591	22.8
14	-1.006545	0.000000	0.159965	0.000486	22.6
15	-1.006609	0.000000	0.159965	0.000441	22.7
16	-1.006725	0.000000	0.159965	0.000512	22.8
17	-1.006851	0.000000	0.159965	0.000593	23.2
18	-1.006851	0.000000	0.159965	0.000454	23.2
19	-1.006985	0.000000	0.159965	0.000687	22.6
20	-1.006224	0.000000	0.159965	0.000587	22.7
21	-1.006684	0.000000	0.159965	0.000571	23.0
22	-1.006624	0.000000	0.159965	0.000715	22.8
23	-1.006958	0.000000	0.159965	0.000474	22.8
24	-1.006677	0.000000	0.159965	0.000379	22.6
25	-1.006539	0.000000	0.159965	0.000417	22.6
26	-1.006635	0.000000	0.159965	0.000505	22.6
27	-1.006432	0.000000	0.159965	0.000819	23.0
28	-1.006651	0.000000	0.159965	0.000328	22.8
29	-1.006798	0.000000	0.159965	0.000592	22.8
30	-1.007018	0.000000	0.159965	0.000441	22.9
31	-1.006548	0.000000	0.159965	0.000554	22.7
32	-1.007155	0.000000	0.159965	0.000689	22.8
33	-1.006437	0.000000	0.159965	0.000468	23.2
34	-1.006924	0.000000	0.159965	0.000835	23.3
35	-1.006623	0.000000	0.159965	0.000565	23.2
36	-1.006440	0.000000	0.159965	0.000543	22.8
37	-1.006794	0.000000	0.159965	0.000367	22.8
38	-1.006582	0.000000	0.159965	0.000508	22.8
39	-1.006568	0.000000	0.159965	0.000741	23.2
40	-1.006550	0.000000	0.159965	0.000554	22.7
41	-1.006867	0.000000	0.159965	0.000550	22.9
42	-1.006613	0.000000	0.159965	0.000355	22.6
43	-1.006307	0.000000	0.159965	0.000511	22.8
44	-1.006787	0.800093	0.156404	0.000406	22.8
45	-1.006593	0.000134	0.159964	0.000681	22.8
46	-1.007016	0.000000	0.159965	0.000404	22.6
47	-1.007195	0.000000	0.159965	0.000573	22.6
48	-1.006485	0.000000	0.159965	0.000351	22.6
49	-1.006978	0.000000	0.159965	0.000359	23.0
50	-1.007011	0.000000	0.159965	0.000632	22.8
51	-1.006355	0.000000	0.159965	0.000430	22.8
52	-1.006522	0.000000	0.159965	0.000569	23.1
53	-1.006771	0.000000	0.159965	0.000528	23.2
54	-1.006864	0.000000	0.159965	0.000814	23.5
55	-1.006778	0.000000	0.159965	0.000335	23.1
56	-1.006783	0.000000	0.159965	0.000866	23.2
57	-1.006571	0.000000	0.159965	0.000506	22.6
58	-1.006712	0.000000	0.159965	0.000503	22.6
59	-1.006519	0.000000	0.159965	0.000535	22.6
60	-1.006592	0.000000	0.159965	0.000460	22.7
61	-1.006628	0.000000	0.159965	0.000653	22.7
62	-1.006909	0.000000	0.159965	0.000666	22.6
63	-1.006474	0.000000	0.159965	0.000423	23.0
64	-1.006900	0.000000	0.159965	0.000631	22.9
65	-1.006367	0.000000	0.159965	0.000531	22.8
66	-1.006580	0.000000	0.159965	0.000708	22.6
67	-1.007053	0.000000	0.159965	0.000511	22.7
68	-1.006595	0.000000	0.159965	0.000570	22.9
69	-1.006846	0.997971	0.155556	0.000554	23.3
70	-1.006740	0.210236	0.159008	0.000547	23.4
71	-1.006989	0.000000	0.159965	0.000474	22.9
72	-1.006796	0.000000	0.159965	0.000665	23.0
73	-1.006836	0.000000	0.159965	0.000528	22.7
74	-1.006501	0.000000	0.159965	0.000516	23.0
75	-1.007296	0.000000	0.159965	0.000679	22.6
76	-1.006983	0.000000	0.159965	0.000528	22.8
77	-1.006624	0.000000	0.159965	0.000572	22.8
78	-1.006540	0.000000	0.159965	0.000436	22.7
79	-1.006658	0.000000	0.159965	0.000602	22.9
80	-1.006795	0.000000	0.159965	0.000343	22.8
81	-1.006418	0.000000	0.159965	0.000404	23.1
82	-1.006638	0.000000	0.159965	0.000550	23.3
83	-1.006482	0.000000	0.159965	0.000499	23.2
84	-1.006763	0.000000	0.159965	0.000272	23.3
85	-1.006905	0.000000	0.159965	0.000453	23.1
86	-1.006238	0.000000	0.159965	0.000445	23.1
87	-1.006694	0.000000	0.159965	0.000501	23.1
88	-1.006867	0.000000	0.159965	0.000403	23.2
89	-1.006217	0.000000	0.159965	0.000490	23.1
90	-1.006717	0.000000	0.159965	0.000396	22.7
91	-1.006561	0.000000	0.159965	0.000646	22.9
92	-1.006577	0.000000	0.159965	0.000331	22.8
93	-1.006694	0.000000	0.159965	0.000670	22.6
94	-1.006790	0.000000	0.159965	0.000437	23.3
95	-1.006462	0.000000	0.159965	0.000626	22.9
96	-1.006621	0.314888	0.158538	0.000406	23.2
97	-1.006530	0.000000	0.159965	0.000703	23.2
98	-1.006616	0.000000	0.159965	0.000738	23.0
99	-1.006609	0.000000	0.159965	0.000534	22.7
100	-1.006518	0.000000	0.159965	0.000512	22.6
101	-1.006401	0.000000	0.159965	0.000528	22.6
102	-1.006835	0.000000	0.159965	0.000680	22.6
103	-1.006576	0.000000	0.159965	0.000566	22.7
104	-1.006879	0.000000	0.159965	0.000581	22.6
105	-1.006527	0.000000	0.159965	0.000533	22.7
106	-1.006662	0.000000	0.159965	0.000534	22.7
107	-1.006485	0.000000	0.159965	0.000508	22.6
108	-1.006562	0.000000	0.159965	0.000588	22.6
109	-1.006932	0.000000	0.159965	0.000791	22.7
110	-1.006775	0.000000	0.159965	0.000713	22.6
111	-1.006790	0.000000	0.159965	0.000415	22.6
112	-1.006465	0.000000	0.159965	0.000497	22.8
113	-1.007059	0.000000	0.159965	0.000448	22.7
114	-1.006466	0.000000	0.159965	0.000410	22.6
115	-1.006728	0.000000	0.159965	0.000284	22.7
116	-1.006570	0.000000	0.159965	0.000513	23.1
117	-1.007020	0.000000	0.159965	0.000621	22.8
118	-1.006626	0.000000	0.159965	0.000764	22.6
119	-1.006512	0.000000	0.159965	0.000424	22.8
120	-1.006705	0.000000	0.159965	0.000646	22.7
121	-1.007076	0.000000	0.159965	0.000824	22.8
122	-1.006592	0.000000	0.159965	0.000674	22.9
123	-1.006615	0.000000	0.159965	0.000536	22.8
124	-1.006337	0.000000	0.159965	0.000466	23.1
125	-1.006536	0.000000	0.159965	0.000711	22.6
126	-1.006605	0.000000	0.159965	0.000403	22.7
127	-1.006573	0.000000	0.159965	0.000866	22.6
128	-1.007025	0.000000	0.159965	0.000371	22.7
129	-1.006870	0.000000	0.159965	0.000459	22.6
130	-1.006712	0.000000	0.159965	0.000416	22.7
131	-1.006796	0.000000	0.159965	0.000587	23.1
132	-1.006880	0.000000	0.159965	0.000494	22.7
133	-1.006591	0.000000	0.159965	0.000731	22.9
134	-1.006924	0.000000	0.159965	0.000443	22.6
135	-1.006995	0.000000	0.159965	0.000767	22.6
136	-1.006753	0.000000	0.159965	0.000578	23.1
137	-1.006803	0.000000	0.159965	0.000264	22.6
138	-1.006757	0.000000	0.159965	0.000595	22.6
139	-1.006140	0.000000	0.159965	0.000671	22.7
140	-1.006637	0.000000	0.159965	0.000391	22.7
141	-1.006743	0.000000	0.159965	0.000664	22.7
142	-1.006541	0.000000	0.159965	0.000490	22.6
143	-1.006479	0.000000	0.159965	0.000461	22.6
144	-1.006543	0.000000	0.159965	0.000366	23.1
145	-1.006931	0.000000	0.159965	0.000494	23.0
146	-1.006469	0.000000	0.159965	0.000709	23.1
147	-1.006927	0.000000	0.159965	0.000442	23.0
148	-1.007126	0.000000	0.159965	0.000534	22.5
149	-1.007002	0.000000	0.159965	0.000720	22.6
150	-1.006397	0.000000	0.159965	0.000331	22.7
151	-1.006431	0.000000	0.159965	0.000648	22.6
152	-1.006555	0.000000	0.159965	0.000433	22.7
153	-1.006671	0.000000	0.159965	0.000320	23.0
154	-1.006686	0.000000	0.159965	0.000688	22.7
155	-1.006509	0.000000	0.159965	0.000374	22.7
156	-1.006725	0.000000	0.159965	0.000527	22.7
157	-1.006568	0.000000	0.159965	0.000344	22.5
158	-1.006464	0.000000	0.159965	0.000676	22.6
159	-1.006530	0.000000	0.159965	0.000478	22.8
160	-1.006997	0.000000	0.159965	0.000625	22.8
161	-1.006652	0.000000	0.159965	0.000350	22.7
162	-1.006579	0.000000	0.159965	0.000405	22.6
163	-1.006600	0.000000	0.159965	0.000448	22.6
164	-1.006504	0.000000	0.159965	0.000444	22.7
165	-1.006736	0.000000	0.159965	0.000549	22.6
166	-1.007151	0.000000	0.159965	0.000402	22.6
167	-1.007135	0.000000	0.159965	0.000540	22.6
168	-1.006682	0.000000	0.159965	0.000567	22.8
169	-1.006713	0.000000	0.159965	0.000602	22.7
170	-1.006917	0.000000	0.159965	0.000493	22.6
171	-1.007224	0.000000	0.159965	0.000498	22.6
172	-1.007135	0.000000	0.159965	0.000536	22.8
173	-1.006913	0.000000	0.159965	0.001019	22.6
174	-1.006393	0.000000	0.159965	0.000427	22.6
175	-1.006587	0.000000	0.159965	0.000376	22.7
176	-1.006728	0.000000	0.159965	0.000488	22.8
177	-1.006375	0.000000	0.159965	0.000454	22.6
178	-1.006692	0.000000	0.159965	0.000511	22.7
179	-1.007062	0.000000	0.159965	0.000574	23.0
180	-1.006850	0.000000	0.159965	0.000356	22.7
181	-1.006539	0.000000	0.159965	0.000432	22.5
182	-1.006525	0.000000	0.159965	0.000435	22.6
183	-1.007220	0.000000	0.159965	0.000548	22.6
184	-1.006550	0.000000	0.159965	0.000676	22.6
185	-1.007043	0.000000	0.159965	0.000686	22.8
186	-1.006890	0.000000	0.159965	0.000536	22.9
187	-1.006790	0.000000	0.159965	0.000542	22.7
188	-1.006639	0.000000	0.159965	0.000385	22.7
189	-1.006576	0.000000	0.159965	0.000513	22.7
190	-1.005941	0.000000	0.159965	0.000379	23.1
191	-1.006486	0.000000	0.159965	0.000617	23.0
192	-1.007052	0.000000	0.159965	0.000650	22.5
193	-1.006581	0.000000	0.159965	0.000508	22.6
194	-1.006641	0.000000	0.159965	0.000747	22.6
195	-1.007014	0.000000	0.159965	0.000686	22.7
196	-1.006422	1.000000	0.155547	0.000464	22.6
197	-1.006998	0.200010	0.159054	0.000447	22.7
198	-1.006412	0.000000	0.159965	0.000490	22.5
199	-1.007071	0.000000	0.159965	0.000674	22.9
200	-1.006855	0.000000	0.159965	0.000773	22.7
201	-1.006371	0.000000	0.159965	0.000664	22.9
202	-1.006825	0.999984	0.155547	0.000622	22.6
203	-1.006561	0.200030	0.159054	0.000696	22.9
204	-1.006846	0.000000	0.159965	0.000645	23.0
205	-1.006839	0.000000	0.159965	0.000409	23.0
206	-1.007094	0.000000	0.159965	0.000646	22.6
207	-1.006855	0.000000	0.159965	0.000893	22.5
208	-1.006576	0.000000	0.159965	0.000473	22.7
209	-1.006587	0.000000	0.159965	0.000641	23.3
210	-1.006712	0.000000	0.159965	0.000476	23.1
211	-1.006502	0.000000	0.159965	0.000718	23.1
212	-1.006688	0.000000	0.159965	0.000506	23.1
213	-1.006411	0.000000	0.159965	0.000350	22.6
214	-1.006518	0.000000	0.159965	0.000371	22.6
215	-1.006723	0.000000	0.159965	0.000527	23.2
216	-1.006914	0.000000	0.159965	0.000646	22.8
217	-1.006515	0.000000	0.159965	0.000334	22.7
218	-1.006313	0.000000	0.159965	0.000386	23.1
219	-1.006654	0.993145	0.155576	0.000614	22.6
220	-1.006668	0.193145	0.159085	0.000541	22.8
221	-1.006871	0.000000	0.159965	0.000720	22.7
222	-1.006567	0.000000	0.159965	0.000315	22.8
223	-1.006665	0.000000	0.159965	0.000242	23.2
224	-1.006741	0.000000	0.159965	0.000457	23.4
225	-1.006717	0.000000	0.159965	0.000752	23.1
226	-1.006836	0.000000	0.159965	0.000576	22.7
227	-1.006496	0.000000	0.159965	0.000663	22.6
228	-1.007182	0.000000	0.159965	0.000862	22.6
229	-1.006689	0.000000	0.159965	0.000532	22.8
230	-1.006584	0.000000	0.159965	0.000642	22.5
231	-1.006672	0.000000	0.159965	0.000594	22.7
232	-1.006752	0.000000	0.159965	0.000284	22.6
233	-1.006949	0.000000	0.159965	0.000666	22.6
234	-1.006370	0.000000	0.159965	0.000446	22.6
235	-1.006501	0.000000	0.159965	0.000451	22.6
236	-1.006667	0.000000	0.159965	0.000460	22.6
237	-1.007042	0.000000	0.159965	0.000318	22.6
238	-1.006815	0.000000	0.159965	0.000645	22.6
239	-1.006796	0.000000	0.159965	0.000581	22.6
240	-1.006425	0.000000	0.159965	0.000700	22.8
241	-1.007432	0.000000	0.159965	0.000334	22.6
242	-1.006578	0.000000	0.159965	0.000527	22.6
243	-1.006305	0.000000	0.159965	0.000672	22.7
244	-1.006708	0.000000	0.159965	0.000486	22.7
245	-1.006885	0.000000	0.159965	0.000332	23.2
246	-1.006651	0.000000	0.159965	0.000549	23.2
247	-1.006797	0.000000	0.159965	0.000444	22.9
248	-1.007062	0.000000	0.159965	0.000501	22.7
249	-1.006742	0.000000	0.159965	0.000609	22.7
250	-1.006849	0.000000	0.159965	0.000564	22.6
251	-1.006650	0.000000	0.159965	0.000586	22.6
252	-1.006544	0.000000	0.159965	0.000562	22.8
253	-1.006849	0.000000	0.159965	0.000493	23.1
254	-1.006722	0.000000	0.159965	0.000367	23.1
255	-1.006857	0.000000	0.159965	0.000513	23.3
256	-1.006424	0.000000	0.159965	0.000412	23.0
257	-1.006924	0.000000	0.159965	0.000529	23.0
258	-1.006755	0.000000	0.159965	0.000520	23.1
259	-1.006675	0.000000	0.159965	0.000417	23.1
260	-1.006932	0.000000	0.159965	0.000574	23.2
261	-1.006466	0.000000	0.159965	0.000294	22.6
262	-1.006516	0.000000	0.159965	0.000562	22.6
263	-1.006881	0.000000	0.159965	0.000480	22.6
264	-1.006655	0.000000	0.159965	0.000730	22.7
265	-1.006608	0.000000	0.159965	0.000387	22.7
266	-1.006961	0.000000	0.159965	0.000399	22.6
267	-1.006218	0.000000	0.159965	0.000646	22.6
268	-1.006914	0.000000	0.159965	0.000447	22.6
269	-1.006625	0.000000	0.159965	0.000578	22.6
270	-1.007084	0.000000	0.159965	0.000643	22.7
271	-1.006859	0.000000	0.159965	0.000703	22.6
272	-1.007024	0.000000	0.159965	0.000381	22.7
273	-1.007034	0.000000	0.159965	0.000640	22.7
274	-1.006533	0.000000	0.159965	0.000551	22.7
275	-1.006904	0.000000	0.159965	0.000522	22.5
276	-1.006600	0.000000	0.159965	0.000604	22.6
277	-1.006373	0.000000	0.159965	0.000460	22.6
278	-1.006969	0.000000	0.159965	0.000521	22.6
279	-1.006859	0.000000	0.159965	0.000687	22.6
280	-1.007238	0.000000	0.159965	0.000602	22.5
281	-1.006503	0.000000	0.159965	0.000654	22.7
282	-1.006783	0.000000	0.159965	0.000558	22.7
283	-1.006314	0.000000	0.159965	0.000457	22.6
284	-1.007100	0.000000	0.159965	0.000506	22.7
285	-1.007081	0.000000	0.159965	0.000400	22.6
286	-1.006368	0.000000	0.159965	0.000482	22.7
287	-1.006424	0.000000	0.159965	0.000728	22.9
288	-1.006853	0.000000	0.159965	0.000379	22.7
289	-1.006432	0.000000	0.159965	0.000361	22.6
290	-1.006724	0.000000	0.159965	0.000592	22.8
291	-1.007038	0.000000	0.159965	0.000706	22.8
292	-1.006795	0.000000	0.159965	0.000686	22.7
293	-1.006833	0.000000	0.159965	0.000620	22.6
294	-1.007106	0.000000	0.159965	0.000462	22.6
295	-1.006846	0.000000	0.159965	0.000676	22.6
296	-1.006615	0.000000	0.159965	0.000648	22.6
297	-1.006931	0.863109	0.156133	0.000628	22.7
298	-1.007212	0.063109	0.159676	0.000521	22.7
299	-1.006816	0.000000	0.159965	0.000357	22.9
300	-1.006999	0.000000	0.159965	0.000789	22.6
301	-1.006743	0.000000	0.159965	0.000461	22.9
302	-1.006676	0.000000	0.159965	0.000368	23.0
303	-1.006471	0.000000	0.159965	0.000468	23.1
304	-1.006649	0.000000	0.159965	0.000855	22.8
305	-1.006543	0.000000	0.159965	0.000679	22.6
306	-1.006400	0.000000	0.159965	0.000431	22.6
307	-1.006846	0.000000	0.159965	0.000654	22.6
308	-1.006206	0.000000	0.159965	0.000445	22.7
309	-1.006916	0.000000	0.159965	0.000546	22.6
310	-1.006377	0.000000	0.159965	0.000572	22.6
311	-1.006670	0.000000	0.159965	0.000317	22.6
312	-1.006339	0.000000	0.159965	0.000479	22.6
313	-1.006766	0.000000	0.159965	0.000538	22.7
314	-1.006674	0.000000	0.159965	0.000507	22.6
315	-1.006769	0.000000	0.159965	0.000383	22.6
316	-1.006535	0.000000	0.159965	0.000354	22.7
317	-1.006704	0.000000	0.159965	0.000400	22.7
318	-1.006761	0.000000	0.159965	0.000624	22.6
319	-1.007023	0.000000	0.159965	0.000560	22.6
320	-1.006893	0.000000	0.159965	0.000620	23.1
321	-1.007069	0.000000	0.159965	0.000654	23.1
322	-1.006638	0.000000	0.159965	0.000505	23.1
323	-1.006873	0.000000	0.159965	0.000629	22.6
324	-1.006590	0.000000	0.159965	0.000636	22.6
325	-1.006604	0.000000	0.159965	0.000493	22.6
326	-1.007051	0.000000	0.159965	0.000959	22.6
327	-1.007003	0.000000	0.159965	0.000495	22.6
328	-1.006652	0.000000	0.159965	0.000584	22.6
329	-1.006683	0.000000	0.159965	0.000599	22.6
330	-1.006857	0.000000	0.159965	0.000386	22.5
331	-1.007157	0.000000	0.159965	0.000435	22.7
332	-1.006834	0.000000	0.159965	0.000564	22.6
333	-1.006666	0.000000	0.159965	0.000476	22.8
334	-1.006390	0.000000	0.159965	0.000388	22.7
335	-1.006304	0.000000	0.159965	0.000295	22.9
336	-1.007005	0.000000	0.159965	0.000527	22.6
337	-1.006548	0.000000	0.159965	0.000494	22.6
338	-1.007184	0.000000	0.159965	0.000572	22.7
339	-1.007078	0.000000	0.159965	0.000743	22.7
340	-1.006589	0.000000	0.159965	0.000451	22.6
341	-1.006895	0.000000	0.159965	0.000698	22.6
342	-1.006446	0.000000	0.159965	0.000587	22.6
343	-1.007134	0.000000	0.159965	0.000529	22.6
344	-1.006965	0.000000	0.159965	0.000546	22.7
345	-1.006526	0.000000	0.159965	0.000615	22.7
346	-1.006759	0.000000	0.159965	0.000580	22.5
347	-1.006798	0.000000	0.159965	0.000664	22.7
348	-1.006762	0.000000	0.159965	0.000317	23.2
349	-1.006656	0.000000	0.159965	0.000545	22.8
350	-1.006798	0.000000	0.159965	0.000645	22.6
351	-1.006988	0.000000	0.159965	0.000528	22.7
352	-1.006332	0.000000	0.159965	0.000507	22.6
353	-1.006536	0.000000	0.159965	0.000492	22.7
354	-1.007195	0.000000	0.159965	0.000758	22.7
355	-1.006778	0.000000	0.159965	0.000668	22.6
356	-1.006710	0.000000	0.159965	0.000373	22.7
357	-1.006636	0.000000	0.159965	0.000648	23.1
358	-1.006439	0.000000	0.159965	0.000377	23.2
359	-1.006785	0.000000	0.159965	0.000475	23.0
360	-1.006624	0.000000	0.159965	0.000486	23.2
361	-1.006825	0.000000	0.159965	0.000419	23.2
362	-1.006810	0.000000	0.159965	0.000641	23.0
363	-1.006696	0.000000	0.159965	0.000391	22.6
364	-1.006493	0.000000	0.159965	0.000441	22.6
365	-1.006975	0.000000	0.159965	0.000699	22.7
366	-1.006582	0.000000	0.159965	0.000457	22.5
367	-1.006605	0.000000	0.159965	0.000615	22.6
368	-1.007149	0.000000	0.159965	0.000671	22.6
369	-1.006670	0.000000	0.159965	0.000368	22.6
370	-1.006362	0.000000	0.159965	0.000518	22.6
371	-1.007093	0.000000	0.159965	0.000491	22.6
372	-1.006363	0.000000	0.159965	0.000334	22.6
373	-1.006522	0.000000	0.159965	0.000804	22.6
374	-1.007097	0.000000	0.159965	0.000672	22.6
375	-1.007083	0.000000	0.159965	0.000572	22.7
376	-1.006818	0.000000	0.159965	0.000709	22.6
377	-1.006880	0.000000	0.159965	0.000448	22.6
378	-1.006784	0.000000	0.159965	0.000454	22.6
379	-1.007092	0.000000	0.159965	0.000463	22.9
380	-1.006605	0.000000	0.159965	0.000670	22.9
381	-1.007075	0.000000	0.159965	0.000509	22.6
382	-1.006664	0.000000	0.159965	0.000781	22.6
383	-1.007146	0.000000	0.159965	0.000512	22.7
384	-1.006731	0.000000	0.159965	0.000572	22.6
385	-1.006487	0.000000	0.159965	0.000715	22.7
386	-1.006669	0.000000	0.159965	0.000454	22.8
387	-1.006447	0.000000	0.159965	0.000592	22.7
388	-1.006565	0.000000	0.159965	0.000460	22.6
389	-1.006527	0.000000	0.159965	0.000503	22.8
390	-1.006431	0.000000	0.159965	0.000331	22.7
391	-1.006619	0.000000	0.159965	0.000572	22.7
392	-1.006778	0.000000	0.159965	0.000593	22.6
393	-1.006713	0.000000	0.159965	0.000589	22.5
394	-1.006760	0.000000	0.159965	0.000349	22.7
395	-1.006710	0.000000	0.159965	0.000404	22.7
396	-1.007081	0.000000	0.159965	0.000689	22.9
397	-1.007014	0.000000	0.159965	0.000294	22.7
398	-1.006597	0.000000	0.159965	0.000475	22.6
399	-1.006556	0.000000	0.159965	0.000312	22.8
400	-1.006679	0.000000	0.159965	0.000750	22.7
401	-1.006604	0.000000	0.159965	0.000836	22.6
402	-1.006292	0.000000	0.159965	0.000638	22.6
403	-1.006919	0.000000	0.159965	0.000373	22.6
404	-1.007044	0.000000	0.159965	0.000382	22.6
405	-1.006740	0.000000	0.159965	0.000329	23.2
406	-1.006728	0.000000	0.159965	0.000688	23.0
407	-1.006592	0.000000	0.159965	0.000662	23.0
408	-1.006638	0.000000	0.159965	0.000360	23.2
409	-1.006608	0.000000	0.159965	0.000602	23.1
410	-1.006990	0.000000	0.159965	0.000550	23.1
411	-1.006490	0.000000	0.159965	0.000667	23.1
412	-1.006632	0.000000	0.159965	0.000529	23.1
413	-1.006997	0.000000	0.159965	0.000418	23.1
414	-1.007103	0.000000	0.159965	0.000438	22.7
415	-1.007002	0.000000	0.159965	0.000489	22.6
416	-1.006695	0.000000	0.159965	0.000479	22.7
417	-1.006971	0.000000	0.159965	0.000559	22.6
418	-1.006793	0.000000	0.159965	0.000577	22.5
419	-1.006523	0.000000	0.159965	0.000474	22.6
420	-1.006470	0.000000	0.159965	0.000653	22.7
421	-1.006319	0.000000	0.159965	0.000849	22.7
422	-1.006555	0.000000	0.159965	0.000683	22.7
423	-1.006938	0.000000	0.159965	0.000598	22.9
424	-1.006714	0.000000	0.159965	0.000665	22.7
425	-1.006739	0.000000	0.159965	0.000689	23.0
426	-1.006715	0.000000	0.159965	0.000369	23.1
427	-1.006658	0.000000	0.159965	0.000403	22.7
428	-1.006438	0.000000	0.159965	0.000372	22.6
429	-1.006424	0.000000	0.159965	0.000310	22.6
430	-1.006655	0.000000	0.159965	0.000457	22.6
431	-1.006329	0.000000	0.159965	0.000417	23.0
432	-1.006816	0.000000	0.159965	0.000246	22.6
433	-1.006925	0.000000	0.159965	0.000671	22.9
434	-1.007204	0.000000	0.159965	0.000518	23.2
435	-1.006361	0.000000	0.159965	0.000612	23.2
436	-1.006410	0.000000	0.159965	0.000762	23.1
437	-1.006479	0.000000	0.159965	0.000340	23.1
438	-1.006551	0.000000	0.159965	0.000476	23.1
439	-1.006902	0.000000	0.159965	0.000720	23.2
440	-1.006330	0.000000	0.159965	0.000309	22.6
441	-1.006744	0.000000	0.159965	0.000584	22.7
442	-1.006714	0.000000	0.159965	0.000607	22.7
443	-1.006673	0.000000	0.159965	0.000328	22.7
444	-1.006303	0.000000	0.159965	0.000508	22.6
445	-1.006540	0.000000	0.159965	0.000635	22.6
446	-1.006136	0.000000	0.159965	0.000551	22.6
447	-1.006569	0.000000	0.159965	0.000469	22.6
448	-1.006844	0.000000	0.159965	0.000711	22.8
449	-1.006864	0.000000	0.159965	0.000714	22.8
450	-1.006833	0.000000	0.159965	0.000726	22.6
451	-1.006791	0.000000	0.159965	0.000504	23.1
452	-1.006563	0.000000	0.159965	0.000571	23.2
453	-1.006902	0.000000	0.159965	0.000596	23.1
454	-1.006820	0.000000	0.159965	0.000242	23.0
455	-1.006892	0.000000	0.159965	0.000780	23.1
456	-1.006984	0.000000	0.159965	0.000615	23.1
457	-1.006211	0.000000	0.159965	0.000486	23.0
458	-1.006338	0.000000	0.159965	0.000562	23.1
459	-1.006732	0.000000	0.159965	0.000519	23.0
460	-1.006787	0.000000	0.159965	0.000569	23.2
461	-1.007290	0.000000	0.159965	0.000547	22.6
462	-1.006995	0.000000	0.159965	0.000491	22.7
463	-1.006529	0.000000	0.159965	0.000435	22.7
464	-1.007189	0.000000	0.159965	0.000621	22.6
465	-1.007156	0.000000	0.159965	0.000440	22.8
466	-1.006680	0.000000	0.159965	0.000447	23.1
467	-1.006578	0.000000	0.159965	0.000521	22.8
468	-1.006640	0.000000	0.159965	0.000469	22.7
469	-1.006887	0.000000	0.159965	0.000286	23.2
470	-1.006873	0.000000	0.159965	0.000581	23.2
471	-1.006539	0.000000	0.159965	0.000720	22.7
472	-1.007378	0.000000	0.159965	0.000500	22.7
473	-1.006416	0.000000	0.159965	0.000472	22.6
474	-1.006250	0.000000	0.159965	0.000863	22.7
475	-1.007178	0.000000	0.159965	0.000795	22.7
476	-1.006818	0.000000	0.159965	0.000477	22.6
477	-1.006920	0.000000	0.159965	0.000428	22.6
478	-1.006673	0.000000	0.159965	0.000336	22.7
479	-1.006799	0.000000	0.159965	0.000553	23.1
480	-1.006754	0.000000	0.159965	0.000333	23.0
481	-1.006834	0.000000	0.159965	0.000604	22.6
482	-1.006690	0.000000	0.159965	0.000407	22.6
483	-1.006541	0.000000	0.159965	0.000474	22.7
484	-1.006456	0.000000	0.159965	0.000510	23.1
485	-1.006787	0.000000	0.159965	0.000444	22.6
486	-1.006675	0.000000	0.159965	0.000667	22.9
487	-1.006498	0.000000	0.159965	0.000620	22.9
488	-1.006485	0.000000	0.159965	0.000512	22.6
489	-1.006568	0.000000	0.159965	0.000490	22.8
490	-1.006982	0.000000	0.159965	0.000292	22.6
491	-1.007393	0.000000	0.159965	0.000719	22.6
492	-1.007025	0.000000	0.159965	0.000435	22.7
493	-1.006503	0.000000	0.159965	0.000620	22.6
494	-1.006610	0.000000	0.159965	0.000498	22.6
495	-1.006330	0.000000	0.159965	0.000463	22.7
496	-1.006643	0.000000	0.159965	0.000567	22.7
497	-1.006808	0.000000	0.159965	0.000513	22.9
498	-1.006915	0.000000	0.159965	0.000416	23.1
499	-1.006719	0.000000	0.159965	0.000448	23.1
500	-1.006752	0.000000	0.159965	0.000460	23.0
501	-1.006926	0.000000	0.159965	0.000596	22.8
502	-1.006457	0.000000	0.159965	0.000435	22.7
503	-1.006626	0.000000	0.159965	0.000633	22.6
504	-1.006403	0.000000	0.159965	0.000549	22.8
505	-1.006704	0.000000	0.159965	0.000717	22.7
506	-1.006565	0.000000	0.159965	0.000945	22.6
507	-1.006850	0.000000	0.159965	0.000572	22.6
508	-1.006774	0.000000	0.159965	0.000362	22.6
509	-1.006653	0.000000	0.159965	0.000430	22.7
510	-1.006667	0.000000	0.159965	0.000393	23.2
511	-1.006470	0.000000	0.159965	0.000593	22.7
512	-1.006882	0.000000	0.159965	0.000448	22.7
513	-1.007234	0.000000	0.159965	0.000791	22.6
514	-1.006740	0.849029	0.156193	0.000466	22.7
515	-1.006440	0.049147	0.159740	0.000446	22.6
516	-1.007558	0.000000	0.159965	0.000524	22.7
517	-1.006791	0.000000	0.159965	0.000435	22.7
518	-1.006503	0.000000	0.159965	0.000368	22.6
519	-1.006810	0.000000	0.159965	0.000480	22.7
520	-1.006479	0.000000	0.159965	0.000487	22.6
521	-1.006710	0.000000	0.159965	0.000708	22.6
522	-1.006829	0.000000	0.159965	0.000529	22.6
523	-1.006679	0.000000	0.159965	0.000491	23.2
524	-1.006607	0.000000	0.159965	0.000384	23.1
525	-1.006627	0.000000	0.159965	0.000433	22.6
526	-1.006606	0.000000	0.159965	0.000388	22.7
527	-1.006754	0.000000	0.159965	0.000787	22.9
528	-1.007154	0.000000	0.159965	0.000501	23.2
529	-1.007064	0.000000	0.159965	0.000522	23.0
530	-1.006467	0.000000	0.159965	0.000730	22.6
531	-1.007186	0.000000	0.159965	0.000683	22.6
532	-1.006825	0.000000	0.159965	0.000389	22.6
533	-1.006820	0.000000	0.159965	0.000467	22.6
534	-1.006733	0.000000	0.159965	0.000616	22.6
535	-1.006461	0.000000	0.159965	0.000388	22.6
536	-1.006655	0.000000	0.159965	0.000585	22.7
537	-1.006620	0.000000	0.159965	0.000516	22.6
538	-1.007287	0.000000	0.159965	0.000420	22.7
539	-1.006791	0.000000	0.159965	0.000678	22.6
540	-1.006770	0.000000	0.159965	0.000708	22.6
541	-1.006624	0.000000	0.159965	0.000416	22.6
542	-1.007110	0.000000	0.159965	0.000491	22.6
543	-1.006561	0.000000	0.159965	0.000672	22.6
544	-1.006518	0.000000	0.159965	0.000362	22.7
545	-1.006719	0.000000	0.159965	0.000691	23.0
546	-1.006964	0.000000	0.159965	0.000708	22.9
547	-1.006480	0.000000	0.159965	0.000542	22.6
548	-1.006685	0.000000	0.159965	0.000349	22.6
549	-1.007607	0.000000	0.159965	0.000443	22.6
550	-1.006152	0.000000	0.159965	0.000479	22.7
551	-1.006443	0.000000	0.159965	0.000525	22.9
552	-1.006509	0.000000	0.159965	0.000514	22.7
553	-1.006669	0.000000	0.159965	0.000414	22.7
554	-1.006599	0.000000	0.159965	0.000441	22.9
555	-1.006819	0.000000	0.159965	0.000450	22.7
556	-1.006824	0.000000	0.159965	0.000390	22.7
557	-1.006612	0.000000	0.159965	0.000523	22.6
558	-1.007064	0.000000	0.159965	0.000541	22.6
559	-1.006788	0.000000	0.159965	0.000586	22.7
560	-1.006869	0.000000	0.159965	0.000819	23.3
561	-1.007002	0.000000	0.159965	0.000575	23.3
562	-1.006633	0.000000	0.159965	0.000518	23.1
563	-1.006828	0.000000	0.159965	0.000642	22.7
564	-1.006504	0.000000	0.159965	0.000537	22.8
565	-1.006807	0.000000	0.159965	0.000767	22.7
566	-1.006568	0.000000	0.159965	0.000687	22.7
567	-1.006259	0.000000	0.159965	0.000693	22.8
568	-1.006485	0.000000	0.159965	0.000675	22.7
569	-1.006832	0.000000	0.159965	0.000590	22.6
570	-1.006562	0.000000	0.159965	0.000819	22.6
571	-1.006488	0.000000	0.159965	0.000494	22.8
572	-1.006121	0.000000	0.159965	0.000791	22.8
573	-1.006768	0.000000	0.159965	0.000571	22.6
574	-1.006804	0.267743	0.158749	0.000933	22.9
575	-1.006305	1.267733	0.154418	0.000314	22.8
576	-1.007253	0.467733	0.157857	0.000613	22.6
577	-1.006876	0.000000	0.159965	0.000445	23.1
578	-1.007162	0.000000	0.159965	0.000495	22.8
579	-1.006384	0.000000	0.159965	0.000513	22.7
580	-1.007132	0.000000	0.159965	0.000782	22.6
581	-1.006696	0.000000	0.159965	0.000321	22.6
582	-1.006493	0.000000	0.159965	0.000755	22.6
583	-1.006558	0.000000	0.159965	0.000607	22.6
584	-1.006867	0.000000	0.159965	0.000493	22.6
585	-1.006712	0.000000	0.159965	0.000332	22.7
586	-1.006891	0.000000	0.159965	0.001006	22.7
587	-1.007049	0.000000	0.159965	0.000556	22.8
588	-1.006870	0.000000	0.159965	0.000745	23.0
589	-1.006277	0.000000	0.159965	0.000438	22.7
590	-1.006161	0.000000	0.159965	0.000463	22.6
591	-1.006799	0.000000	0.159965	0.000744	22.6
592	-1.006726	0.000000	0.159965	0.000479	22.6
593	-1.006519	0.000000	0.159965	0.000525	22.6
594	-1.006783	0.000000	0.159965	0.000458	22.6
595	-1.006717	0.000000	0.159965	0.000405	22.6
596	-1.006461	0.000000	0.159965	0.000385	23.1
597	-1.007122	0.000000	0.159965	0.000485	23.1
598	-1.006960	0.000000	0.159965	0.000435	23.2
599	-1.006845	0.000000	0.159965	0.000514	22.7
600	-1.006891	0.000000	0.159965	0.000358	22.7
601	-1.006866	0.000000	0.159965	0.000586	22.6
602	-1.006713	0.000000	0.159965	0.000823	22.7
603	-1.006313	0.000000	0.159965	0.000447	22.7
604	-1.007100	0.000000	0.159965	0.000595	22.7
605	-1.006945	0.000000	0.159965	0.000617	22.8
606	-1.006958	0.000000	0.159965	0.000669	22.9
607	-1.006590	0.000000	0.159965	0.000602	23.2
608	-1.006617	0.000000	0.159965	0.000581	23.2
609	-1.006727	0.000000	0.159965	0.000374	23.2
610	-1.006728	0.000000	0.159965	0.000567	23.1
611	-1.006732	0.000000	0.159965	0.000649	23.2
612	-1.007010	0.000000	0.159965	0.000283	22.7
613	-1.006995	0.000000	0.159965	0.000658	22.6
614	-1.007048	0.000000	0.159965	0.000538	22.6
615	-1.006634	0.000000	0.159965	0.000516	22.8
616	-1.007190	0.000000	0.159965	0.000536	22.6
617	-1.006687	0.000000	0.159965	0.000446	22.6
618	-1.006687	0.000000	0.159965	0.000614	22.7
619	-1.006712	0.000000	0.159965	0.000679	22.9
620	-1.006355	0.000000	0.159965	0.000574	23.1
621	-1.006631	0.000000	0.159965	0.000443	23.1
622	-1.006641	0.000000	0.159965	0.000698	23.1
623	-1.006660	0.000000	0.159965	0.000551	22.7
624	-1.006704	0.000000	0.159965	0.000661	22.8
625	-1.006644	0.000000	0.159965	0.000575	22.6
626	-1.006699	0.000000	0.159965	0.000718	22.5
627	-1.006805	0.983198	0.155619	0.000485	22.7
628	-1.006565	0.183198	0.159130	0.000423	22.7
629	-1.006884	0.000000	0.159965	0.000505	22.6
630	-1.006778	0.000000	0.159965	0.000401	22.6
631	-1.006873	0.000000	0.159965	0.000609	22.6
632	-1.006784	0.000000	0.159965	0.000601	22.6
633	-1.006559	0.000000	0.159965	0.000375	22.7
634	-1.006633	0.000000	0.159965	0.000484	22.6
635	-1.006491	0.000000	0.159965	0.000660	22.7
636	-1.006966	0.000000	0.159965	0.000560	22.9
637	-1.006951	0.000000	0.159965	0.000449	23.1
638	-1.006698	0.000000	0.159965	0.000419	23.0
639	-1.006655	0.000000	0.159965	0.000331	22.6
640	-1.006717	0.000000	0.159965	0.000348	22.7
641	-1.007072	0.000000	0.159965	0.000506	22.7
642	-1.006751	0.000000	0.159965	0.000454	23.5
643	-1.007091	0.000000	0.159965	0.000517	23.4
644	-1.006529	0.000000	0.159965	0.000473	22.6
645	-1.006805	0.000000	0.159965	0.000319	22.6
646	-1.006881	0.000000	0.159965	0.000591	22.8
647	-1.006597	0.000000	0.159965	0.000603	23.0
648	-1.006325	0.000000	0.159965	0.000372	23.2
649	-1.006693	0.000000	0.159965	0.000638	23.0
650	-1.006743	0.000000	0.159965	0.000506	22.6
651	-1.006477	0.000000	0.159965	0.000367	22.7
652	-1.007505	0.000000	0.159965	0.000436	22.6
653	-1.006777	0.000000	0.159965	0.000727	22.7
654	-1.006796	0.000000	0.159965	0.000411	22.6
655	-1.006824	0.000000	0.159965	0.000467	22.7
656	-1.006516	0.000000	0.159965	0.000519	22.5
657	-1.007072	0.000000	0.159965	0.000531	22.9
658	-1.006554	0.000000	0.159965	0.000551	23.3
659	-1.006804	0.000000	0.159965	0.000446	23.2
660	-1.006706	0.000000	0.159965	0.000384	23.1
661	-1.007099	0.000000	0.159965	0.000560	23.1
662	-1.006483	0.000000	0.159965	0.000408	23.1
663	-1.006403	0.000000	0.159965	0.000720	23.1
664	-1.006755	0.000000	0.159965	0.000522	22.7
665	-1.007039	0.000000	0.159965	0.000523	22.6
666	-1.006852	0.000000	0.159965	0.000661	22.8
667	-1.006725	0.000000	0.159965	0.000620	22.6
668	-1.006755	0.000000	0.159965	0.000574	22.7
669	-1.006899	0.000000	0.159965	0.000378	22.8
670	-1.006556	0.000000	0.159965	0.000574	22.7
671	-1.006646	0.000000	0.159965	0.000418	22.7
672	-1.006411	0.000000	0.159965	0.000492	22.7
673	-1.006548	0.000000	0.159965	0.000395	22.6
674	-1.007011	0.000000	0.159965	0.000665	22.6
675	-1.006884	0.000000	0.159965	0.000659	22.7
676	-1.006355	0.000000	0.159965	0.000708	23.1
677	-1.006141	0.000000	0.159965	0.000615	23.2
678	-1.007072	0.000000	0.159965	0.000519	23.2
679	-1.007065	0.000000	0.159965	0.000641	22.7
680	-1.007114	0.000000	0.159965	0.000611	22.6
681	-1.006470	0.000000	0.159965	0.000329	22.7
682	-1.006626	0.000000	0.159965	0.000631	23.0
683	-1.007177	0.000000	0.159965	0.000486	23.1
684	-1.006671	0.000000	0.159965	0.000501	23.1
685	-1.007390	0.000000	0.159965	0.000653	23.2
686	-1.006826	0.000000	0.159965	0.000499	22.9
687	-1.007062	0.000000	0.159965	0.000579	22.5
688	-1.006753	0.000000	0.159965	0.000346	22.9
689	-1.006668	0.000000	0.159965	0.000496	23.1
690	-1.006516	0.000000	0.159965	0.000480	22.7
691	-1.006681	0.000000	0.159965	0.000732	22.7
692	-1.006817	0.000000	0.159965	0.000634	22.7
693	-1.006535	0.000000	0.159965	0.000446	22.7
694	-1.007042	0.000000	0.159965	0.000499	22.7
695	-1.006406	0.000000	0.159965	0.000213	22.6
696	-1.006627	0.000000	0.159965	0.000640	22.6
697	-1.006348	0.000000	0.159965	0.000445	22.9
698	-1.007306	0.000000	0.159965	0.000590	23.2
699	-1.006961	0.000000	0.159965	0.000585	22.7
700	-1.006578	0.000000	0.159965	0.000649	22.6
701	-1.006655	0.000000	0.159965	0.000307	22.6
702	-1.006922	0.000000	0.159965	0.000483	22.6
703	-1.006659	0.000000	0.159965	0.000378	22.7
704	-1.006787	0.000000	0.159965	0.000583	22.7
705	-1.006732	0.000000	0.159965	0.000497	22.7
706	-1.006912	0.000000	0.159965	0.000488	22.6
707	-1.006366	0.000000	0.159965	0.000772	22.6
708	-1.006921	0.000000	0.159965	0.000667	22.6
709	-1.006680	0.000000	0.159965	0.000498	22.6
710	-1.006583	0.000000	0.159965	0.000435	22.6
711	-1.006843	0.000000	0.159965	0.000336	22.6
712	-1.006880	0.000000	0.159965	0.000607	22.7
713	-1.006872	0.000000	0.159965	0.000619	22.7
714	-1.006630	0.000000	0.159965	0.000726	22.6
715	-1.006661	0.000000	0.159965	0.000303	22.6
716	-1.006796	0.000000	0.159965	0.000774	22.6
717	-1.006566	0.000000	0.159965	0.000496	22.6
718	-1.006649	0.000000	0.159965	0.000327	23.0
719	-1.006547	0.000000	0.159965	0.000442	23.1
720	-1.006716	0.000000	0.159965	0.000408	23.1
721	-1.006889	0.000000	0.159965	0.000532	23.0
722	-1.007043	0.000000	0.159965	0.000615	22.6
723	-1.006780	0.000000	0.159965	0.000445	22.7
724	-1.006881	0.000000	0.159965	0.000521	22.6
725	-1.006373	0.000000	0.159965	0.000418	22.7
726	-1.006404	0.000000	0.159965	0.000477	22.6
727	-1.006704	0.000000	0.159965	0.000561	22.6
728	-1.006576	0.000000	0.159965	0.000645	22.6
729	-1.006939	0.000000	0.159965	0.000547	22.8
730	-1.006652	0.000000	0.159965	0.000717	22.9
731	-1.006771	0.000000	0.159965	0.000435	22.6
732	-1.006942	0.000000	0.159965	0.000740	22.6
733	-1.006843	0.000000	0.159965	0.000563	22.6
734	-1.007102	0.000000	0.159965	0.000531	22.8
735	-1.006711	0.000000	0.159965	0.000321	22.7
736	-1.006805	0.000000	0.159965	0.000874	22.8
737	-1.006249	0.000000	0.159965	0.000667	22.7
738	-1.006946	0.000000	0.159965	0.000692	22.7
739	-1.006510	0.000000	0.159965	0.000375	22.8
740	-1.006812	0.000000	0.159965	0.000734	22.6
741	-1.006661	0.000000	0.159965	0.000585	22.6
742	-1.006603	0.000000	0.159965	0.000476	22.7
743	-1.006830	0.000000	0.159965	0.000387	22.7
744	-1.006490	0.000000	0.159965	0.000562	22.6
745	-1.006647	0.000000	0.159965	0.000557	22.6
746	-1.006613	0.000000	0.159965	0.000777	22.6
747	-1.006379	0.000000	0.159965	0.000555	22.8
748	-1.007163	0.999350	0.155550	0.000516	22.7
749	-1.006637	0.199350	0.159057	0.000537	22.6
750	-1.007242	0.000000	0.159965	0.000645	22.9
751	-1.006589	0.000000	0.159965	0.000402	22.7
752	-1.006295	0.000000	0.159965	0.000437	22.6
753	-1.006868	0.000000	0.159965	0.000560	22.6
754	-1.006883	0.000000	0.159965	0.000828	22.6
755	-1.006629	0.000000	0.159965	0.000408	22.7
756	-1.006366	0.000000	0.159965	0.000568	22.8
757	-1.006608	0.000000	0.159965	0.000577	22.6
758	-1.006969	0.000000	0.159965	0.000724	22.6
759	-1.006403	0.000000	0.159965	0.000618	22.6
760	-1.007045	0.000000	0.159965	0.000535	22.6
761	-1.006823	0.000000	0.159965	0.000424	22.6
762	-1.006730	0.000000	0.159965	0.000441	22.6
763	-1.006792	0.000000	0.159965	0.000386	22.6
764	-1.007129	0.000000	0.159965	0.000581	22.7
765	-1.006407	0.000000	0.159965	0.000336	22.7
766	-1.006683	0.000000	0.159965	0.000811	22.7
767	-1.006817	0.000000	0.159965	0.000495	22.6
768	-1.007094	0.000000	0.159965	0.000362	22.5
769	-1.007183	0.000000	0.159965	0.000638	22.6
770	-1.006652	0.000000	0.159965	0.000431	22.6
771	-1.006621	0.000000	0.159965	0.000504	22.7
772	-1.006567	0.000000	0.159965	0.000447	22.6
773	-1.006413	0.000000	0.159965	0.000480	22.8
774	-1.007097	0.000000	0.159965	0.000458	23.0
775	-1.006627	0.000000	0.159965	0.000708	22.7
776	-1.006618	0.000000	0.159965	0.000461	22.7
777	-1.006724	0.000000	0.159965	0.000389	22.6
778	-1.006441	0.000000	0.159965	0.000394	22.6
779	-1.006210	0.000000	0.159965	0.000670	22.6
780	-1.007141	0.000000	0.159965	0.000572	22.6
781	-1.006647	0.000000	0.159965	0.000390	22.7
782	-1.006309	0.000000	0.159965	0.000610	22.7
783	-1.006875	0.000000	0.159965	0.000390	22.7
784	-1.006662	0.000000	0.159965	0.000330	22.8
785	-1.006589	0.000000	0.159965	0.000797	23.1
786	-1.006452	0.000000	0.159965	0.000501	22.8
787	-1.006860	0.000000	0.159965	0.000475	22.5
788	-1.006542	0.000000	0.159965	0.000737	22.7
789	-1.007069	0.000000	0.159965	0.000562	22.6
790	-1.006679	0.000000	0.159965	0.000560	22.6
791	-1.006670	0.000000	0.159965	0.000443	22.6
792	-1.006672	0.000000	0.159965	0.000656	22.5
793	-1.006851	0.000000	0.159965	0.000530	22.7
794	-1.006600	0.000000	0.159965	0.000555	22.6
795	-1.006568	0.000000	0.159965	0.000721	22.6
796	-1.007322	0.000000	0.159965	0.000465	22.7
797	-1.006649	0.000000	0.159965	0.000481	22.6
798	-1.006865	0.000000	0.159965	0.000509	22.6
799	-1.006702	0.000000	0.159965	0.000625	22.6
800	-1.006569	0.000000	0.159965	0.000672	22.7
801	-1.007185	0.000000	0.159965	0.000557	22.7
802	-1.006741	0.000000	0.159965	0.000660	22.7
803	-1.006881	0.000000	0.159965	0.000606	22.8
804	-1.006692	0.000000	0.159965	0.000452	22.7
805	-1.006353	0.000000	0.159965	0.000441	22.6
806	-1.006938	0.000000	0.159965	0.000501	22.6
807	-1.006670	0.000000	0.159965	0.000647	22.6
808	-1.006892	0.000000	0.159965	0.000497	22.6
809	-1.006607	0.000000	0.159965	0.000418	22.6
810	-1.007345	0.000000	0.159965	0.000676	22.7
811	-1.006451	0.000000	0.159965	0.000344	22.6
812	-1.006704	0.000000	0.159965	0.000677	22.6
813	-1.006837	0.000000	0.159965	0.000472	22.7
814	-1.007268	0.000000	0.159965	0.000585	22.7
815	-1.006568	0.000000	0.159965	0.000603	22.7
816	-1.006793	0.000000	0.159965	0.000383	22.6
817	-1.006167	0.000000	0.159965	0.000762	22.8
818	-1.006425	0.000000	0.159965	0.000357	23.0
819	-1.006546	0.000000	0.159965	0.000598	22.9
820	-1.006240	0.000000	0.159965	0.000547	23.1
821	-1.006522	0.000000	0.159965	0.000487	23.1
822	-1.006818	0.000000	0.159965	0.000605	22.7
823	-1.006649	0.000000	0.159965	0.000770	22.6
824	-1.007254	0.000000	0.159965	0.000551	22.7
825	-1.006639	0.000000	0.159965	0.000545	22.7
826	-1.006746	0.000000	0.159965	0.000586	22.7
827	-1.006753	0.000000	0.159965	0.000477	22.6
828	-1.006539	0.000000	0.159965	0.000684	22.6
829	-1.006617	0.000000	0.159965	0.000483	22.7
830	-1.006822	0.000000	0.159965	0.000632	22.8
831	-1.006875	0.000000	0.159965	0.000494	22.6
832	-1.006623	0.000000	0.159965	0.000471	22.6
833	-1.006430	0.000000	0.159965	0.000375	22.6
834	-1.006731	0.000000	0.159965	0.000481	22.6
835	-1.006766	0.000000	0.159965	0.000539	22.8
836	-1.007119	0.000000	0.159965	0.000693	22.8
837	-1.006475	0.000000	0.159965	0.000584	23.0
838	-1.007005	0.000000	0.159965	0.000538	22.8
839	-1.006844	0.000000	0.159965	0.000344	23.0
840	-1.006769	0.000000	0.159965	0.000496	22.6
841	-1.007032	0.000000	0.159965	0.000750	22.6
842	-1.006689	0.000000	0.159965	0.000626	22.6
843	-1.006814	0.000000	0.159965	0.000348	22.8
844	-1.006595	0.000000	0.159965	0.000457	22.7
845	-1.006939	0.000000	0.159965	0.000417	22.8
846	-1.006815	0.000000	0.159965	0.000384	22.7
847	-1.007051	0.000000	0.159965	0.000245	22.6
848	-1.006939	0.172218	0.159180	0.000357	22.6
849	-1.006902	0.000000	0.159965	0.000715	22.7
850	-1.006425	0.000000	0.159965	0.000397	22.6
851	-1.006569	0.000000	0.159965	0.000481	22.6
852	-1.006893	0.000000	0.159965	0.000510	22.7
853	-1.006302	0.000000	0.159965	0.000330	22.7
854	-1.007102	0.000000	0.159965	0.000604	22.6
855	-1.007098	0.000000	0.159965	0.000510	22.6
856	-1.006281	0.000000	0.159965	0.000855	22.8
857	-1.006630	0.000000	0.159965	0.000454	22.7
858	-1.006522	0.000000	0.159965	0.000595	22.6
859	-1.006918	0.000000	0.159965	0.000479	22.6
860	-1.006870	0.000000	0.159965	0.000330	22.7
861	-1.006642	0.000000	0.159965	0.000671	22.9
862	-1.007030	0.000000	0.159965	0.000673	22.9
863	-1.006698	0.000000	0.159965	0.000373	22.7
864	-1.006342	0.000000	0.159965	0.000382	23.2
865	-1.006685	0.000000	0.159965	0.000456	22.7
866	-1.007022	0.000000	0.159965	0.000524	22.7
867	-1.006787	0.000000	0.159965	0.000735	22.6
868	-1.006784	0.000000	0.159965	0.000402	22.7
869	-1.006532	0.000000	0.159965	0.000579	22.6
870	-1.006897	0.000000	0.159965	0.000357	22.6
871	-1.006854	0.000000	0.159965	0.000462	22.6
872	-1.006934	0.000000	0.159965	0.000484	22.6
873	-1.006741	0.000000	0.159965	0.000359	22.5
874	-1.006738	0.000000	0.159965	0.000692	22.8
875	-1.006724	0.000000	0.159965	0.000597	22.6
876	-1.006711	0.000000	0.159965	0.000498	22.6
877	-1.006950	0.000000	0.159965	0.000373	22.7
878	-1.006589	0.000000	0.159965	0.000490	22.7
879	-1.006523	0.000000	0.159965	0.000619	22.7
880	-1.006967	0.000000	0.159965	0.000476	22.6
881	-1.006630	0.000000	0.159965	0.000223	22.9
882	-1.006702	0.000000	0.159965	0.000356	22.6
883	-1.006712	0.000000	0.159965	0.000730	22.8
884	-1.006646	0.000000	0.159965	0.000642	22.7
885	-1.006552	0.000000	0.159965	0.000599	22.6
886	-1.006690	0.000000	0.159965	0.000574	22.6
887	-1.006858	0.000000	0.159965	0.000270	22.7
888	-1.006591	0.000000	0.159965	0.000503	22.8
889	-1.006874	0.000000	0.159965	0.000419	22.6
890	-1.006436	0.000000	0.159965	0.000485	22.5
891	-1.006912	0.000000	0.159965	0.000675	22.6
892	-1.006540	0.000000	0.159965	0.000613	22.5
893	-1.006645	0.000000	0.159965	0.000328	22.6
894	-1.006746	0.000000	0.159965	0.000590	22.6
895	-1.006854	0.000000	0.159965	0.000497	22.6
896	-1.007343	0.000000	0.159965	0.000642	22.6
897	-1.006696	0.000000	0.159965	0.000793	22.7
898	-1.006623	0.000000	0.159965	0.000457	22.6
899	-1.006797	0.000000	0.159965	0.000670	22.7
900	-1.006552	0.000000	0.159965	0.000620	22.5
901	-1.006371	0.000000	0.159965	0.000649	22.7
902	-1.006767	0.000000	0.159965	0.000589	22.6
903	-1.006878	0.000000	0.159965	0.000488	22.6
904	-1.006785	0.000000	0.159965	0.000484	22.6
905	-1.007084	0.000000	0.159965	0.000905	23.0
906	-1.006412	0.000000	0.159965	0.000354	22.8
907	-1.006888	0.000000	0.159965	0.000283	22.7
908	-1.006563	0.000000	0.159965	0.000596	23.0
909	-1.006806	0.000000	0.159965	0.000856	22.6
910	-1.007126	0.000000	0.159965	0.000519	22.7
911	-1.006611	0.000000	0.159965	0.000513	22.6
912	-1.006680	0.000000	0.159965	0.000631	22.6
913	-1.006850	0.000000	0.159965	0.000528	22.7
914	-1.006901	0.000000	0.159965	0.000577	22.6
915	-1.006617	0.000000	0.159965	0.000575	22.7
916	-1.006991	0.000000	0.159965	0.000559	22.7
917	-1.006386	0.000000	0.159965	0.000593	22.6
918	-1.006747	0.000000	0.159965	0.000629	22.7
919	-1.006975	0.000000	0.159965	0.000405	22.6
920	-1.006601	0.000000	0.159965	0.000271	22.6
921	-1.006829	0.000000	0.159965	0.000589	22.6
922	-1.006786	0.000000	0.159965	0.000850	22.6
923	-1.006739	0.000000	0.159965	0.000603	22.7
924	-1.006366	0.000000	0.159965	0.000360	22.7
925	-1.006593	0.000000	0.159965	0.000485	22.6
926	-1.006717	0.000000	0.159965	0.000525	22.8
927	-1.006408	0.000000	0.159965	0.000397	22.7
928	-1.006322	0.000000	0.159965	0.000444	22.7
929	-1.007067	0.000000	0.159965	0.000265	22.8
930	-1.006520	0.000000	0.159965	0.000556	22.5
931	-1.006491	0.000000	0.159965	0.000527	22.6
932	-1.007190	0.000000	0.159965	0.000766	22.7
933	-1.006658	0.000000	0.159965	0.000488	22.7
934	-1.006170	0.000000	0.159965	0.000573	22.8
935	-1.007041	0.000000	0.159965	0.000597	22.9
936	-1.006411	0.000000	0.159965	0.000395	23.0
937	-1.006689	0.000000	0.159965	0.000607	23.1
938	-1.006604	0.000000	0.159965	0.000382	23.0
939	-1.006761	0.000000	0.159965	0.000380	22.8
940	-1.006997	0.000000	0.159965	0.000398	22.6
941	-1.007241	0.000000	0.159965	0.000709	23.0
942	-1.006574	0.000000	0.159965	0.000726	22.8
943	-1.006833	0.000000	0.159965	0.000593	22.9
944	-1.006656	0.000000	0.159965	0.000695	22.8
945	-1.006751	0.000000	0.159965	0.000386	22.6
946	-1.006694	0.000000	0.159965	0.000456	22.6
947	-1.006572	0.000000	0.159965	0.000408	22.7
948	-1.006477	0.000000	0.159965	0.000602	22.6
949	-1.006633	0.000000	0.159965	0.000593	22.8
950	-1.006916	0.000000	0.159965	0.000364	22.8
951	-1.006944	0.000000	0.159965	0.000687	23.0
952	-1.006842	0.000000	0.159965	0.000572	23.3
953	-1.006503	0.000000	0.159965	0.000469	23.1
954	-1.006600	0.000000	0.159965	0.000494	22.7
955	-1.006613	0.000000	0.159965	0.000361	22.7
956	-1.006154	0.000000	0.159965	0.000512	22.7
957	-1.006682	0.000000	0.159965	0.000425	22.7
958	-1.006714	0.000000	0.159965	0.000410	22.7
959	-1.007011	0.000000	0.159965	0.000627	23.1
960	-1.006859	0.000000	0.159965	0.000786	23.2
961	-1.006777	0.000000	0.159965	0.000309	23.1
962	-1.006928	0.000000	0.159965	0.000620	23.7
963	-1.006735	0.000000	0.159965	0.000728	23.1
964	-1.007137	0.000000	0.159965	0.000550	22.6
965	-1.006449	0.000000	0.159965	0.000757	22.6
966	-1.006721	0.000000	0.159965	0.000828	22.6
967	-1.006620	0.000000	0.159965	0.000595	22.6
968	-1.006485	0.000000	0.159965	0.000455	22.6
969	-1.006917	0.000000	0.159965	0.000453	22.8
970	-1.006511	0.000000	0.159965	0.000550	22.6
971	-1.006465	0.000000	0.159965	0.000675	22.6
972	-1.006211	0.000000	0.159965	0.000501	22.6
973	-1.006630	0.000000	0.159965	0.000412	22.6
974	-1.006048	0.000000	0.159965	0.000618	22.6
975	-1.006725	0.000000	0.159965	0.000800	22.8
976	-1.006761	0.000000	0.159965	0.000580	23.1
977	-1.006649	0.000000	0.159965	0.000466	23.0
978	-1.006400	0.000000	0.159965	0.000444	22.9
979	-1.006593	0.000000	0.159965	0.000510	23.0
980	-1.006898	0.610913	0.157227	0.000462	22.7
981	-1.006337	0.000000	0.159965	0.000581	22.9
982	-1.006450	0.000000	0.159965	0.000413	23.1
983	-1.006856	0.000000	0.159965	0.000734	23.0
984	-1.006766	0.000000	0.159965	0.000419	22.7
985	-1.006643	0.000000	0.159965	0.000511	22.6
986	-1.006940	0.000000	0.159965	0.000711	22.6
987	-1.006318	0.000000	0.159965	0.000647	22.6
988	-1.006975	0.000000	0.159965	0.000866	22.6
989	-1.006851	0.000000	0.159965	0.000635	22.8
990	-1.006507	0.000000	0.159965	0.000590	22.6
991	-1.006573	0.000000	0.159965	0.000606	22.6
992	-1.006326	0.000000	0.159965	0.000459	22.6
993	-1.006630	0.000000	0.159965	0.000640	22.8
994	-1.006838	0.000000	0.159965	0.000384	22.9
995	-1.006627	0.000000	0.159965	0.000483	22.7
996	-1.007043	0.000000	0.159965	0.000777	22.6
997	-1.007293	0.001473	0.159958	0.000564	22.9
998	-1.006745	0.000000	0.159965	0.000419	22.8
999	-1.006688	0.000000	0.159965	0.000603	22.7
