1:ItNr	2:Metric	3a:Time	3b:StepSize	4:||Gradient||	Time[ms]
0	-1.011128	0.000000	0.159965	0.000340	24.1
1	-1.010680	0.000000	0.159965	0.000403	22.8
2	-1.010812	0.000000	0.159965	0.000372	22.8
3	-1.010974	0.000000	0.159965	0.000386	22.7
4	-1.011063	0.000000	0.159965	0.000371	22.7
5	-1.010622	0.000000	0.159965	0.000369	22.7
6	-1.011503	0.000000	0.159965	0.000392	22.7
7	-1.011028	0.000000	0.159965	0.000440	22.8
8	-1.011168	0.000000	0.159965	0.000397	22.8
9	-1.010766	0.000000	0.159965	0.000348	22.7
10	-1.010620	0.000000	0.159965	0.000438	22.6
11	-1.011110	0.000000	0.159965	0.000375	22.9
12	-1.010663	0.000000	0.159965	0.000329	22.8
13	-1.011375	0.000000	0.159965	0.000476	22.7
14	-1.010901	0.000000	0.159965	0.000429	22.7
15	-1.011124	0.000000	0.159965	0.000370	22.8
16	-1.010752	0.000000	0.159965	0.000317	22.8
17	-1.010857	0.000000	0.159965	0.000365	22.9
18	-1.010971	0.000000	0.159965	0.000401	23.2
19	-1.011372	0.000000	0.159965	0.000318	25.4
20	-1.010555	0.000000	0.159965	0.000436	23.0
21	-1.010687	0.000000	0.159965	0.000429	22.7
22	-1.010874	0.000000	0.159965	0.000363	24.2
23	-1.010892	0.000000	0.159965	0.000356	22.7
24	-1.010882	0.000000	0.159965	0.000368	22.8
25	-1.011288	0.000000	0.159965	0.000433	22.9
26	-1.010947	0.000000	0.159965	0.000350	22.9
27	-1.010974	0.000000	0.159965	0.000416	22.7
28	-1.010663	0.000000	0.159965	0.000338	22.8
29	-1.010819	0.000000	0.159965	0.000408	22.5
30	-1.010827	0.000000	0.159965	0.000389	22.0
31	-1.010895	0.000000	0.159965	0.000396	22.0
32	-1.010739	0.000000	0.159965	0.000415	22.0
33	-1.010711	0.000000	0.159965	0.000372	22.1
34	-1.011075	0.000000	0.159965	0.000379	24.4
35	-1.011002	0.000000	0.159965	0.000452	22.1
36	-1.011293	0.000000	0.159965	0.000462	21.9
37	-1.010653	0.000000	0.159965	0.000323	22.1
38	-1.011253	0.000000	0.159965	0.000379	22.2
39	-1.010471	0.000000	0.159965	0.000388	22.5
40	-1.011080	0.000000	0.159965	0.000431	22.5
41	-1.011372	0.000000	0.159965	0.000411	23.2
42	-1.011192	0.000000	0.159965	0.000312	23.0
43	-1.011356	0.000000	0.159965	0.000389	23.0
44	-1.010890	0.000000	0.159965	0.000370	23.0
45	-1.010988	0.000000	0.159965	0.000464	22.9
46	-1.010925	0.000000	0.159965	0.000328	23.0
47	-1.011087	0.000000	0.159965	0.000373	23.3
48	-1.011178	0.000000	0.159965	0.000459	22.8
49	-1.010832	0.000000	0.159965	0.000290	22.8
50	-1.010917	0.000000	0.159965	0.000296	22.9
51	-1.011061	0.000000	0.159965	0.000364	22.9
52	-1.010714	0.000000	0.159965	0.000347	22.8
53	-1.011126	0.000000	0.159965	0.000360	23.2
54	-1.010972	0.000000	0.159965	0.000364	22.8
55	-1.010945	0.000000	0.159965	0.000314	22.8
56	-1.010633	0.000000	0.159965	0.000550	22.8
57	-1.010824	0.000000	0.159965	0.000436	22.7
58	-1.010604	0.000000	0.159965	0.000374	22.6
59	-1.010666	0.000000	0.159965	0.000369	22.8
60	-1.010760	0.000000	0.159965	0.000226	22.7
61	-1.010757	0.000000	0.159965	0.000333	22.7
62	-1.010756	0.000000	0.159965	0.000498	22.8
63	-1.010647	0.000000	0.159965	0.000325	22.7
64	-1.010980	0.000000	0.159965	0.000375	22.7
65	-1.010525	0.000000	0.159965	0.000339	22.8
66	-1.011059	0.000000	0.159965	0.000308	22.6
67	-1.010610	0.000000	0.159965	0.000480	22.7
68	-1.010798	0.000000	0.159965	0.000423	22.8
69	-1.010823	0.000000	0.159965	0.000385	22.6
70	-1.011332	0.000000	0.159965	0.000324	23.1
71	-1.011402	0.000000	0.159965	0.000417	22.8
72	-1.011266	0.000000	0.159965	0.000448	22.8
73	-1.010975	0.000000	0.159965	0.000405	22.7
74	-1.011128	0.000000	0.159965	0.000331	22.7
75	-1.010781	0.000000	0.159965	0.000313	22.5
76	-1.010879	0.000000	0.159965	0.000440	22.5
77	-1.010805	0.000000	0.159965	0.000355	22.6
78	-1.010767	0.000000	0.159965	0.000335	22.6
79	-1.010822	0.000000	0.159965	0.000347	22.5
80	-1.010961	0.000000	0.159965	0.000371	22.7
81	-1.010648	0.000000	0.159965	0.000293	22.7
82	-1.011227	0.000000	0.159965	0.000398	22.5
83	-1.010720	0.000000	0.159965	0.000501	22.3
84	-1.011093	0.000000	0.159965	0.000267	22.2
85	-1.011375	0.000000	0.159965	0.000334	22.3
86	-1.010978	0.000000	0.159965	0.000383	22.6
87	-1.010862	0.000000	0.159965	0.000442	22.5
88	-1.010666	0.000000	0.159965	0.000385	22.5
89	-1.010674	0.000000	0.159965	0.000318	22.6
90	-1.011115	0.000000	0.159965	0.000373	22.4
91	-1.010714	0.000000	0.159965	0.000274	22.6
92	-1.011006	0.000000	0.159965	0.000393	22.4
93	-1.011086	0.000000	0.159965	0.000355	22.3
94	-1.010822	0.000000	0.159965	0.000487	22.3
95	-1.011097	0.000000	0.159965	0.000362	22.8
96	-1.011302	0.000000	0.159965	0.000340	22.6
97	-1.010908	0.000000	0.159965	0.000338	22.8
98	-1.011151	0.000000	0.159965	0.000373	23.0
99	-1.011048	0.000000	0.159965	0.000432	22.9
100	-1.010999	0.000000	0.159965	0.000485	22.3
101	-1.010519	0.000000	0.159965	0.000352	22.4
102	-1.010857	0.000000	0.159965	0.000397	22.1
103	-1.010844	0.000000	0.159965	0.000387	22.2
104	-1.010772	0.000000	0.159965	0.000298	22.7
105	-1.010593	0.000000	0.159965	0.000369	22.0
106	-1.010812	0.000000	0.159965	0.000412	22.0
107	-1.010579	0.000000	0.159965	0.000446	22.1
108	-1.011131	0.000000	0.159965	0.000444	22.0
109	-1.010769	0.000000	0.159965	0.000393	22.1
110	-1.010947	0.000000	0.159965	0.000406	22.2
111	-1.011305	0.000000	0.159965	0.000339	22.2
112	-1.011265	0.000000	0.159965	0.000317	22.1
113	-1.011050	0.000000	0.159965	0.000299	21.9
114	-1.010430	0.000000	0.159965	0.000405	21.9
115	-1.011221	0.000000	0.159965	0.000355	22.0
116	-1.011265	0.000000	0.159965	0.000388	21.9
117	-1.011031	0.000000	0.159965	0.000406	22.0
118	-1.010691	0.000000	0.159965	0.000314	21.9
119	-1.011340	0.000000	0.159965	0.000343	22.0
120	-1.010775	0.000000	0.159965	0.000355	21.9
121	-1.010690	0.000000	0.159965	0.000316	22.1
122	-1.010581	0.000000	0.159965	0.000458	22.0
123	-1.010720	0.000000	0.159965	0.000347	22.0
124	-1.011277	0.000000	0.159965	0.000319	21.9
125	-1.011247	0.000000	0.159965	0.000318	22.1
126	-1.010924	0.000000	0.159965	0.000432	22.1
127	-1.011251	0.000000	0.159965	0.000358	22.0
128	-1.011444	0.000000	0.159965	0.000408	21.9
129	-1.010689	0.000000	0.159965	0.000302	21.9
130	-1.011094	0.000000	0.159965	0.000384	21.9
131	-1.011034	0.000000	0.159965	0.000363	21.9
132	-1.010631	0.000000	0.159965	0.000353	22.0
133	-1.011133	0.000000	0.159965	0.000380	21.9
134	-1.010827	0.000000	0.159965	0.000352	21.8
135	-1.011086	0.000000	0.159965	0.000370	21.9
136	-1.011148	0.000000	0.159965	0.000423	21.9
137	-1.010720	0.000000	0.159965	0.000406	22.0
138	-1.010459	0.000000	0.159965	0.000331	22.0
139	-1.010610	0.000000	0.159965	0.000275	22.1
140	-1.010498	0.000000	0.159965	0.000396	21.9
141	-1.011088	0.000000	0.159965	0.000386	21.9
142	-1.011179	0.000000	0.159965	0.000392	22.0
143	-1.010944	0.000000	0.159965	0.000449	21.9
144	-1.010836	0.000000	0.159965	0.000334	22.2
145	-1.010613	0.000000	0.159965	0.000436	22.2
146	-1.010555	0.000000	0.159965	0.000275	22.5
147	-1.010238	0.000000	0.159965	0.000291	22.5
148	-1.010404	0.000000	0.159965	0.000422	22.1
149	-1.010783	0.000000	0.159965	0.000300	22.1
150	-1.011587	0.000000	0.159965	0.000398	22.1
151	-1.011129	0.000000	0.159965	0.000358	21.9
152	-1.010609	0.000000	0.159965	0.000355	22.1
153	-1.010810	0.000000	0.159965	0.000375	22.0
154	-1.011008	0.000000	0.159965	0.000435	21.9
155	-1.010929	0.000000	0.159965	0.000317	21.9
156	-1.010766	0.000000	0.159965	0.000334	22.3
157	-1.011397	0.000000	0.159965	0.000360	22.6
158	-1.011232	0.000000	0.159965	0.000390	21.9
159	-1.011146	0.000000	0.159965	0.000353	21.8
160	-1.011045	0.000000	0.159965	0.000435	22.1
161	-1.010889	0.000000	0.159965	0.000346	22.0
162	-1.010733	0.000000	0.159965	0.000278	22.5
163	-1.010893	0.000000	0.159965	0.000325	22.4
164	-1.010820	0.000000	0.159965	0.000408	22.5
165	-1.010936	0.000000	0.159965	0.000464	22.6
166	-1.010794	0.000000	0.159965	0.000342	22.2
167	-1.011310	0.000000	0.159965	0.000349	22.3
168	-1.010695	0.000000	0.159965	0.000433	22.5
169	-1.011113	0.000000	0.159965	0.000320	22.6
170	-1.010789	0.000000	0.159965	0.000426	22.6
171	-1.010866	0.000000	0.159965	0.000347	22.5
172	-1.010961	0.000000	0.159965	0.000442	22.1
173	-1.011029	0.000000	0.159965	0.000310	21.9
174	-1.011174	0.000000	0.159965	0.000445	21.9
175	-1.010817	0.000000	0.159965	0.000335	21.8
176	-1.011583	0.000000	0.159965	0.000374	22.0
177	-1.011262	0.000000	0.159965	0.000342	22.0
178	-1.011006	0.000000	0.159965	0.000344	21.9
179	-1.010898	0.000000	0.159965	0.000438	21.9
180	-1.010334	0.000000	0.159965	0.000344	21.9
181	-1.010726	0.000000	0.159965	0.000392	21.8
182	-1.010772	0.000000	0.159965	0.000460	21.9
183	-1.010833	0.000000	0.159965	0.000359	21.8
184	-1.010707	0.000000	0.159965	0.000410	22.0
185	-1.010774	0.000000	0.159965	0.000369	22.0
186	-1.010681	0.000000	0.159965	0.000380	21.9
187	-1.010622	0.000000	0.159965	0.000344	22.0
188	-1.010400	0.000000	0.159965	0.000324	21.9
189	-1.011089	0.000000	0.159965	0.000438	21.9
190	-1.010948	0.000000	0.159965	0.000383	22.3
191	-1.011456	0.000000	0.159965	0.000518	22.0
192	-1.011223	0.000000	0.159965	0.000310	22.3
193	-1.010924	0.000000	0.159965	0.000393	21.9
194	-1.010840	0.000000	0.159965	0.000356	22.2
195	-1.011140	0.000000	0.159965	0.000346	21.9
196	-1.010846	0.000000	0.159965	0.000420	22.0
197	-1.010885	0.000000	0.159965	0.000322	22.0
198	-1.011002	0.000000	0.159965	0.000302	22.0
199	-1.010951	0.000000	0.159965	0.000405	21.9
200	-1.010662	0.000000	0.159965	0.000364	21.9
201	-1.010811	0.000000	0.159965	0.000336	22.5
202	-1.010889	0.000000	0.159965	0.000412	22.8
203	-1.010750	0.000000	0.159965	0.000369	22.7
204	-1.011109	0.000000	0.159965	0.000390	22.8
205	-1.010507	0.000000	0.159965	0.000418	22.2
206	-1.011296	0.000000	0.159965	0.000524	21.9
207	-1.011003	0.000000	0.159965	0.000387	22.0
208	-1.010909	0.000000	0.159965	0.000314	22.1
209	-1.010970	0.000000	0.159965	0.000406	21.8
210	-1.011219	0.000000	0.159965	0.000306	21.9
211	-1.011012	0.000000	0.159965	0.000379	22.0
212	-1.011073	0.000000	0.159965	0.000543	21.9
213	-1.011143	0.000000	0.159965	0.000387	24.3
214	-1.010563	0.000000	0.159965	0.000392	21.9
215	-1.010588	0.000000	0.159965	0.000376	22.1
216	-1.011065	0.000000	0.159965	0.000302	21.8
217	-1.010828	0.000000	0.159965	0.000414	22.1
218	-1.011005	0.000000	0.159965	0.000387	21.9
219	-1.010801	0.000000	0.159965	0.000360	21.9
220	-1.010977	0.000000	0.159965	0.000415	21.9
221	-1.011487	0.000000	0.159965	0.000397	21.9
222	-1.010900	0.000000	0.159965	0.000336	21.9
223	-1.011027	0.000000	0.159965	0.000306	21.9
224	-1.011297	0.000000	0.159965	0.000350	22.0
225	-1.010945	0.000000	0.159965	0.000327	22.0
226	-1.011089	0.000000	0.159965	0.000414	21.8
227	-1.011115	0.000000	0.159965	0.000410	21.8
228	-1.010748	0.000000	0.159965	0.000442	21.8
229	-1.010894	0.000000	0.159965	0.000344	21.9
230	-1.011144	0.000000	0.159965	0.000356	22.0
231	-1.011102	0.000000	0.159965	0.000390	22.0
232	-1.011013	0.000000	0.159965	0.000336	21.8
233	-1.011351	0.000000	0.159965	0.000434	22.1
234	-1.011131	0.000000	0.159965	0.000434	22.0
235	-1.011267	0.000000	0.159965	0.000482	22.3
236	-1.011012	0.000000	0.159965	0.000411	22.0
237	-1.010533	0.000000	0.159965	0.000364	21.9
238	-1.010910	0.000000	0.159965	0.000421	21.9
239	-1.011001	0.000000	0.159965	0.000398	22.3
240	-1.010782	0.000000	0.159965	0.000334	22.1
241	-1.010649	0.000000	0.159965	0.000410	21.9
242	-1.010564	0.000000	0.159965	0.000282	22.0
243	-1.011127	0.000000	0.159965	0.000424	22.3
244	-1.011311	0.000000	0.159965	0.000335	21.8
245	-1.010712	0.000000	0.159965	0.000373	21.8
246	-1.010984	0.000000	0.159965	0.000539	22.2
247	-1.011127	0.000000	0.159965	0.000322	21.8
248	-1.011059	0.000000	0.159965	0.000449	21.9
249	-1.010751	0.000000	0.159965	0.000420	22.6
250	-1.010853	0.000000	0.159965	0.000337	22.7
251	-1.010688	0.000000	0.159965	0.000405	22.0
252	-1.011245	0.000000	0.159965	0.000393	22.0
253	-1.010939	0.000000	0.159965	0.000432	21.9
254	-1.011056	0.000000	0.159965	0.000457	21.9
255	-1.011052	0.000000	0.159965	0.000427	22.0
256	-1.010909	0.000000	0.159965	0.000391	21.8
257	-1.010664	0.000000	0.159965	0.000306	21.9
258	-1.010785	0.000000	0.159965	0.000329	22.0
259	-1.010706	0.000000	0.159965	0.000389	21.9
260	-1.011370	0.000000	0.159965	0.000402	22.0
261	-1.011210	0.000000	0.159965	0.000365	22.1
262	-1.011159	0.000000	0.159965	0.000415	21.8
263	-1.011187	0.000000	0.159965	0.000332	22.1
264	-1.010744	0.000000	0.159965	0.000307	21.9
265	-1.010529	0.000000	0.159965	0.000370	21.9
266	-1.010609	0.000000	0.159965	0.000363	21.9
267	-1.011208	0.000000	0.159965	0.000411	21.9
268	-1.010660	0.000000	0.159965	0.000347	21.8
269	-1.011071	0.000000	0.159965	0.000433	21.8
270	-1.010877	0.000000	0.159965	0.000515	21.9
271	-1.010793	0.000000	0.159965	0.000400	22.0
272	-1.010555	0.000000	0.159965	0.000357	21.9
273	-1.011043	0.000000	0.159965	0.000359	22.0
274	-1.011251	0.000000	0.159965	0.000352	21.9
275	-1.010931	0.000000	0.159965	0.000373	21.9
276	-1.010931	0.000000	0.159965	0.000332	22.1
277	-1.011318	0.000000	0.159965	0.000471	21.8
278	-1.010587	0.000000	0.159965	0.000395	21.9
279	-1.011058	0.000000	0.159965	0.000291	22.0
280	-1.010694	0.000000	0.159965	0.000387	22.1
281	-1.011073	0.000000	0.159965	0.000438	22.2
282	-1.010719	0.000000	0.159965	0.000450	21.8
283	-1.010642	0.000000	0.159965	0.000499	21.9
284	-1.011134	0.000000	0.159965	0.000415	21.8
285	-1.010675	0.000000	0.159965	0.000396	22.5
286	-1.011140	0.000000	0.159965	0.000411	22.3
287	-1.010855	0.000000	0.159965	0.000411	22.5
288	-1.010776	0.000000	0.159965	0.000365	22.0
289	-1.011036	0.000000	0.159965	0.000388	21.8
290	-1.010986	0.000000	0.159965	0.000319	21.8
291	-1.011195	0.000000	0.159965	0.000437	21.8
292	-1.010854	0.000000	0.159965	0.000325	21.9
293	-1.011064	0.000000	0.159965	0.000324	21.9
294	-1.011099	0.000000	0.159965	0.000402	22.0
295	-1.010928	0.000000	0.159965	0.000336	21.8
296	-1.011217	0.000000	0.159965	0.000406	21.8
297	-1.010864	0.000000	0.159965	0.000311	21.9
298	-1.010833	0.000000	0.159965	0.000353	21.9
299	-1.010461	0.000000	0.159965	0.000410	21.8
300	-1.011081	0.000000	0.159965	0.000396	22.2
301	-1.011266	0.000000	0.159965	0.000271	21.9
302	-1.010798	0.000000	0.159965	0.000373	21.8
303	-1.011074	0.000000	0.159965	0.000372	21.9
304	-1.011428	0.000000	0.159965	0.000385	21.8
305	-1.010348	0.000000	0.159965	0.000359	21.8
306	-1.010860	0.000000	0.159965	0.000411	21.8
307	-1.010844	0.000000	0.159965	0.000387	21.9
308	-1.011385	0.000000	0.159965	0.000388	21.8
309	-1.011110	0.000000	0.159965	0.000473	21.8
310	-1.010670	0.000000	0.159965	0.000296	21.9
311	-1.011074	0.000000	0.159965	0.000377	21.8
312	-1.010737	0.000000	0.159965	0.000333	22.0
313	-1.011012	0.000000	0.159965	0.000389	21.9
314	-1.010722	0.000000	0.159965	0.000354	21.8
315	-1.011233	0.000000	0.159965	0.000400	21.8
316	-1.010689	0.000000	0.159965	0.000413	21.8
317	-1.010886	0.000000	0.159965	0.000345	21.8
318	-1.011143	0.000000	0.159965	0.000366	21.9
319	-1.011124	0.000000	0.159965	0.000330	21.8
320	-1.010870	0.000000	0.159965	0.000288	22.6
321	-1.010772	0.000000	0.159965	0.000419	22.1
322	-1.010825	0.000000	0.159965	0.000460	22.6
323	-1.011169	0.000000	0.159965	0.000389	21.8
324	-1.011095	0.000000	0.159965	0.000332	22.3
325	-1.010930	0.000000	0.159965	0.000412	22.4
326	-1.010577	0.000000	0.159965	0.000476	22.4
327	-1.010732	0.000000	0.159965	0.000324	22.7
328	-1.011045	0.000000	0.159965	0.000334	22.8
329	-1.010634	0.000000	0.159965	0.000359	22.9
330	-1.011212	0.000000	0.159965	0.000454	23.0
331	-1.010929	0.000000	0.159965	0.000381	22.7
332	-1.010875	0.000000	0.159965	0.000356	22.7
333	-1.010995	0.000000	0.159965	0.000434	22.8
334	-1.011349	0.000000	0.159965	0.000350	22.6
335	-1.011077	0.000000	0.159965	0.000424	22.7
336	-1.010953	0.000000	0.159965	0.000461	22.5
337	-1.010689	0.000000	0.159965	0.000360	22.5
338	-1.011124	0.000000	0.159965	0.000366	22.2
339	-1.011119	0.000000	0.159965	0.000408	22.5
340	-1.010887	0.000000	0.159965	0.000402	22.2
341	-1.010805	0.000000	0.159965	0.000311	22.3
342	-1.010981	0.000000	0.159965	0.000393	22.3
343	-1.011302	0.000000	0.159965	0.000323	22.3
344	-1.010746	0.000000	0.159965	0.000391	22.2
345	-1.010918	0.000000	0.159965	0.000388	22.3
346	-1.011239	0.000000	0.159965	0.000409	22.3
347	-1.011309	0.000000	0.159965	0.000300	22.4
348	-1.010223	0.000000	0.159965	0.000319	22.5
349	-1.011424	0.000000	0.159965	0.000439	22.7
350	-1.010954	0.000000	0.159965	0.000300	22.4
351	-1.010830	0.000000	0.159965	0.000339	22.3
352	-1.010656	0.000000	0.159965	0.000455	22.6
353	-1.010925	0.000000	0.159965	0.000439	22.6
354	-1.010544	0.000000	0.159965	0.000353	22.8
355	-1.011085	0.000000	0.159965	0.000391	22.8
356	-1.011022	0.000000	0.159965	0.000446	22.4
357	-1.010950	0.000000	0.159965	0.000340	22.5
358	-1.010520	0.000000	0.159965	0.000268	22.4
359	-1.011184	0.000000	0.159965	0.000389	22.3
360	-1.010649	0.000000	0.159965	0.000293	22.3
361	-1.011269	0.000000	0.159965	0.000305	22.2
362	-1.011281	0.000000	0.159965	0.000362	22.4
363	-1.010991	0.000000	0.159965	0.000357	22.3
364	-1.011098	0.000000	0.159965	0.000452	22.1
365	-1.010905	0.000000	0.159965	0.000445	21.9
366	-1.011572	0.000000	0.159965	0.000377	22.4
367	-1.011093	0.000000	0.159965	0.000389	22.4
368	-1.011321	0.000000	0.159965	0.000327	22.0
369	-1.010929	0.000000	0.159965	0.000397	22.1
370	-1.010838	0.000000	0.159965	0.000363	22.3
371	-1.010745	0.000000	0.159965	0.000365	22.1
372	-1.010938	0.000000	0.159965	0.000315	22.4
373	-1.011069	0.000000	0.159965	0.000314	22.0
374	-1.011122	0.000000	0.159965	0.000444	21.8
375	-1.010963	0.000000	0.159965	0.000305	22.3
376	-1.010879	0.000000	0.159965	0.000294	22.0
377	-1.010944	0.000000	0.159965	0.000357	21.9
378	-1.010942	0.000000	0.159965	0.000488	22.0
379	-1.010920	0.000000	0.159965	0.000349	21.9
380	-1.011094	0.000000	0.159965	0.000338	21.9
381	-1.010920	0.000000	0.159965	0.000435	22.0
382	-1.010991	0.000000	0.159965	0.000383	22.2
383	-1.011242	0.000000	0.159965	0.000354	21.8
384	-1.010983	0.000000	0.159965	0.000431	21.9
385	-1.010981	0.000000	0.159965	0.000371	21.8
386	-1.011255	0.000000	0.159965	0.000412	21.9
387	-1.010715	0.000000	0.159965	0.000369	22.0
388	-1.011314	0.000000	0.159965	0.000358	22.2
389	-1.010607	0.000000	0.159965	0.000411	21.9
390	-1.010624	0.000000	0.159965	0.000303	22.3
391	-1.011296	0.000000	0.159965	0.000317	22.1
392	-1.010938	0.000000	0.159965	0.000432	22.1
393	-1.010783	0.000000	0.159965	0.000383	22.1
394	-1.010995	0.000000	0.159965	0.000367	24.1
395	-1.010750	0.000000	0.159965	0.000408	21.8
396	-1.010900	0.000000	0.159965	0.000408	22.0
397	-1.010646	0.000000	0.159965	0.000369	22.1
398	-1.011218	0.000000	0.159965	0.000446	21.9
399	-1.010672	0.000000	0.159965	0.000411	21.9
400	-1.011118	0.000000	0.159965	0.000401	21.8
401	-1.010785	0.000000	0.159965	0.000378	21.9
402	-1.010930	0.000000	0.159965	0.000390	21.9
403	-1.010757	0.000000	0.159965	0.000403	21.8
404	-1.011237	0.000000	0.159965	0.000429	21.9
405	-1.010976	0.000000	0.159965	0.000352	21.8
406	-1.011179	0.000000	0.159965	0.000395	21.9
407	-1.010667	0.000000	0.159965	0.000325	21.8
408	-1.011383	0.000000	0.159965	0.000358	21.9
409	-1.011092	0.000000	0.159965	0.000325	21.8
410	-1.010829	0.000000	0.159965	0.000300	22.0
411	-1.011236	0.000000	0.159965	0.000382	22.0
412	-1.010909	0.000000	0.159965	0.000342	21.9
413	-1.011113	0.000000	0.159965	0.000381	21.8
414	-1.010841	0.000000	0.159965	0.000452	21.9
415	-1.010952	0.000000	0.159965	0.000332	22.1
416	-1.011015	0.000000	0.159965	0.000303	22.3
417	-1.010680	0.000000	0.159965	0.000352	22.1
418	-1.010961	0.000000	0.159965	0.000414	21.8
419	-1.010977	0.000000	0.159965	0.000374	22.4
420	-1.010967	0.000000	0.159965	0.000297	22.1
421	-1.011075	0.000000	0.159965	0.000274	21.9
422	-1.010776	0.000000	0.159965	0.000407	21.9
423	-1.010745	0.000000	0.159965	0.000397	21.8
424	-1.011201	0.000000	0.159965	0.000370	22.0
425	-1.011013	0.000000	0.159965	0.000410	22.0
426	-1.011400	0.000000	0.159965	0.000404	21.8
427	-1.010731	0.000000	0.159965	0.000291	22.0
428	-1.010661	0.000000	0.159965	0.000349	22.0
429	-1.010747	0.000000	0.159965	0.000343	22.0
430	-1.011202	0.000000	0.159965	0.000378	22.3
431	-1.010834	0.000000	0.159965	0.000417	22.5
432	-1.011014	0.000000	0.159965	0.000378	22.4
433	-1.010879	0.000000	0.159965	0.000386	22.4
434	-1.011287	0.000000	0.159965	0.000373	22.4
435	-1.010798	0.000000	0.159965	0.000329	22.4
436	-1.011401	0.000000	0.159965	0.000320	22.4
437	-1.010915	0.000000	0.159965	0.000386	22.3
438	-1.011022	0.000000	0.159965	0.000344	22.4
439	-1.010667	0.000000	0.159965	0.000364	22.5
440	-1.011242	0.000000	0.159965	0.000400	22.2
441	-1.011223	0.000000	0.159965	0.000416	22.4
442	-1.010860	0.000000	0.159965	0.000403	22.5
443	-1.011248	0.000000	0.159965	0.000361	22.3
444	-1.010675	0.000000	0.159965	0.000438	22.3
445	-1.011059	0.000000	0.159965	0.000275	22.2
446	-1.011154	0.000000	0.159965	0.000388	22.7
447	-1.010970	0.000000	0.159965	0.000431	22.5
448	-1.010879	0.000000	0.159965	0.000447	22.3
449	-1.010384	0.000000	0.159965	0.000284	22.1
450	-1.011229	0.000000	0.159965	0.000383	22.4
451	-1.011025	0.000000	0.159965	0.000378	22.6
452	-1.010644	0.000000	0.159965	0.000439	22.5
453	-1.010776	0.000000	0.159965	0.000382	22.6
454	-1.011514	0.000000	0.159965	0.000471	22.4
455	-1.010638	0.000000	0.159965	0.000394	22.3
456	-1.010815	0.000000	0.159965	0.000453	22.4
457	-1.010795	0.000000	0.159965	0.000402	22.5
458	-1.010746	0.000000	0.159965	0.000434	22.0
459	-1.010342	0.000000	0.159965	0.000317	21.9
460	-1.011232	0.000000	0.159965	0.000413	22.3
461	-1.011219	0.000000	0.159965	0.000335	22.6
462	-1.010879	0.000000	0.159965	0.000381	22.1
463	-1.011296	0.000000	0.159965	0.000467	22.4
464	-1.011258	0.000000	0.159965	0.000386	22.7
465	-1.011256	0.000000	0.159965	0.000394	23.0
466	-1.010939	0.000000	0.159965	0.000481	22.4
467	-1.011442	0.000000	0.159965	0.000364	22.5
468	-1.011321	0.000000	0.159965	0.000413	22.4
469	-1.011330	0.000000	0.159965	0.000307	22.5
470	-1.011002	0.000000	0.159965	0.000380	22.4
471	-1.011504	0.000000	0.159965	0.000434	22.8
472	-1.011107	0.000000	0.159965	0.000307	22.6
473	-1.010746	0.000000	0.159965	0.000280	22.4
474	-1.010813	0.000000	0.159965	0.000439	22.4
475	-1.011363	0.000000	0.159965	0.000437	22.3
476	-1.010919	0.000000	0.159965	0.000428	22.4
477	-1.010922	0.000000	0.159965	0.000453	22.7
478	-1.010664	0.000000	0.159965	0.000452	22.7
479	-1.011131	0.000000	0.159965	0.000299	22.7
480	-1.010994	0.000000	0.159965	0.000367	22.5
481	-1.010586	0.000000	0.159965	0.000352	22.6
482	-1.011363	0.000000	0.159965	0.000403	22.5
483	-1.011183	0.000000	0.159965	0.000426	22.4
484	-1.010897	0.000000	0.159965	0.000410	22.3
485	-1.011250	0.000000	0.159965	0.000393	22.4
486	-1.010964	0.000000	0.159965	0.000386	22.3
487	-1.011191	0.000000	0.159965	0.000490	22.3
488	-1.010889	0.000000	0.159965	0.000340	22.5
489	-1.010858	0.000000	0.159965	0.000340	22.3
490	-1.010726	0.000000	0.159965	0.000332	22.4
491	-1.010757	0.000000	0.159965	0.000442	22.4
492	-1.010908	0.000000	0.159965	0.000380	22.4
493	-1.010803	0.000000	0.159965	0.000385	22.3
494	-1.010638	0.000000	0.159965	0.000339	22.3
495	-1.010900	0.000000	0.159965	0.000407	22.3
496	-1.011265	0.000000	0.159965	0.000390	22.3
497	-1.010563	0.000000	0.159965	0.000345	22.3
498	-1.010830	0.000000	0.159965	0.000427	22.4
499	-1.010797	0.000000	0.159965	0.000349	22.4
500	-1.010402	0.000000	0.159965	0.000309	23.2
501	-1.011267	0.000000	0.159965	0.000411	22.1
502	-1.010819	0.000000	0.159965	0.000352	22.1
503	-1.011126	0.000000	0.159965	0.000443	22.0
504	-1.010857	0.000000	0.159965	0.000428	22.2
505	-1.011382	0.000000	0.159965	0.000391	22.3
506	-1.011234	0.000000	0.159965	0.000297	22.5
507	-1.010689	0.000000	0.159965	0.000401	22.1
508	-1.010749	0.000000	0.159965	0.000452	22.0
509	-1.011160	0.000000	0.159965	0.000423	22.1
510	-1.010818	0.000000	0.159965	0.000318	22.1
511	-1.010668	0.000000	0.159965	0.000459	21.8
512	-1.011051	0.000000	0.159965	0.000407	21.9
513	-1.010901	0.000000	0.159965	0.000397	22.0
514	-1.010766	0.000000	0.159965	0.000522	21.9
515	-1.011297	0.000000	0.159965	0.000399	21.8
516	-1.010794	0.000000	0.159965	0.000345	22.0
517	-1.011190	0.000000	0.159965	0.000324	22.2
518	-1.010916	0.000000	0.159965	0.000318	22.4
519	-1.011035	0.000000	0.159965	0.000309	22.5
520	-1.010707	0.000000	0.159965	0.000389	22.0
521	-1.010868	0.000000	0.159965	0.000466	22.0
522	-1.010635	0.000000	0.159965	0.000307	21.9
523	-1.010905	0.000000	0.159965	0.000337	22.0
524	-1.010820	0.000000	0.159965	0.000368	22.1
525	-1.010762	0.000000	0.159965	0.000393	22.0
526	-1.010954	0.000000	0.159965	0.000431	22.0
527	-1.010731	0.000000	0.159965	0.000473	22.3
528	-1.010736	0.000000	0.159965	0.000323	22.5
529	-1.011143	0.000000	0.159965	0.000456	21.9
530	-1.010971	0.000000	0.159965	0.000480	21.9
531	-1.010706	0.000000	0.159965	0.000351	21.9
532	-1.010530	0.000000	0.159965	0.000429	22.0
533	-1.010961	0.000000	0.159965	0.000420	21.9
534	-1.010790	0.000000	0.159965	0.000436	22.1
535	-1.010777	0.000000	0.159965	0.000398	21.9
536	-1.010766	0.000000	0.159965	0.000372	21.9
537	-1.010927	0.000000	0.159965	0.000371	22.0
538	-1.010860	0.000000	0.159965	0.000345	21.8
539	-1.011392	0.000000	0.159965	0.000401	21.8
540	-1.010609	0.000000	0.159965	0.000416	22.0
541	-1.010805	0.000000	0.159965	0.000486	22.0
542	-1.010656	0.000000	0.159965	0.000428	21.9
543	-1.010597	0.000000	0.159965	0.000515	22.0
544	-1.010942	0.000000	0.159965	0.000390	21.8
545	-1.011229	0.000000	0.159965	0.000388	21.8
546	-1.010615	0.000000	0.159965	0.000373	22.0
547	-1.010567	0.000000	0.159965	0.000334	21.9
548	-1.011035	0.000000	0.159965	0.000376	22.1
549	-1.010493	0.000000	0.159965	0.000318	21.9
550	-1.011199	0.000000	0.159965	0.000435	22.2
551	-1.010886	0.000000	0.159965	0.000355	22.1
552	-1.010842	0.000000	0.159965	0.000423	21.9
553	-1.010919	0.000000	0.159965	0.000391	22.1
554	-1.011321	0.000000	0.159965	0.000443	22.1
555	-1.010961	0.000000	0.159965	0.000356	22.2
556	-1.011180	0.000000	0.159965	0.000436	21.9
557	-1.010376	0.000000	0.159965	0.000365	22.0
558	-1.010945	0.000000	0.159965	0.000391	21.9
559	-1.010763	0.000000	0.159965	0.000404	22.0
560	-1.010842	0.000000	0.159965	0.000329	21.9
561	-1.010975	0.000000	0.159965	0.000365	21.8
562	-1.010382	0.000000	0.159965	0.000396	22.2
563	-1.011025	0.000000	0.159965	0.000257	22.0
564	-1.010863	0.000000	0.159965	0.000356	22.0
565	-1.011257	0.000000	0.159965	0.000290	22.1
566	-1.011355	0.000000	0.159965	0.000305	22.0
567	-1.010610	0.000000	0.159965	0.000314	21.8
568	-1.010612	0.000000	0.159965	0.000266	21.9
569	-1.011084	0.000000	0.159965	0.000355	21.9
570	-1.010967	0.000000	0.159965	0.000328	21.8
571	-1.011151	0.000000	0.159965	0.000355	22.1
572	-1.011239	0.000000	0.159965	0.000303	22.0
573	-1.011171	0.000000	0.159965	0.000438	21.9
574	-1.011028	0.000000	0.159965	0.000330	22.1
575	-1.011188	0.000000	0.159965	0.000346	22.0
576	-1.010687	0.000000	0.159965	0.000479	22.0
577	-1.010917	0.000000	0.159965	0.000396	22.2
578	-1.011227	0.000000	0.159965	0.000310	21.9
579	-1.011033	0.000000	0.159965	0.000381	21.9
580	-1.011060	0.000000	0.159965	0.000401	21.9
581	-1.010794	0.000000	0.159965	0.000336	21.9
582	-1.011439	0.000000	0.159965	0.000440	21.9
583	-1.010758	0.000000	0.159965	0.000361	22.0
584	-1.010998	0.000000	0.159965	0.000330	21.9
585	-1.010908	0.000000	0.159965	0.000330	21.9
586	-1.011413	0.000000	0.159965	0.000423	22.4
587	-1.011110	0.000000	0.159965	0.000388	21.9
588	-1.011055	0.000000	0.159965	0.000427	21.9
589	-1.010929	0.000000	0.159965	0.000342	22.0
590	-1.011397	0.000000	0.159965	0.000326	21.8
591	-1.010814	0.000000	0.159965	0.000395	22.0
592	-1.010881	0.000000	0.159965	0.000380	21.9
593	-1.010569	0.000000	0.159965	0.000408	21.9
594	-1.011059	0.000000	0.159965	0.000246	21.8
595	-1.010907	0.000000	0.159965	0.000373	22.1
596	-1.010896	0.000000	0.159965	0.000297	22.1
597	-1.010752	0.000000	0.159965	0.000446	22.0
598	-1.010790	0.000000	0.159965	0.000309	22.0
599	-1.011148	0.000000	0.159965	0.000393	21.8
600	-1.011326	0.000000	0.159965	0.000301	21.9
601	-1.011150	0.000000	0.159965	0.000496	22.0
602	-1.010368	0.000000	0.159965	0.000318	21.8
603	-1.011161	0.000000	0.159965	0.000267	21.8
604	-1.011133	0.000000	0.159965	0.000405	21.9
605	-1.011057	0.000000	0.159965	0.000330	22.1
606	-1.011073	0.000000	0.159965	0.000300	21.8
607	-1.010771	0.000000	0.159965	0.000439	22.0
608	-1.011037	0.000000	0.159965	0.000393	21.8
609	-1.011019	0.000000	0.159965	0.000489	21.9
610	-1.011069	0.000000	0.159965	0.000421	22.1
611	-1.011081	0.000000	0.159965	0.000379	21.8
612	-1.011304	0.000000	0.159965	0.000466	21.9
613	-1.010988	0.000000	0.159965	0.000364	21.9
614	-1.011067	0.000000	0.159965	0.000338	21.9
615	-1.010667	0.000000	0.159965	0.000286	21.8
616	-1.011015	0.000000	0.159965	0.000369	21.8
617	-1.010984	0.000000	0.159965	0.000330	21.8
618	-1.011314	0.000000	0.159965	0.000369	21.9
619	-1.010766	0.000000	0.159965	0.000333	22.4
620	-1.010984	0.000000	0.159965	0.000419	22.3
621	-1.010688	0.000000	0.159965	0.000377	21.9
622	-1.010616	0.000000	0.159965	0.000341	22.0
623	-1.011153	0.000000	0.159965	0.000285	21.9
624	-1.010919	0.000000	0.159965	0.000383	22.0
625	-1.011105	0.000000	0.159965	0.000386	21.8
626	-1.010987	0.000000	0.159965	0.000377	21.8
627	-1.011209	0.000000	0.159965	0.000473	22.0
628	-1.010729	0.000000	0.159965	0.000356	21.9
629	-1.010782	0.000000	0.159965	0.000403	21.8
630	-1.010950	0.000000	0.159965	0.000266	21.9
631	-1.010325	0.000000	0.159965	0.000316	21.8
632	-1.011117	0.000000	0.159965	0.000353	21.9
633	-1.010928	0.000000	0.159965	0.000304	22.0
634	-1.010547	0.000000	0.159965	0.000319	21.9
635	-1.010840	0.000000	0.159965	0.000384	21.8
636	-1.011258	0.000000	0.159965	0.000446	21.9
637	-1.010655	0.000000	0.159965	0.000303	22.0
638	-1.010807	0.000000	0.159965	0.000405	22.0
639	-1.011163	0.000000	0.159965	0.000315	21.9
640	-1.011057	0.000000	0.159965	0.000305	21.8
641	-1.010702	0.000000	0.159965	0.000407	22.2
642	-1.011192	0.000000	0.159965	0.000191	22.1
643	-1.011098	0.000000	0.159965	0.000364	21.9
644	-1.011042	0.000000	0.159965	0.000390	21.8
645	-1.011207	0.000000	0.159965	0.000370	21.9
646	-1.010717	0.000000	0.159965	0.000411	21.9
647	-1.010354	0.000000	0.159965	0.000334	21.9
648	-1.010995	0.000000	0.159965	0.000341	22.0
649	-1.011168	0.000000	0.159965	0.000394	22.0
650	-1.011149	0.000000	0.159965	0.000446	22.1
651	-1.010846	0.000000	0.159965	0.000423	21.9
652	-1.011053	0.000000	0.159965	0.000382	21.9
653	-1.011174	0.000000	0.159965	0.000351	21.9
654	-1.011065	0.000000	0.159965	0.000369	21.8
655	-1.011247	0.000000	0.159965	0.000438	22.0
656	-1.011253	0.000000	0.159965	0.000337	21.9
657	-1.010784	0.000000	0.159965	0.000343	21.9
658	-1.010798	0.000000	0.159965	0.000389	21.9
659	-1.010765	0.000000	0.159965	0.000389	22.0
660	-1.011031	0.000000	0.159965	0.000339	22.0
661	-1.010923	0.000000	0.159965	0.000412	22.0
662	-1.010862	0.000000	0.159965	0.000393	22.4
663	-1.010984	0.000000	0.159965	0.000338	22.3
664	-1.010617	0.000000	0.159965	0.000481	22.4
665	-1.010949	0.000000	0.159965	0.000419	22.6
666	-1.010474	0.000000	0.159965	0.000335	22.3
667	-1.010855	0.000000	0.159965	0.000388	21.9
668	-1.011180	0.000000	0.159965	0.000469	21.8
669	-1.010943	0.000000	0.159965	0.000290	22.0
670	-1.010985	0.000000	0.159965	0.000309	21.8
671	-1.010699	0.000000	0.159965	0.000444	21.9
672	-1.011290	0.000000	0.159965	0.000427	21.9
673	-1.011135	0.000000	0.159965	0.000306	22.1
674	-1.010639	0.000000	0.159965	0.000318	22.0
675	-1.011352	0.000000	0.159965	0.000255	21.8
676	-1.011039	0.000000	0.159965	0.000513	21.8
677	-1.010660	0.000000	0.159965	0.000425	21.9
678	-1.011034	0.000000	0.159965	0.000308	21.9
679	-1.011033	0.000000	0.159965	0.000365	21.8
680	-1.011106	0.000000	0.159965	0.000381	22.1
681	-1.011448	0.000000	0.159965	0.000425	22.3
682	-1.010593	0.000000	0.159965	0.000444	22.5
683	-1.010793	0.000000	0.159965	0.000363	22.0
684	-1.011580	0.000000	0.159965	0.000452	22.0
685	-1.010778	0.000000	0.159965	0.000272	21.8
686	-1.010814	0.000000	0.159965	0.000391	22.1
687	-1.011087	0.000000	0.159965	0.000349	22.1
688	-1.011031	0.000000	0.159965	0.000448	22.0
689	-1.011371	0.000000	0.159965	0.000415	21.8
690	-1.011026	0.000000	0.159965	0.000305	21.9
691	-1.010604	0.000000	0.159965	0.000435	22.0
692	-1.011098	0.000000	0.159965	0.000430	21.9
693	-1.010734	0.000000	0.159965	0.000423	21.9
694	-1.010810	0.000000	0.159965	0.000361	22.2
695	-1.010791	0.000000	0.159965	0.000385	22.1
696	-1.010782	0.000000	0.159965	0.000395	21.9
697	-1.010832	0.000000	0.159965	0.000525	21.9
698	-1.011186	0.000000	0.159965	0.000439	21.9
699	-1.011011	0.000000	0.159965	0.000392	21.9
700	-1.011099	0.000000	0.159965	0.000440	21.8
701	-1.010781	0.000000	0.159965	0.000487	21.9
702	-1.010696	0.000000	0.159965	0.000354	21.9
703	-1.011140	0.000000	0.159965	0.000379	22.1
704	-1.011078	0.000000	0.159965	0.000482	22.0
705	-1.011174	0.000000	0.159965	0.000401	21.9
706	-1.010829	0.000000	0.159965	0.000251	22.0
707	-1.010917	0.000000	0.159965	0.000324	21.8
708	-1.011609	0.000000	0.159965	0.000476	21.9
709	-1.010781	0.000000	0.159965	0.000395	21.8
710	-1.010914	0.000000	0.159965	0.000392	21.8
711	-1.011275	0.000000	0.159965	0.000352	21.9
712	-1.011051	0.000000	0.159965	0.000395	21.8
713	-1.010770	0.000000	0.159965	0.000432	21.8
714	-1.010893	0.000000	0.159965	0.000567	22.0
715	-1.010754	0.000000	0.159965	0.000331	21.9
716	-1.011076	0.000000	0.159965	0.000336	21.8
717	-1.011094	0.000000	0.159965	0.000324	21.8
718	-1.011312	0.000000	0.159965	0.000295	21.9
719	-1.011059	0.000000	0.159965	0.000420	22.0
720	-1.010742	0.000000	0.159965	0.000356	21.8
721	-1.010980	0.000000	0.159965	0.000267	21.9
722	-1.011151	0.000000	0.159965	0.000294	21.9
723	-1.011348	0.000000	0.159965	0.000313	21.9
724	-1.011008	0.000000	0.159965	0.000394	21.8
725	-1.010920	0.000000	0.159965	0.000359	21.8
726	-1.010960	0.000000	0.159965	0.000437	21.8
727	-1.010870	0.000000	0.159965	0.000470	21.8
728	-1.010947	0.000000	0.159965	0.000348	22.0
729	-1.010379	0.000000	0.159965	0.000300	22.0
730	-1.010969	0.000000	0.159965	0.000392	21.8
731	-1.010984	0.000000	0.159965	0.000464	21.9
732	-1.011007	0.000000	0.159965	0.000559	22.1
733	-1.010694	0.000000	0.159965	0.000360	21.9
734	-1.010957	0.000000	0.159965	0.000379	21.8
735	-1.010903	0.000000	0.159965	0.000320	21.9
736	-1.011228	0.000000	0.159965	0.000443	21.9
737	-1.010905	0.000000	0.159965	0.000444	21.9
738	-1.010778	0.000000	0.159965	0.000409	22.0
739	-1.010996	0.000000	0.159965	0.000368	21.9
740	-1.011014	0.000000	0.159965	0.000398	21.9
741	-1.011245	0.000000	0.159965	0.000391	22.0
742	-1.010785	0.000000	0.159965	0.000344	21.9
743	-1.010786	0.000000	0.159965	0.000471	21.8
744	-1.010943	0.000000	0.159965	0.000463	22.0
745	-1.010816	0.000000	0.159965	0.000341	21.8
746	-1.010717	0.000000	0.159965	0.000336	21.8
747	-1.010905	0.000000	0.159965	0.000362	22.0
748	-1.010436	0.000000	0.159965	0.000370	21.8
749	-1.010922	0.000000	0.159965	0.000366	21.9
750	-1.010836	0.000000	0.159965	0.000343	21.9
751	-1.011065	0.000000	0.159965	0.000366	22.0
752	-1.010808	0.000000	0.159965	0.000361	21.9
753	-1.010722	0.000000	0.159965	0.000375	22.1
754	-1.011306	0.000000	0.159965	0.000331	21.9
755	-1.010831	0.000000	0.159965	0.000400	21.8
756	-1.010969	0.000000	0.159965	0.000400	22.0
757	-1.010963	0.000000	0.159965	0.000365	22.0
758	-1.011047	0.000000	0.159965	0.000414	21.8
759	-1.011254	0.000000	0.159965	0.000387	21.9
760	-1.011267	0.000000	0.159965	0.000434	21.8
761	-1.010994	0.000000	0.159965	0.000377	21.9
762	-1.011006	0.000000	0.159965	0.000445	21.9
763	-1.011150	0.000000	0.159965	0.000456	21.9
764	-1.011089	0.000000	0.159965	0.000373	21.9
765	-1.010679	0.000000	0.159965	0.000390	21.9
766	-1.010503	0.000000	0.159965	0.000323	21.9
767	-1.010951	0.000000	0.159965	0.000437	21.9
768	-1.010675	0.000000	0.159965	0.000307	21.8
769	-1.010698	0.000000	0.159965	0.000374	21.9
770	-1.010947	0.000000	0.159965	0.000468	21.9
771	-1.011183	0.000000	0.159965	0.000336	21.9
772	-1.011084	0.000000	0.159965	0.000402	21.8
773	-1.010886	0.000000	0.159965	0.000509	21.8
774	-1.011013	0.000000	0.159965	0.000376	21.9
775	-1.010758	0.000000	0.159965	0.000354	21.8
776	-1.011063	0.000000	0.159965	0.000345	21.8
777	-1.011056	0.000000	0.159965	0.000307	22.0
778	-1.010840	0.000000	0.159965	0.000415	22.1
779	-1.010594	0.000000	0.159965	0.000344	22.2
780	-1.010783	0.000000	0.159965	0.000365	22.0
781	-1.010880	0.000000	0.159965	0.000349	21.9
782	-1.011501	0.000000	0.159965	0.000323	21.9
783	-1.010588	0.000000	0.159965	0.000315	22.0
784	-1.010907	0.000000	0.159965	0.000391	21.9
785	-1.011342	0.000000	0.159965	0.000330	21.9
786	-1.011275	0.000000	0.159965	0.000400	21.8
787	-1.010986	0.000000	0.159965	0.000401	22.1
788	-1.011213	0.000000	0.159965	0.000422	21.8
789	-1.011019	0.000000	0.159965	0.000402	22.0
790	-1.011151	0.000000	0.159965	0.000516	21.9
791	-1.010717	0.000000	0.159965	0.000394	21.9
792	-1.010820	0.000000	0.159965	0.000307	22.0
793	-1.010505	0.000000	0.159965	0.000287	21.9
794	-1.010669	0.000000	0.159965	0.000385	21.8
795	-1.011054	0.000000	0.159965	0.000451	21.9
796	-1.011151	0.000000	0.159965	0.000359	21.9
797	-1.011242	0.000000	0.159965	0.000367	21.9
798	-1.010644	0.000000	0.159965	0.000394	21.9
799	-1.010819	0.000000	0.159965	0.000309	22.0
800	-1.011219	0.000000	0.159965	0.000495	21.9
801	-1.010962	0.000000	0.159965	0.000292	21.9
802	-1.010801	0.000000	0.159965	0.000406	22.4
803	-1.011202	0.000000	0.159965	0.000358	21.9
804	-1.010600	0.000000	0.159965	0.000406	22.4
805	-1.010897	0.000000	0.159965	0.000367	22.3
806	-1.010921	0.000000	0.159965	0.000445	21.9
807	-1.011095	0.000000	0.159965	0.000309	21.8
808	-1.010717	0.000000	0.159965	0.000388	21.9
809	-1.010904	0.000000	0.159965	0.000333	22.3
810	-1.010858	0.000000	0.159965	0.000421	22.0
811	-1.011011	0.000000	0.159965	0.000341	21.9
812	-1.011139	0.000000	0.159965	0.000300	21.9
813	-1.010639	0.000000	0.159965	0.000285	21.9
814	-1.010698	0.000000	0.159965	0.000357	21.9
815	-1.010888	0.000000	0.159965	0.000441	22.0
816	-1.010698	0.000000	0.159965	0.000337	21.8
817	-1.010999	0.000000	0.159965	0.000442	21.9
818	-1.011031	0.000000	0.159965	0.000296	21.9
819	-1.010746	0.000000	0.159965	0.000471	22.1
820	-1.010735	0.000000	0.159965	0.000312	21.9
821	-1.011107	0.000000	0.159965	0.000393	22.1
822	-1.011317	0.000000	0.159965	0.000417	22.4
823	-1.010772	0.000000	0.159965	0.000360	22.1
824	-1.010782	0.000000	0.159965	0.000397	22.0
825	-1.010882	0.000000	0.159965	0.000324	22.3
826	-1.011232	0.000000	0.159965	0.000395	22.3
827	-1.010720	0.000000	0.159965	0.000433	21.9
828	-1.010714	0.000000	0.159965	0.000313	21.9
829	-1.011381	0.000000	0.159965	0.000319	21.9
830	-1.011024	0.000000	0.159965	0.000380	21.9
831	-1.010571	0.000000	0.159965	0.000422	21.9
832	-1.010888	0.000000	0.159965	0.000386	22.0
833	-1.010966	0.000000	0.159965	0.000448	21.8
834	-1.010732	0.000000	0.159965	0.000386	21.8
835	-1.011356	0.000000	0.159965	0.000411	22.0
836	-1.011045	0.000000	0.159965	0.000389	21.8
837	-1.010927	0.000000	0.159965	0.000399	21.9
838	-1.010630	0.000000	0.159965	0.000369	21.9
839	-1.011610	0.000000	0.159965	0.000406	21.8
840	-1.010904	0.000000	0.159965	0.000377	21.9
841	-1.010653	0.000000	0.159965	0.000419	21.8
842	-1.010993	0.000000	0.159965	0.000381	22.3
843	-1.011030	0.000000	0.159965	0.000453	22.4
844	-1.010801	0.000000	0.159965	0.000352	22.3
845	-1.011221	0.000000	0.159965	0.000399	22.5
846	-1.011266	0.000000	0.159965	0.000344	22.3
847	-1.010991	0.000000	0.159965	0.000430	22.4
848	-1.010720	0.000000	0.159965	0.000440	21.8
849	-1.010485	0.000000	0.159965	0.000492	21.9
850	-1.010849	0.000000	0.159965	0.000380	21.8
851	-1.010695	0.000000	0.159965	0.000360	22.0
852	-1.011438	0.000000	0.159965	0.000485	21.9
853	-1.010821	0.000000	0.159965	0.000376	22.4
854	-1.010878	0.000000	0.159965	0.000586	22.4
855	-1.010335	0.000000	0.159965	0.000442	22.4
856	-1.010735	0.000000	0.159965	0.000369	22.4
857	-1.010715	0.000000	0.159965	0.000391	22.4
858	-1.011169	0.000000	0.159965	0.000329	21.9
859	-1.010906	0.000000	0.159965	0.000491	22.0
860	-1.010996	0.000000	0.159965	0.000397	21.9
861	-1.010466	0.000000	0.159965	0.000355	21.9
862	-1.010868	0.000000	0.159965	0.000476	21.9
863	-1.010822	0.000000	0.159965	0.000414	21.9
864	-1.010904	0.000000	0.159965	0.000331	21.9
865	-1.010708	0.000000	0.159965	0.000421	21.9
866	-1.010703	0.000000	0.159965	0.000398	21.9
867	-1.010846	0.000000	0.159965	0.000327	21.8
868	-1.010659	0.000000	0.159965	0.000415	22.2
869	-1.011014	0.000000	0.159965	0.000406	22.0
870	-1.011328	0.000000	0.159965	0.000434	21.8
871	-1.010729	0.000000	0.159965	0.000372	21.8
872	-1.011596	0.000000	0.159965	0.000395	21.9
873	-1.011033	0.000000	0.159965	0.000416	21.9
874	-1.011378	0.000000	0.159965	0.000358	21.9
875	-1.010604	0.000000	0.159965	0.000300	21.8
876	-1.011088	0.000000	0.159965	0.000491	21.8
877	-1.011039	0.000000	0.159965	0.000466	21.9
878	-1.011085	0.000000	0.159965	0.000306	21.9
879	-1.011193	0.000000	0.159965	0.000357	21.9
880	-1.011151	0.000000	0.159965	0.000354	22.0
881	-1.010925	0.000000	0.159965	0.000406	21.9
882	-1.010751	0.000000	0.159965	0.000391	21.9
883	-1.010642	0.000000	0.159965	0.000456	21.9
884	-1.010915	0.000000	0.159965	0.000306	21.8
885	-1.011293	0.000000	0.159965	0.000500	21.9
886	-1.010816	0.000000	0.159965	0.000378	21.9
887	-1.011088	0.000000	0.159965	0.000408	21.9
888	-1.011241	0.000000	0.159965	0.000390	22.1
889	-1.010834	0.000000	0.159965	0.000494	21.9
890	-1.011034	0.000000	0.159965	0.000429	21.9
891	-1.010752	0.000000	0.159965	0.000434	21.8
892	-1.011004	0.000000	0.159965	0.000372	21.9
893	-1.010751	0.000000	0.159965	0.000349	22.1
894	-1.010917	0.000000	0.159965	0.000359	21.9
895	-1.011271	0.000000	0.159965	0.000415	21.9
896	-1.011139	0.000000	0.159965	0.000473	21.9
897	-1.010717	0.000000	0.159965	0.000405	21.8
898	-1.010984	0.000000	0.159965	0.000462	21.9
899	-1.010522	0.000000	0.159965	0.000376	21.9
900	-1.010788	0.000000	0.159965	0.000343	21.9
901	-1.011266	0.000000	0.159965	0.000523	21.8
902	-1.011134	0.000000	0.159965	0.000451	21.9
903	-1.010761	0.000000	0.159965	0.000332	21.8
904	-1.010928	0.000000	0.159965	0.000396	22.0
905	-1.011028	0.000000	0.159965	0.000386	22.0
906	-1.010658	0.000000	0.159965	0.000344	21.9
907	-1.010788	0.000000	0.159965	0.000376	21.9
908	-1.010968	0.000000	0.159965	0.000442	21.8
909	-1.010639	0.000000	0.159965	0.000373	21.9
910	-1.010940	0.000000	0.159965	0.000415	21.9
911	-1.011111	0.000000	0.159965	0.000355	21.9
912	-1.010689	0.000000	0.159965	0.000251	21.9
913	-1.010570	0.000000	0.159965	0.000384	21.9
914	-1.010937	0.000000	0.159965	0.000291	22.2
915	-1.010386	0.000000	0.159965	0.000349	21.8
916	-1.010794	0.000000	0.159965	0.000427	21.8
917	-1.010424	0.000000	0.159965	0.000371	21.9
918	-1.010471	0.000000	0.159965	0.000403	22.1
919	-1.011340	0.000000	0.159965	0.000339	21.9
920	-1.010740	0.000000	0.159965	0.000334	21.9
921	-1.011605	0.000000	0.159965	0.000355	22.1
922	-1.011109	0.000000	0.159965	0.000363	21.9
923	-1.010869	0.000000	0.159965	0.000484	21.9
924	-1.010799	0.000000	0.159965	0.000402	21.9
925	-1.011038	0.000000	0.159965	0.000397	21.9
926	-1.010476	0.000000	0.159965	0.000395	22.0
927	-1.011011	0.000000	0.159965	0.000373	22.4
928	-1.010963	0.000000	0.159965	0.000330	22.0
929	-1.010850	0.000000	0.159965	0.000416	22.5
930	-1.011137	0.000000	0.159965	0.000413	22.3
931	-1.011093	0.000000	0.159965	0.000318	21.9
932	-1.010685	0.000000	0.159965	0.000389	22.1
933	-1.010989	0.000000	0.159965	0.000416	22.4
934	-1.011368	0.000000	0.159965	0.000367	22.3
935	-1.011142	0.000000	0.159965	0.000377	22.7
936	-1.011416	0.000000	0.159965	0.000354	22.4
937	-1.011068	0.000000	0.159965	0.000349	21.9
938	-1.010766	0.000000	0.159965	0.000345	22.0
939	-1.010611	0.000000	0.159965	0.000310	21.8
940	-1.010992	0.000000	0.159965	0.000324	21.9
941	-1.011018	0.000000	0.159965	0.000293	22.0
942	-1.011050	0.000000	0.159965	0.000442	21.9
943	-1.011026	0.000000	0.159965	0.000306	21.9
944	-1.011199	0.000000	0.159965	0.000360	21.9
945	-1.010761	0.000000	0.159965	0.000409	21.9
946	-1.011176	0.000000	0.159965	0.000424	21.9
947	-1.010902	0.000000	0.159965	0.000341	22.4
948	-1.011167	0.000000	0.159965	0.000332	21.8
949	-1.010615	0.000000	0.159965	0.000315	21.8
950	-1.011198	0.000000	0.159965	0.000417	22.0
951	-1.010873	0.000000	0.159965	0.000479	22.4
952	-1.010558	0.000000	0.159965	0.000257	22.4
953	-1.010743	0.000000	0.159965	0.000472	22.2
954	-1.010943	0.000000	0.159965	0.000467	22.1
955	-1.011369	0.000000	0.159965	0.000349	21.9
956	-1.010710	0.000000	0.159965	0.000333	21.9
957	-1.011361	0.000000	0.159965	0.000389	21.8
958	-1.011445	0.000000	0.159965	0.000493	21.8
959	-1.010679	0.000000	0.159965	0.000396	22.2
960	-1.011129	0.000000	0.159965	0.000400	22.1
961	-1.011016	0.000000	0.159965	0.000385	22.1
962	-1.010984	0.000000	0.159965	0.000330	21.9
963	-1.010797	0.000000	0.159965	0.000321	21.9
964	-1.011191	0.000000	0.159965	0.000379	22.1
965	-1.010528	0.000000	0.159965	0.000444	22.0
966	-1.011315	0.000000	0.159965	0.000341	21.8
967	-1.011153	0.000000	0.159965	0.000317	21.9
968	-1.011146	0.000000	0.159965	0.000334	21.8
969	-1.010741	0.000000	0.159965	0.000343	21.9
970	-1.010689	0.000000	0.159965	0.000494	21.9
971	-1.010969	0.000000	0.159965	0.000500	22.0
972	-1.010798	0.000000	0.159965	0.000362	21.8
973	-1.011183	0.000000	0.159965	0.000386	21.9
974	-1.010913	0.000000	0.159965	0.000417	22.0
975	-1.011065	0.000000	0.159965	0.000286	21.9
976	-1.010784	0.000000	0.159965	0.000356	21.9
977	-1.010593	0.000000	0.159965	0.000396	21.9
978	-1.011062	0.000000	0.159965	0.000288	22.0
979	-1.010826	0.000000	0.159965	0.000310	21.8
980	-1.010842	0.000000	0.159965	0.000358	21.8
981	-1.010863	0.000000	0.159965	0.000373	21.9
982	-1.011014	0.000000	0.159965	0.000388	21.8
983	-1.010973	0.000000	0.159965	0.000425	22.0
984	-1.011044	0.000000	0.159965	0.000423	21.9
985	-1.011179	0.000000	0.159965	0.000362	21.9
986	-1.011217	0.000000	0.159965	0.000313	22.0
987	-1.010877	0.000000	0.159965	0.000355	21.9
988	-1.010998	0.000000	0.159965	0.000395	22.3
989	-1.010602	0.000000	0.159965	0.000394	21.8
990	-1.011232	0.000000	0.159965	0.000374	21.9
991	-1.010702	0.000000	0.159965	0.000311	22.0
992	-1.010843	0.000000	0.159965	0.000325	21.9
993	-1.010554	0.000000	0.159965	0.000349	21.9
994	-1.010950	0.000000	0.159965	0.000526	21.8
995	-1.010802	0.000000	0.159965	0.000339	21.9
996	-1.010435	0.000000	0.159965	0.000425	21.9
997	-1.010943	0.000000	0.159965	0.000357	22.1
998	-1.010694	0.000000	0.159965	0.000396	21.9
999	-1.011193	0.000000	0.159965	0.000472	22.1
