1:ItNr	2:Metric	3a:Time	3b:StepSize	4:||Gradient||	Time[ms]
0	-0.081736	0.000000	0.159965	0.004527	2.5
1	-0.083830	0.000000	0.159965	0.005356	1.3
2	-0.081979	0.000000	0.159965	0.008704	1.5
3	-0.088834	0.000000	0.159965	0.006506	1.5
4	-0.086076	0.000000	0.159965	0.005910	1.5
5	-0.082769	0.000000	0.159965	0.004593	1.5
6	-0.082910	0.000000	0.159965	0.004264	1.5
7	-0.085513	0.000000	0.159965	0.006842	1.6
8	-0.081610	0.000000	0.159965	0.005527	1.6
9	-0.079578	0.000000	0.159965	0.004903	1.7
10	-0.081565	0.000000	0.159965	0.005755	1.7
11	-0.086387	0.000000	0.159965	0.006519	1.7
12	-0.076218	0.000000	0.159965	0.006152	1.7
13	-0.082503	0.000000	0.159965	0.005406	1.6
14	-0.086615	0.000000	0.159965	0.004727	1.6
15	-0.073073	0.000000	0.159965	0.005069	1.6
16	-0.085756	0.000000	0.159965	0.006583	1.6
17	-0.081724	0.000000	0.159965	0.009048	1.7
18	-0.086010	0.000000	0.159965	0.006553	1.6
19	-0.086826	0.000000	0.159965	0.006025	1.6
20	-0.085427	0.000000	0.159965	0.004080	1.7
21	-0.082722	0.000000	0.159965	0.008636	1.7
22	-0.075785	0.000000	0.159965	0.004039	1.7
23	-0.085039	0.000000	0.159965	0.007714	1.7
24	-0.083869	0.000000	0.159965	0.005704	1.7
25	-0.084688	0.000000	0.159965	0.007125	1.7
26	-0.082608	0.000000	0.159965	0.005605	1.7
27	-0.080209	0.000000	0.159965	0.005693	1.7
28	-0.087252	0.000000	0.159965	0.005724	1.9
29	-0.080642	0.000000	0.159965	0.005850	2.3
30	-0.084864	0.000000	0.159965	0.005479	2.2
31	-0.081122	0.000000	0.159965	0.004409	2.2
32	-0.076378	0.000000	0.159965	0.005724	2.1
33	-0.084054	0.000000	0.159965	0.006982	2.3
34	-0.085374	0.000000	0.159965	0.006998	2.3
35	-0.083955	0.000000	0.159965	0.004440	2.1
36	-0.085468	0.000000	0.159965	0.004209	2.7
37	-0.081600	0.000000	0.159965	0.004267	2.7
38	-0.086150	0.000000	0.159965	0.004183	2.8
39	-0.085999	0.000000	0.159965	0.003627	2.8
40	-0.086790	0.000000	0.159965	0.004004	2.7
41	-0.084860	0.000000	0.159965	0.003708	2.7
42	-0.082471	0.000000	0.159965	0.004562	2.7
43	-0.083255	0.000000	0.159965	0.004814	2.6
44	-0.087078	0.000000	0.159965	0.010755	2.5
45	-0.083854	0.000000	0.159965	0.004617	2.6
46	-0.084570	0.000000	0.159965	0.004200	2.6
47	-0.089530	0.000000	0.159965	0.004744	3.0
48	-0.087137	0.000000	0.159965	0.006363	3.2
49	-0.087041	0.000000	0.159965	0.006832	3.3
50	-0.087589	0.000000	0.159965	0.009432	3.4
51	-0.090871	0.000000	0.159965	0.004191	3.1
52	-0.086886	0.000000	0.159965	0.005338	3.0
53	-0.084763	0.000000	0.159965	0.005559	3.0
54	-0.086869	0.000000	0.159965	0.003867	3.2
55	-0.081300	0.000000	0.159965	0.003211	3.4
56	-0.085591	0.000000	0.159965	0.004922	2.5
57	-0.084298	0.000000	0.159965	0.007686	3.8
58	-0.085177	0.000000	0.159965	0.006061	3.2
59	-0.087992	0.000000	0.159965	0.006442	3.3
60	-0.084253	0.000000	0.159965	0.006054	3.6
61	-0.082185	0.000000	0.159965	0.006108	3.6
62	-0.086568	0.000000	0.159965	0.003939	3.4
63	-0.083782	0.000000	0.159965	0.006998	3.4
64	-0.077355	0.000000	0.159965	0.005075	3.0
65	-0.082791	0.000000	0.159965	0.006116	3.0
66	-0.086924	0.000000	0.159965	0.006963	3.1
67	-0.081588	0.000000	0.159965	0.005048	3.2
68	-0.086274	0.000000	0.159965	0.006262	3.2
69	-0.084427	0.000000	0.159965	0.004243	3.3
70	-0.086464	0.000000	0.159965	0.004470	3.4
71	-0.085238	0.000000	0.159965	0.005016	3.4
72	-0.082310	0.000000	0.159965	0.004105	3.2
73	-0.086454	0.000000	0.159965	0.005898	2.3
74	-0.088469	0.000000	0.159965	0.004492	2.4
75	-0.078217	0.000000	0.159965	0.005241	2.3
76	-0.086659	0.000000	0.159965	0.004721	2.9
77	-0.086130	0.000000	0.159965	0.005461	2.5
78	-0.081682	0.000000	0.159965	0.003422	2.5
79	-0.080384	0.000000	0.159965	0.006172	2.8
80	-0.086940	0.000000	0.159965	0.005918	2.8
81	-0.087978	0.000000	0.159965	0.004228	2.5
82	-0.086409	0.000000	0.159965	0.006220	2.5
83	-0.084700	0.000000	0.159965	0.006170	2.3
84	-0.087817	0.000000	0.159965	0.007549	3.7
85	-0.081341	0.000000	0.159965	0.004808	2.8
86	-0.084409	0.000000	0.159965	0.005932	2.8
87	-0.088136	0.000000	0.159965	0.007225	2.7
88	-0.084657	0.000000	0.159965	0.005447	2.8
89	-0.081193	0.000000	0.159965	0.006419	3.0
90	-0.088306	0.000000	0.159965	0.005004	2.6
91	-0.082439	0.000000	0.159965	0.006527	2.4
92	-0.089963	0.000000	0.159965	0.003181	2.3
93	-0.086148	0.000000	0.159965	0.007891	3.1
94	-0.080427	0.000000	0.159965	0.005848	3.3
95	-0.082818	0.000000	0.159965	0.008502	2.6
96	-0.082342	0.000000	0.159965	0.002364	2.6
97	-0.085965	0.000000	0.159965	0.005151	2.7
98	-0.086534	0.000000	0.159965	0.006228	2.9
99	-0.082005	0.000000	0.159965	0.005749	2.7
100	-0.090611	0.000000	0.159965	0.004838	2.9
101	-0.084052	0.000000	0.159965	0.004896	2.6
102	-0.081686	0.000000	0.159965	0.004875	2.8
103	-0.086375	0.000000	0.159965	0.004337	2.7
104	-0.082020	0.000000	0.159965	0.005132	2.7
105	-0.083915	0.000000	0.159965	0.004996	2.8
106	-0.085211	0.000000	0.159965	0.005889	2.9
107	-0.086532	0.000000	0.159965	0.005037	3.1
108	-0.092022	0.000000	0.159965	0.005774	2.6
109	-0.087020	0.000000	0.159965	0.005628	2.7
110	-0.083552	0.000000	0.159965	0.007074	3.4
111	-0.078364	0.000000	0.159965	0.006455	2.8
112	-0.082861	0.000000	0.159965	0.002753	2.8
113	-0.080682	0.000000	0.159965	0.003835	3.3
114	-0.083377	0.000000	0.159965	0.004265	2.5
115	-0.087411	0.000000	0.159965	0.006265	3.4
116	-0.078735	0.000000	0.159965	0.005502	3.4
117	-0.084406	0.000000	0.159965	0.003691	2.7
118	-0.079496	0.000000	0.159965	0.004238	2.7
119	-0.085509	0.000000	0.159965	0.004601	2.6
120	-0.084811	0.000000	0.159965	0.007197	2.6
121	-0.082071	0.000000	0.159965	0.004462	3.4
122	-0.086166	0.000000	0.159965	0.007001	2.9
123	-0.084042	0.000000	0.159965	0.003617	3.0
124	-0.084456	0.000000	0.159965	0.007367	2.8
125	-0.087008	0.000000	0.159965	0.002828	2.7
126	-0.082350	0.000000	0.159965	0.007430	2.6
127	-0.088289	0.000000	0.159965	0.006917	3.0
128	-0.080533	0.000000	0.159965	0.005074	3.3
129	-0.083834	0.000000	0.159965	0.004789	3.1
130	-0.079655	0.000000	0.159965	0.003396	2.9
131	-0.083741	0.000000	0.159965	0.002137	2.6
132	-0.083533	0.000000	0.159965	0.005204	2.8
133	-0.088550	0.000000	0.159965	0.004195	3.1
134	-0.081754	0.000000	0.159965	0.005383	3.1
135	-0.081902	0.000000	0.159965	0.005411	3.0
136	-0.087595	0.000000	0.159965	0.007239	3.0
137	-0.082558	0.000000	0.159965	0.003515	3.0
138	-0.082150	0.000000	0.159965	0.005567	2.9
139	-0.084327	0.000000	0.159965	0.005172	2.5
140	-0.085802	0.000000	0.159965	0.005679	2.5
141	-0.084662	0.000000	0.159965	0.006597	2.5
142	-0.082556	0.000000	0.159965	0.003055	2.6
143	-0.076479	0.000000	0.159965	0.005766	2.5
144	-0.083456	0.000000	0.159965	0.005838	2.6
145	-0.083492	0.000000	0.159965	0.006618	2.4
146	-0.082105	0.000000	0.159965	0.003778	2.2
147	-0.080475	0.000000	0.159965	0.006898	2.3
148	-0.086746	0.000000	0.159965	0.004694	2.9
149	-0.082966	0.000000	0.159965	0.003427	3.3
150	-0.084748	0.000000	0.159965	0.004549	3.2
151	-0.085904	0.000000	0.159965	0.005263	3.3
152	-0.081982	0.000000	0.159965	0.004114	3.3
153	-0.087493	0.000000	0.159965	0.007100	3.0
154	-0.087254	0.000000	0.159965	0.004156	2.6
155	-0.080969	0.000000	0.159965	0.006305	2.7
156	-0.085248	0.000000	0.159965	0.006525	2.6
157	-0.081904	0.000000	0.159965	0.004744	2.6
158	-0.086137	0.000000	0.159965	0.004965	2.7
159	-0.086186	0.000000	0.159965	0.006071	2.6
160	-0.085221	0.000000	0.159965	0.005925	2.3
161	-0.080195	0.000000	0.159965	0.005716	2.3
162	-0.087526	0.000000	0.159965	0.004259	2.3
163	-0.084401	0.000000	0.159965	0.005255	2.5
164	-0.086299	0.000000	0.159965	0.006930	2.5
165	-0.084104	0.000000	0.159965	0.005179	2.5
166	-0.078124	0.000000	0.159965	0.006457	2.5
167	-0.087576	0.000000	0.159965	0.003750	2.4
168	-0.084246	0.000000	0.159965	0.004693	2.5
169	-0.084411	0.000000	0.159965	0.006350	2.6
170	-0.084401	0.000000	0.159965	0.004813	3.3
171	-0.087898	0.000000	0.159965	0.003744	3.3
172	-0.080021	0.000000	0.159965	0.006076	3.0
173	-0.088512	0.000000	0.159965	0.004856	3.0
174	-0.087184	0.000000	0.159965	0.005016	2.9
175	-0.085047	0.000000	0.159965	0.004286	2.3
176	-0.084059	0.000000	0.159965	0.005975	2.3
177	-0.085881	0.000000	0.159965	0.007196	2.5
178	-0.085953	0.000000	0.159965	0.005678	2.8
179	-0.080489	0.000000	0.159965	0.003991	2.5
180	-0.084704	0.000000	0.159965	0.004834	2.6
181	-0.081376	0.000000	0.159965	0.008465	2.7
182	-0.082168	0.000000	0.159965	0.002724	2.5
183	-0.086800	0.000000	0.159965	0.005905	2.4
184	-0.078436	0.000000	0.159965	0.001999	3.0
185	-0.083871	0.000000	0.159965	0.004774	2.2
186	-0.083772	0.000000	0.159965	0.005971	2.5
187	-0.087220	0.000000	0.159965	0.004119	3.9
188	-0.079033	1.000000	0.155547	0.005404	2.9
189	-0.087969	0.200000	0.159054	0.006751	2.5
190	-0.078837	0.000000	0.159965	0.005201	2.3
191	-0.083454	0.000000	0.159965	0.003921	2.3
192	-0.087400	0.000000	0.159965	0.006273	2.4
193	-0.087053	0.000000	0.159965	0.004387	3.0
194	-0.082890	0.000000	0.159965	0.004053	2.7
195	-0.075459	0.000000	0.159965	0.006462	2.4
196	-0.083008	0.000000	0.159965	0.004935	2.6
197	-0.086753	0.000000	0.159965	0.006862	2.8
198	-0.082314	0.000000	0.159965	0.005302	2.8
199	-0.084889	0.000000	0.159965	0.003741	2.9
200	-0.084984	0.000000	0.159965	0.003800	2.2
201	-0.081119	0.000000	0.159965	0.004420	2.8
202	-0.084253	0.000000	0.159965	0.005806	2.8
203	-0.088251	0.000000	0.159965	0.008178	3.1
204	-0.083757	0.000000	0.159965	0.004776	3.3
205	-0.086695	0.000000	0.159965	0.003694	3.0
206	-0.083966	0.000000	0.159965	0.003899	3.0
207	-0.085381	0.000000	0.159965	0.004913	3.0
208	-0.079554	0.000000	0.159965	0.006015	3.0
209	-0.085017	0.000000	0.159965	0.005926	3.3
210	-0.084326	0.000000	0.159965	0.005766	3.3
211	-0.087048	0.000000	0.159965	0.008787	3.2
212	-0.077345	0.000000	0.159965	0.007452	2.8
213	-0.086469	0.000000	0.159965	0.004353	2.9
214	-0.086873	0.000000	0.159965	0.006819	3.3
215	-0.087517	0.000000	0.159965	0.007099	3.1
216	-0.086667	0.000000	0.159965	0.005727	2.5
217	-0.085102	0.000000	0.159965	0.005018	2.7
218	-0.083479	0.000000	0.159965	0.003157	3.3
219	-0.085644	0.000000	0.159965	0.002944	3.3
220	-0.087942	0.000000	0.159965	0.004714	3.3
221	-0.085318	0.000000	0.159965	0.006118	3.4
222	-0.085712	0.000000	0.159965	0.005173	3.3
223	-0.085691	0.000000	0.159965	0.003947	3.0
224	-0.084082	0.000000	0.159965	0.004517	3.0
225	-0.076588	0.000000	0.159965	0.004370	3.0
226	-0.083203	0.000000	0.159965	0.005934	2.7
227	-0.083335	0.000000	0.159965	0.005634	2.7
228	-0.084651	0.000000	0.159965	0.007358	3.2
229	-0.085495	0.000000	0.159965	0.006591	3.1
230	-0.082636	0.000000	0.159965	0.005420	3.0
231	-0.088870	0.000000	0.159965	0.005620	3.3
232	-0.087304	0.000000	0.159965	0.005265	3.3
233	-0.081198	0.000000	0.159965	0.007737	3.0
234	-0.078827	0.000000	0.159965	0.005662	2.5
235	-0.089374	0.000000	0.159965	0.007830	2.5
236	-0.083940	0.000000	0.159965	0.004707	2.8
237	-0.086125	0.000000	0.159965	0.004297	2.5
238	-0.088087	0.000000	0.159965	0.004127	2.6
239	-0.079748	0.000000	0.159965	0.004738	2.6
240	-0.085450	0.000000	0.159965	0.006811	3.3
241	-0.084018	0.000000	0.159965	0.005436	3.2
242	-0.082905	0.000000	0.159965	0.006099	3.0
243	-0.088652	0.000000	0.159965	0.006396	3.3
244	-0.084104	0.000000	0.159965	0.002828	3.2
245	-0.084656	0.000000	0.159965	0.004943	3.1
246	-0.088779	0.000000	0.159965	0.005732	2.9
247	-0.083856	0.000000	0.159965	0.006310	3.0
248	-0.082853	0.000000	0.159965	0.007947	2.9
249	-0.078739	0.000000	0.159965	0.006986	2.6
250	-0.085836	0.000000	0.159965	0.004450	2.7
251	-0.092113	0.000000	0.159965	0.003921	2.5
252	-0.080444	0.000000	0.159965	0.006148	2.5
253	-0.083555	0.000000	0.159965	0.004993	2.4
254	-0.083761	0.000000	0.159965	0.003056	2.4
255	-0.084579	0.000000	0.159965	0.004593	2.5
256	-0.086573	0.000000	0.159965	0.006824	3.4
257	-0.084717	0.000000	0.159965	0.003859	3.4
258	-0.082812	0.000000	0.159965	0.005866	3.4
259	-0.086752	0.000000	0.159965	0.004450	3.3
260	-0.087131	0.000000	0.159965	0.003636	2.6
261	-0.091492	0.000000	0.159965	0.004368	3.4
262	-0.084671	0.000000	0.159965	0.006195	3.3
263	-0.093135	0.000000	0.159965	0.006268	3.3
264	-0.081312	0.000000	0.159965	0.006656	3.2
265	-0.088263	0.000000	0.159965	0.003586	3.5
266	-0.082941	0.000000	0.159965	0.005424	3.1
267	-0.084619	0.000000	0.159965	0.006914	2.7
268	-0.081787	0.000000	0.159965	0.003665	2.9
269	-0.079956	0.000000	0.159965	0.004365	2.9
270	-0.083907	0.000000	0.159965	0.005037	3.6
271	-0.084623	0.000000	0.159965	0.004060	3.0
272	-0.088646	0.000000	0.159965	0.005277	2.8
273	-0.091514	0.000000	0.159965	0.004420	2.9
274	-0.079753	0.000000	0.159965	0.003144	3.0
275	-0.083564	0.000000	0.159965	0.004787	2.6
276	-0.085094	0.000000	0.159965	0.004457	2.6
277	-0.087559	0.000000	0.159965	0.006021	2.5
278	-0.081489	0.000000	0.159965	0.006105	2.6
279	-0.083537	0.000000	0.159965	0.003792	3.1
280	-0.081690	0.000000	0.159965	0.004806	3.1
281	-0.084211	0.000000	0.159965	0.006995	3.0
282	-0.081098	0.000000	0.159965	0.006349	2.6
283	-0.082004	0.000000	0.159965	0.004188	2.5
284	-0.084351	0.000000	0.159965	0.006497	2.4
285	-0.084728	0.000000	0.159965	0.006011	2.4
286	-0.085330	0.000000	0.159965	0.004023	2.7
287	-0.084558	0.000000	0.159965	0.005726	2.7
288	-0.086388	0.000000	0.159965	0.004513	2.6
289	-0.086219	0.000000	0.159965	0.005718	2.2
290	-0.085199	0.000000	0.159965	0.007683	2.5
291	-0.080939	0.000000	0.159965	0.006787	3.3
292	-0.080031	0.000000	0.159965	0.004673	3.1
293	-0.084631	0.000000	0.159965	0.005654	2.5
294	-0.080554	0.000000	0.159965	0.006250	2.4
295	-0.082940	0.000000	0.159965	0.003722	2.4
296	-0.084065	0.000000	0.159965	0.006109	2.7
297	-0.082907	0.000000	0.159965	0.006881	3.3
298	-0.084655	0.000000	0.159965	0.006548	3.3
299	-0.086092	0.000000	0.159965	0.004279	3.2
300	-0.085832	0.000000	0.159965	0.005945	2.2
301	-0.084466	0.000000	0.159965	0.005370	2.6
302	-0.087054	0.000000	0.159965	0.004795	2.7
303	-0.081468	0.000000	0.159965	0.004402	2.3
304	-0.084434	0.000000	0.159965	0.004959	2.3
305	-0.086794	0.000000	0.159965	0.003278	2.4
306	-0.087766	0.000000	0.159965	0.003159	3.3
307	-0.080223	0.000000	0.159965	0.005679	2.9
308	-0.085322	0.000000	0.159965	0.008753	2.4
309	-0.080246	0.000000	0.159965	0.007901	2.5
310	-0.085945	0.000000	0.159965	0.003142	2.5
311	-0.079632	0.000000	0.159965	0.006264	2.5
312	-0.082106	0.000000	0.159965	0.006289	2.5
313	-0.083198	0.000000	0.159965	0.006324	2.5
314	-0.087578	0.000000	0.159965	0.008540	2.9
315	-0.085240	0.000000	0.159965	0.005965	3.2
316	-0.086256	0.000000	0.159965	0.004478	3.0
317	-0.091450	0.000000	0.159965	0.005460	2.6
318	-0.087526	0.000000	0.159965	0.003661	2.2
319	-0.083136	0.000000	0.159965	0.007131	2.6
320	-0.084190	0.000000	0.159965	0.009481	2.5
321	-0.082042	0.000000	0.159965	0.005209	2.8
322	-0.086358	0.000000	0.159965	0.005206	3.0
323	-0.083796	0.000000	0.159965	0.003819	2.5
324	-0.083002	0.000000	0.159965	0.005146	2.3
325	-0.088343	0.000000	0.159965	0.007920	2.5
326	-0.083551	0.000000	0.159965	0.007553	2.3
327	-0.080597	0.000000	0.159965	0.004289	2.3
328	-0.084397	0.000000	0.159965	0.005851	2.3
329	-0.084305	0.000000	0.159965	0.005337	2.3
330	-0.085575	0.000000	0.159965	0.005725	2.2
331	-0.082533	0.000000	0.159965	0.004439	2.2
332	-0.084714	0.000000	0.159965	0.006623	2.3
333	-0.087565	0.000000	0.159965	0.003732	2.2
334	-0.089950	0.000000	0.159965	0.007570	2.1
335	-0.083892	0.000000	0.159965	0.005032	2.3
336	-0.080611	0.000000	0.159965	0.005235	2.3
337	-0.089104	0.000000	0.159965	0.006815	2.6
338	-0.084638	0.000000	0.159965	0.003241	2.2
339	-0.089222	0.000000	0.159965	0.008303	2.2
340	-0.089252	0.000000	0.159965	0.008054	2.2
341	-0.081166	0.000000	0.159965	0.003679	2.2
342	-0.078056	0.000000	0.159965	0.004355	2.3
343	-0.082469	0.000000	0.159965	0.004834	2.2
344	-0.086110	0.000000	0.159965	0.002794	2.1
345	-0.083077	0.000000	0.159965	0.006312	2.2
346	-0.082667	0.000000	0.159965	0.004915	2.5
347	-0.086433	0.000000	0.159965	0.006550	2.8
348	-0.082973	0.000000	0.159965	0.005219	2.1
349	-0.084899	0.000000	0.159965	0.004768	2.1
350	-0.080149	0.000000	0.159965	0.004331	2.2
351	-0.081396	0.000000	0.159965	0.004771	2.3
352	-0.082686	0.000000	0.159965	0.006491	2.3
353	-0.082607	0.000000	0.159965	0.004676	2.2
354	-0.083671	0.000000	0.159965	0.004407	2.3
355	-0.082590	0.000000	0.159965	0.006597	2.3
356	-0.081993	0.000000	0.159965	0.007846	2.1
357	-0.086120	0.000000	0.159965	0.005401	2.1
358	-0.089088	0.000000	0.159965	0.003843	2.1
359	-0.083458	0.000000	0.159965	0.002749	2.4
360	-0.078578	0.000000	0.159965	0.004523	3.2
361	-0.084493	0.000000	0.159965	0.006285	3.0
362	-0.079199	0.000000	0.159965	0.004665	3.0
363	-0.081190	0.000000	0.159965	0.006885	2.3
364	-0.084021	0.000000	0.159965	0.003937	2.3
365	-0.081135	0.000000	0.159965	0.007103	3.4
366	-0.088809	0.000000	0.159965	0.005029	3.9
367	-0.086731	0.000000	0.159965	0.007031	3.9
368	-0.086474	0.000000	0.159965	0.003851	4.0
369	-0.081323	0.000000	0.159965	0.005270	3.8
370	-0.088252	0.000000	0.159965	0.005935	3.7
371	-0.085147	0.000000	0.159965	0.004991	3.2
372	-0.084724	0.000000	0.159965	0.004432	3.7
373	-0.080108	0.000000	0.159965	0.006551	3.5
374	-0.080464	0.000000	0.159965	0.005182	3.5
375	-0.087993	0.000000	0.159965	0.004337	3.2
376	-0.084880	0.000000	0.159965	0.005529	3.0
377	-0.082524	0.000000	0.159965	0.005540	2.8
378	-0.086940	0.000000	0.159965	0.006516	3.0
379	-0.081309	0.000000	0.159965	0.006013	3.6
380	-0.082636	0.000000	0.159965	0.006425	3.0
381	-0.085703	0.000000	0.159965	0.006221	3.5
382	-0.083390	0.000000	0.159965	0.008381	3.2
383	-0.088822	0.000000	0.159965	0.004453	3.5
384	-0.082531	0.000000	0.159965	0.005239	3.4
385	-0.081759	0.000000	0.159965	0.006761	3.5
386	-0.086280	0.000000	0.159965	0.005108	3.5
387	-0.080283	0.000000	0.159965	0.003318	3.5
388	-0.080907	0.000000	0.159965	0.003873	3.6
389	-0.082364	0.000000	0.159965	0.006893	2.8
390	-0.086549	0.000000	0.159965	0.003368	2.7
391	-0.087641	0.000000	0.159965	0.005044	3.5
392	-0.084751	0.000000	0.159965	0.002991	3.9
393	-0.086159	0.000000	0.159965	0.004907	4.0
394	-0.083078	0.000000	0.159965	0.007616	4.3
395	-0.083736	0.000000	0.159965	0.006181	3.7
396	-0.082985	0.000000	0.159965	0.004817	3.6
397	-0.088746	0.000000	0.159965	0.005271	2.4
398	-0.082166	0.000000	0.159965	0.003522	2.7
399	-0.084709	0.000000	0.159965	0.005704	2.8
400	-0.087727	0.000000	0.159965	0.003942	2.7
401	-0.083993	0.000000	0.159965	0.006354	2.5
402	-0.086153	0.000000	0.159965	0.004615	2.5
403	-0.089949	0.000000	0.159965	0.004690	2.5
404	-0.079587	0.000000	0.159965	0.002843	2.4
405	-0.085199	0.000000	0.159965	0.003849	3.0
406	-0.082596	0.000000	0.159965	0.004314	2.9
407	-0.084498	0.000000	0.159965	0.006073	3.2
408	-0.085910	0.000000	0.159965	0.004188	3.0
409	-0.086316	0.000000	0.159965	0.004437	2.7
410	-0.092167	0.000000	0.159965	0.006079	2.6
411	-0.085169	0.000000	0.159965	0.006290	2.3
412	-0.086071	0.000000	0.159965	0.005737	2.5
413	-0.082878	0.000000	0.159965	0.004499	2.8
414	-0.086665	0.000000	0.159965	0.006361	2.6
415	-0.082381	0.000000	0.159965	0.003061	3.1
416	-0.081996	0.000000	0.159965	0.007220	3.1
417	-0.085121	0.000000	0.159965	0.006658	2.9
418	-0.083289	0.000000	0.159965	0.003637	2.8
419	-0.084629	0.000000	0.159965	0.007581	2.3
420	-0.083887	0.000000	0.159965	0.005598	3.1
421	-0.087727	0.000000	0.159965	0.004128	2.8
422	-0.081374	0.000000	0.159965	0.004165	2.9
423	-0.088866	0.000000	0.159965	0.004916	2.8
424	-0.082815	0.000000	0.159965	0.005994	2.6
425	-0.085219	0.000000	0.159965	0.005705	2.5
426	-0.086484	0.000000	0.159965	0.007839	2.6
427	-0.081401	0.000000	0.159965	0.007252	2.6
428	-0.081374	0.000000	0.159965	0.006495	2.5
429	-0.084578	0.000000	0.159965	0.007296	2.5
430	-0.084832	0.000000	0.159965	0.005602	2.1
431	-0.088255	0.000000	0.159965	0.004820	2.1
432	-0.083303	0.000000	0.159965	0.003667	2.0
433	-0.081410	0.000000	0.159965	0.006136	2.3
434	-0.088245	0.000000	0.159965	0.006040	2.4
435	-0.082080	0.000000	0.159965	0.005710	2.3
436	-0.087069	0.000000	0.159965	0.006607	2.2
437	-0.081011	0.000000	0.159965	0.003851	2.3
438	-0.080242	0.000000	0.159965	0.005190	2.9
439	-0.087742	0.000000	0.159965	0.007627	2.9
440	-0.084814	0.000000	0.159965	0.002900	2.2
441	-0.081789	0.000000	0.159965	0.005453	2.7
442	-0.084600	0.000000	0.159965	0.006277	2.6
443	-0.079604	0.000000	0.159965	0.006718	3.3
444	-0.088930	0.000000	0.159965	0.005795	2.5
445	-0.086720	0.000000	0.159965	0.003284	2.2
446	-0.087996	0.000000	0.159965	0.005623	2.4
447	-0.081255	0.000000	0.159965	0.003396	2.9
448	-0.084874	1.000000	0.155547	0.004700	2.8
449	-0.083121	0.200000	0.159054	0.006161	2.5
450	-0.079555	0.000000	0.159965	0.005148	2.7
451	-0.082397	0.000000	0.159965	0.004537	2.9
452	-0.083670	0.000000	0.159965	0.005198	3.0
453	-0.084305	0.000000	0.159965	0.003046	2.2
454	-0.083352	0.000000	0.159965	0.006095	2.4
455	-0.081120	0.000000	0.159965	0.006977	2.4
456	-0.083200	0.000000	0.159965	0.007506	2.4
457	-0.088767	0.000000	0.159965	0.004573	2.6
458	-0.085473	0.000000	0.159965	0.005642	3.2
459	-0.083564	0.000000	0.159965	0.004426	2.6
460	-0.084443	0.000000	0.159965	0.004580	3.1
461	-0.085384	0.000000	0.159965	0.006161	3.1
462	-0.083626	0.000000	0.159965	0.005321	2.8
463	-0.085172	0.000000	0.159965	0.004857	2.3
464	-0.084285	0.000000	0.159965	0.005525	2.7
465	-0.083467	0.000000	0.159965	0.004433	3.1
466	-0.082954	0.000000	0.159965	0.006471	3.4
467	-0.086053	0.000000	0.159965	0.005604	3.3
468	-0.086880	0.000000	0.159965	0.008986	3.0
469	-0.085698	0.000000	0.159965	0.004604	2.4
470	-0.079036	0.000000	0.159965	0.005911	2.2
471	-0.084132	0.000000	0.159965	0.008796	2.7
472	-0.084144	0.000000	0.159965	0.006620	3.2
473	-0.086925	0.000000	0.159965	0.005923	3.2
474	-0.083921	0.000000	0.159965	0.005173	2.8
475	-0.082426	0.000000	0.159965	0.008566	2.6
476	-0.083566	0.000000	0.159965	0.004792	2.8
477	-0.082594	0.000000	0.159965	0.005636	3.1
478	-0.082252	0.000000	0.159965	0.004384	3.1
479	-0.087871	0.000000	0.159965	0.004068	3.0
480	-0.087660	0.000000	0.159965	0.005574	3.2
481	-0.083968	0.000000	0.159965	0.006963	3.3
482	-0.079877	0.000000	0.159965	0.005737	3.3
483	-0.086063	0.000000	0.159965	0.004422	3.0
484	-0.082478	0.000000	0.159965	0.006337	3.3
485	-0.082811	0.000000	0.159965	0.006021	3.1
486	-0.084692	0.000000	0.159965	0.008330	2.7
487	-0.089808	0.000000	0.159965	0.004157	3.0
488	-0.083760	0.000000	0.159965	0.004012	2.5
489	-0.085307	0.000000	0.159965	0.003786	2.5
490	-0.080234	0.000000	0.159965	0.006457	2.6
491	-0.083582	0.000000	0.159965	0.004528	2.9
492	-0.082637	0.000000	0.159965	0.007363	3.3
493	-0.089897	0.000000	0.159965	0.007914	3.0
494	-0.085616	0.000000	0.159965	0.005938	3.3
495	-0.081410	0.000000	0.159965	0.004100	3.5
496	-0.089797	0.000000	0.159965	0.004002	3.2
497	-0.085415	0.000000	0.159965	0.005510	3.4
498	-0.083391	0.000000	0.159965	0.005897	3.4
499	-0.089698	0.000000	0.159965	0.003315	2.9
500	-0.083050	0.000000	0.159965	0.006432	2.7
501	-0.084806	0.000000	0.159965	0.004971	2.9
502	-0.086128	0.000000	0.159965	0.005982	3.2
503	-0.085224	0.000000	0.159965	0.007851	3.0
504	-0.083613	0.000000	0.159965	0.007811	2.9
505	-0.082170	0.000000	0.159965	0.005070	2.5
506	-0.085853	0.000000	0.159965	0.005168	2.6
507	-0.084173	0.000000	0.159965	0.006313	3.8
508	-0.082741	0.000000	0.159965	0.005242	3.0
509	-0.083207	0.000000	0.159965	0.005496	3.1
510	-0.084982	0.000000	0.159965	0.004899	3.4
511	-0.083129	0.000000	0.159965	0.004529	3.2
512	-0.088738	0.000000	0.159965	0.009313	3.1
513	-0.086908	0.000000	0.159965	0.006021	3.1
514	-0.082314	0.000000	0.159965	0.006540	2.5
515	-0.084155	0.000000	0.159965	0.005817	2.8
516	-0.090540	0.000000	0.159965	0.006312	3.3
517	-0.084629	0.000000	0.159965	0.007362	3.4
518	-0.076823	0.000000	0.159965	0.005601	2.6
519	-0.089033	0.000000	0.159965	0.006929	3.3
520	-0.086620	0.000000	0.159965	0.007438	3.1
521	-0.087151	0.000000	0.159965	0.005198	2.8
522	-0.085284	0.000000	0.159965	0.005123	2.9
523	-0.081867	0.000000	0.159965	0.004530	3.0
524	-0.086276	0.000000	0.159965	0.002982	3.0
525	-0.082621	0.000000	0.159965	0.006624	2.7
526	-0.083818	0.000000	0.159965	0.006664	2.7
527	-0.087055	0.000000	0.159965	0.005763	2.6
528	-0.089664	0.000000	0.159965	0.006053	3.4
529	-0.084261	0.000000	0.159965	0.005275	3.1
530	-0.089402	0.000000	0.159965	0.005593	2.6
531	-0.087396	0.000000	0.159965	0.007251	3.3
532	-0.085061	0.000000	0.159965	0.004407	3.3
533	-0.079812	0.000000	0.159965	0.006714	3.3
534	-0.085622	0.000000	0.159965	0.005713	3.2
535	-0.081996	0.000000	0.159965	0.010511	3.4
536	-0.082295	0.000000	0.159965	0.005949	3.5
537	-0.081671	0.000000	0.159965	0.006744	3.9
538	-0.079882	0.000000	0.159965	0.005947	3.4
539	-0.085531	0.000000	0.159965	0.005041	3.7
540	-0.078221	0.000000	0.159965	0.004517	2.9
541	-0.083561	0.000000	0.159965	0.004874	2.9
542	-0.079976	0.000000	0.159965	0.007618	3.2
543	-0.084994	0.000000	0.159965	0.006554	2.6
544	-0.084286	0.000000	0.159965	0.004939	3.2
545	-0.080941	0.000000	0.159965	0.005559	3.3
546	-0.087624	0.000000	0.159965	0.007720	2.9
547	-0.089845	0.000000	0.159965	0.007614	3.0
548	-0.085300	0.000000	0.159965	0.004042	3.2
549	-0.088432	0.000000	0.159965	0.004887	3.0
550	-0.085271	0.000000	0.159965	0.004131	2.7
551	-0.080317	0.000000	0.159965	0.005363	2.9
552	-0.077792	0.000000	0.159965	0.006569	2.7
553	-0.084036	0.000000	0.159965	0.005012	2.9
554	-0.083975	0.000000	0.159965	0.005969	3.1
555	-0.083048	0.000000	0.159965	0.005055	2.9
556	-0.082443	0.000000	0.159965	0.005025	2.9
557	-0.089740	0.000000	0.159965	0.008591	2.9
558	-0.090948	0.000000	0.159965	0.003461	3.1
559	-0.084204	0.000000	0.159965	0.008043	2.8
560	-0.083784	0.000000	0.159965	0.007467	2.8
561	-0.082496	0.000000	0.159965	0.007502	2.5
562	-0.083992	0.000000	0.159965	0.006744	2.7
563	-0.085127	0.000000	0.159965	0.008958	3.0
564	-0.083214	0.000000	0.159965	0.005537	2.6
565	-0.081545	0.000000	0.159965	0.004934	2.5
566	-0.083126	0.000000	0.159965	0.006483	2.9
567	-0.083110	0.000000	0.159965	0.003628	3.0
568	-0.086401	0.000000	0.159965	0.006707	3.3
569	-0.086814	0.000000	0.159965	0.006572	2.8
570	-0.083715	0.000000	0.159965	0.005598	2.7
571	-0.084381	0.000000	0.159965	0.004506	2.8
572	-0.080400	0.000000	0.159965	0.004448	2.7
573	-0.084881	0.000000	0.159965	0.005584	2.8
574	-0.080200	0.000000	0.159965	0.005196	2.8
575	-0.079864	0.000000	0.159965	0.004381	2.9
576	-0.084201	0.000000	0.159965	0.006253	2.6
577	-0.085417	0.000000	0.159965	0.005125	2.5
578	-0.089906	0.000000	0.159965	0.006725	2.5
579	-0.084359	0.000000	0.159965	0.003632	2.3
580	-0.084462	0.000000	0.159965	0.006497	2.2
581	-0.083722	0.000000	0.159965	0.008659	2.5
582	-0.083960	0.000000	0.159965	0.005322	3.0
583	-0.082082	0.000000	0.159965	0.006467	2.6
584	-0.079970	0.000000	0.159965	0.004831	2.4
585	-0.085519	0.000000	0.159965	0.006462	2.7
586	-0.082678	0.000000	0.159965	0.004194	3.1
587	-0.082895	0.000000	0.159965	0.005889	2.9
588	-0.083191	0.000000	0.159965	0.003591	2.5
589	-0.084726	0.000000	0.159965	0.004844	2.5
590	-0.083420	0.000000	0.159965	0.006697	2.8
591	-0.085070	0.000000	0.159965	0.006839	2.7
592	-0.082714	0.000000	0.159965	0.003553	2.5
593	-0.081010	0.000000	0.159965	0.003194	2.4
594	-0.083198	0.000000	0.159965	0.006173	2.4
595	-0.086298	0.000000	0.159965	0.004330	2.2
596	-0.082939	0.000000	0.159965	0.007303	2.6
597	-0.088657	0.000000	0.159965	0.005550	2.7
598	-0.082733	0.000000	0.159965	0.006014	3.2
599	-0.087463	0.000000	0.159965	0.006295	2.2
600	-0.078755	0.000000	0.159965	0.006518	2.5
601	-0.087786	0.000000	0.159965	0.006257	2.4
602	-0.080191	0.000000	0.159965	0.006193	2.1
603	-0.085790	0.000000	0.159965	0.003874	2.1
604	-0.084177	0.000000	0.159965	0.004719	2.8
605	-0.081740	0.000000	0.159965	0.008684	2.5
606	-0.088450	0.000000	0.159965	0.005675	2.7
607	-0.084042	0.000000	0.159965	0.007128	2.8
608	-0.087533	0.000000	0.159965	0.004931	2.2
609	-0.083206	0.000000	0.159965	0.007318	2.8
610	-0.084707	0.000000	0.159965	0.005521	2.2
611	-0.087900	0.000000	0.159965	0.006678	2.3
612	-0.085546	0.000000	0.159965	0.005832	2.5
613	-0.082652	0.000000	0.159965	0.003906	2.9
614	-0.080413	0.000000	0.159965	0.002764	3.0
615	-0.082597	0.000000	0.159965	0.004780	2.8
616	-0.087017	0.000000	0.159965	0.006619	2.2
617	-0.085517	0.000000	0.159965	0.003577	2.4
618	-0.080346	0.000000	0.159965	0.006336	2.8
619	-0.087249	0.000000	0.159965	0.004895	2.8
620	-0.087456	0.000000	0.159965	0.005217	3.1
621	-0.084416	0.000000	0.159965	0.004704	2.9
622	-0.083573	0.000000	0.159965	0.004473	3.1
623	-0.081613	0.000000	0.159965	0.004389	2.8
624	-0.085028	0.000000	0.159965	0.003990	3.3
625	-0.087410	0.000000	0.159965	0.003603	2.7
626	-0.083532	0.000000	0.159965	0.006153	2.9
627	-0.087224	0.000000	0.159965	0.006824	2.9
628	-0.081054	0.000000	0.159965	0.006978	2.8
629	-0.082941	0.000000	0.159965	0.005863	3.2
630	-0.084250	0.000000	0.159965	0.006913	3.6
631	-0.083689	0.000000	0.159965	0.008292	3.4
632	-0.086960	0.000000	0.159965	0.004625	3.3
633	-0.086097	0.000000	0.159965	0.004639	3.4
634	-0.088399	0.000000	0.159965	0.004160	3.4
635	-0.086656	0.000000	0.159965	0.008233	3.4
636	-0.085424	0.000000	0.159965	0.005770	3.5
637	-0.088529	0.000000	0.159965	0.006166	3.4
638	-0.083956	0.000000	0.159965	0.005461	3.2
639	-0.086639	0.000000	0.159965	0.004642	2.3
640	-0.082155	0.000000	0.159965	0.007132	2.5
641	-0.086813	0.000000	0.159965	0.007257	3.2
642	-0.085251	0.000000	0.159965	0.003536	3.1
643	-0.087460	0.000000	0.159965	0.003888	2.8
644	-0.081783	0.000000	0.159965	0.004767	3.4
645	-0.087133	0.000000	0.159965	0.004282	3.3
646	-0.086259	0.000000	0.159965	0.003615	3.0
647	-0.087044	0.000000	0.159965	0.004720	3.4
648	-0.085313	0.000000	0.159965	0.007800	3.3
649	-0.085703	0.000000	0.159965	0.004194	3.4
650	-0.083782	0.000000	0.159965	0.008206	3.4
651	-0.080692	0.000000	0.159965	0.004331	3.8
652	-0.086697	0.000000	0.159965	0.006969	3.3
653	-0.085301	0.000000	0.159965	0.004762	3.8
654	-0.082899	0.000000	0.159965	0.005894	3.6
655	-0.083940	0.000000	0.159965	0.006461	3.6
656	-0.082824	0.000000	0.159965	0.006263	3.3
657	-0.083865	0.000000	0.159965	0.005798	2.8
658	-0.084335	0.000000	0.159965	0.007261	3.4
659	-0.082258	0.000000	0.159965	0.005300	3.5
660	-0.087494	0.000000	0.159965	0.004716	3.2
661	-0.080414	0.000000	0.159965	0.007090	3.4
662	-0.087215	0.000000	0.159965	0.005163	3.2
663	-0.087635	0.000000	0.159965	0.004862	3.0
664	-0.084885	0.000000	0.159965	0.006205	3.2
665	-0.081640	0.000000	0.159965	0.005824	2.9
666	-0.085978	0.000000	0.159965	0.008220	2.4
667	-0.081162	0.000000	0.159965	0.006649	2.5
668	-0.090722	0.000000	0.159965	0.006210	3.1
669	-0.079096	0.000000	0.159965	0.006980	2.3
670	-0.086802	0.000000	0.159965	0.005699	2.8
671	-0.081515	0.000000	0.159965	0.007233	2.8
672	-0.078866	0.000000	0.159965	0.003440	2.7
673	-0.081936	0.000000	0.159965	0.003340	2.8
674	-0.083603	0.000000	0.159965	0.005141	2.8
675	-0.082929	0.000000	0.159965	0.004563	2.9
676	-0.080635	0.000000	0.159965	0.005182	2.6
677	-0.082210	0.000000	0.159965	0.005677	2.8
678	-0.087305	0.000000	0.159965	0.002987	2.7
679	-0.080100	0.000000	0.159965	0.005332	2.7
680	-0.084955	0.000000	0.159965	0.004794	2.6
681	-0.081713	0.000000	0.159965	0.005123	2.9
682	-0.087207	0.000000	0.159965	0.006016	2.6
683	-0.081692	0.000000	0.159965	0.004544	2.8
684	-0.085056	0.000000	0.159965	0.005927	3.2
685	-0.085656	0.000000	0.159965	0.003815	3.2
686	-0.082126	0.000000	0.159965	0.004575	3.6
687	-0.085124	0.000000	0.159965	0.006062	2.6
688	-0.088061	0.000000	0.159965	0.004063	2.6
689	-0.090902	0.000000	0.159965	0.005866	2.6
690	-0.085857	0.000000	0.159965	0.008070	2.8
691	-0.083337	0.000000	0.159965	0.006998	3.3
692	-0.082565	0.000000	0.159965	0.005912	3.3
693	-0.080662	0.000000	0.159965	0.005729	3.4
694	-0.085052	0.000000	0.159965	0.007839	3.4
695	-0.080444	0.000000	0.159965	0.004830	3.4
696	-0.081767	0.000000	0.159965	0.005126	3.4
697	-0.080557	0.000000	0.159965	0.004681	3.3
698	-0.077484	0.000000	0.159965	0.004182	3.3
699	-0.080883	0.000000	0.159965	0.004081	3.0
700	-0.087970	0.000000	0.159965	0.006359	3.0
701	-0.084213	0.000000	0.159965	0.006258	3.1
702	-0.082466	0.000000	0.159965	0.005387	2.9
703	-0.081973	0.000000	0.159965	0.004987	2.5
704	-0.083651	0.000000	0.159965	0.007699	2.6
705	-0.082954	0.000000	0.159965	0.002208	2.5
706	-0.086899	0.000000	0.159965	0.007402	2.5
707	-0.088394	0.000000	0.159965	0.005531	2.5
708	-0.085423	0.000000	0.159965	0.005990	2.6
709	-0.080583	0.000000	0.159965	0.005560	3.3
710	-0.083546	0.000000	0.159965	0.005281	3.2
711	-0.083666	0.000000	0.159965	0.004108	3.3
712	-0.086403	0.000000	0.159965	0.003748	3.3
713	-0.089680	0.000000	0.159965	0.007998	3.4
714	-0.082533	0.000000	0.159965	0.005448	3.5
715	-0.083586	0.000000	0.159965	0.005564	3.2
716	-0.084782	0.000000	0.159965	0.003544	2.9
717	-0.081775	0.000000	0.159965	0.006456	2.8
718	-0.085946	0.000000	0.159965	0.004294	2.8
719	-0.086829	0.000000	0.159965	0.004406	2.8
720	-0.082816	0.000000	0.159965	0.006248	2.6
721	-0.084547	0.000000	0.159965	0.006789	2.9
722	-0.080489	0.000000	0.159965	0.003610	3.4
723	-0.083602	0.000000	0.159965	0.006407	3.4
724	-0.083532	0.000000	0.159965	0.004134	3.3
725	-0.084854	0.000000	0.159965	0.005790	2.6
726	-0.084439	0.000000	0.159965	0.004955	3.1
727	-0.079550	0.000000	0.159965	0.004710	2.5
728	-0.088572	0.000000	0.159965	0.003647	3.0
729	-0.081024	0.000000	0.159965	0.005977	3.4
730	-0.080589	0.000000	0.159965	0.004011	3.4
731	-0.086086	0.000000	0.159965	0.003194	3.4
732	-0.076823	0.000000	0.159965	0.004240	3.3
733	-0.088977	0.000000	0.159965	0.004803	3.3
734	-0.087294	0.000000	0.159965	0.007455	3.3
735	-0.079514	0.000000	0.159965	0.007175	2.9
736	-0.079024	0.000000	0.159965	0.006640	2.9
737	-0.085542	0.000000	0.159965	0.006131	2.8
738	-0.090795	0.000000	0.159965	0.002416	2.9
739	-0.077369	0.000000	0.159965	0.005362	3.5
740	-0.085683	0.000000	0.159965	0.005608	3.3
741	-0.085226	0.000000	0.159965	0.004216	3.3
742	-0.079854	0.000000	0.159965	0.006130	3.3
743	-0.088616	0.000000	0.159965	0.004283	3.3
744	-0.080782	0.000000	0.159965	0.004433	3.1
745	-0.080992	0.000000	0.159965	0.007088	3.2
746	-0.080715	0.000000	0.159965	0.004047	3.4
747	-0.086559	0.000000	0.159965	0.003078	3.4
748	-0.086817	0.000000	0.159965	0.004476	3.2
749	-0.086423	0.000000	0.159965	0.007778	3.4
750	-0.081942	0.000000	0.159965	0.006126	3.1
751	-0.083718	0.000000	0.159965	0.005011	3.3
752	-0.087403	0.000000	0.159965	0.005472	3.1
753	-0.081308	0.000000	0.159965	0.004837	3.3
754	-0.086174	0.000000	0.159965	0.003993	3.4
755	-0.090264	0.000000	0.159965	0.009428	3.4
756	-0.083311	0.000000	0.159965	0.006930	3.5
757	-0.083609	0.000000	0.159965	0.005541	3.5
758	-0.085885	0.000000	0.159965	0.004744	2.9
759	-0.083950	0.000000	0.159965	0.005804	3.5
760	-0.080282	0.000000	0.159965	0.004135	3.6
761	-0.084323	0.000000	0.159965	0.004962	3.3
762	-0.080974	0.000000	0.159965	0.006199	3.0
763	-0.080673	0.000000	0.159965	0.005222	2.6
764	-0.085203	0.000000	0.159965	0.008499	2.9
765	-0.088265	0.000000	0.159965	0.004888	2.7
766	-0.081223	0.000000	0.159965	0.006828	2.7
767	-0.084751	0.000000	0.159965	0.005239	2.7
768	-0.085946	0.000000	0.159965	0.006372	2.4
769	-0.089166	0.000000	0.159965	0.005364	2.8
770	-0.080955	0.000000	0.159965	0.004265	3.3
771	-0.084244	0.000000	0.159965	0.004599	3.3
772	-0.084445	0.000000	0.159965	0.005363	3.3
773	-0.085649	0.000000	0.159965	0.004696	2.8
774	-0.079254	0.000000	0.159965	0.005313	3.4
775	-0.085004	0.000000	0.159965	0.007781	3.3
776	-0.085096	0.000000	0.159965	0.009327	3.2
777	-0.086484	0.000000	0.159965	0.005179	3.0
778	-0.089991	0.000000	0.159965	0.004946	2.8
779	-0.080328	0.000000	0.159965	0.005465	2.7
780	-0.081048	0.000000	0.159965	0.005320	2.7
781	-0.082770	0.000000	0.159965	0.004332	2.8
782	-0.079499	0.000000	0.159965	0.008881	3.3
783	-0.088482	0.000000	0.159965	0.006047	4.5
784	-0.084452	0.000000	0.159965	0.006832	4.4
785	-0.085950	0.000000	0.159965	0.005321	4.6
786	-0.085328	0.000000	0.159965	0.008231	3.2
787	-0.083211	0.000000	0.159965	0.005820	2.7
788	-0.087203	0.000000	0.159965	0.004799	3.0
789	-0.078619	0.000000	0.159965	0.002921	2.2
790	-0.085028	0.000000	0.159965	0.006076	1.7
791	-0.080570	0.000000	0.159965	0.004818	1.7
792	-0.083255	0.000000	0.159965	0.003608	1.8
793	-0.085001	0.000000	0.159965	0.005090	2.0
794	-0.079867	0.000000	0.159965	0.007782	1.7
795	-0.080494	0.000000	0.159965	0.006001	1.8
796	-0.086461	0.000000	0.159965	0.007559	2.0
797	-0.083095	0.000000	0.159965	0.004837	1.9
798	-0.077597	0.000000	0.159965	0.004739	2.0
799	-0.083841	0.000000	0.159965	0.004805	1.7
800	-0.083708	0.000000	0.159965	0.005586	1.8
801	-0.086220	0.000000	0.159965	0.004851	1.9
802	-0.083490	0.000000	0.159965	0.004587	1.9
803	-0.079611	0.000000	0.159965	0.004442	2.2
804	-0.081146	0.000000	0.159965	0.004759	1.9
805	-0.082129	0.000000	0.159965	0.005785	1.7
806	-0.083949	0.000000	0.159965	0.004497	1.7
807	-0.081465	0.000000	0.159965	0.004934	1.9
808	-0.087151	0.000000	0.159965	0.005308	1.6
809	-0.084332	0.000000	0.159965	0.008090	1.6
810	-0.084256	0.000000	0.159965	0.005463	1.7
811	-0.085510	0.000000	0.159965	0.006211	1.9
812	-0.086537	0.000000	0.159965	0.004147	1.9
813	-0.083000	0.000000	0.159965	0.008374	1.7
814	-0.084797	0.000000	0.159965	0.006998	1.8
815	-0.080492	0.000000	0.159965	0.005219	1.7
816	-0.084707	0.000000	0.159965	0.004045	1.7
817	-0.082624	0.000000	0.159965	0.004791	1.8
818	-0.085447	0.000000	0.159965	0.004653	1.9
819	-0.089405	0.000000	0.159965	0.006866	1.7
820	-0.087940	0.000000	0.159965	0.005627	1.7
821	-0.080271	0.000000	0.159965	0.004516	2.2
822	-0.087897	0.000000	0.159965	0.006179	2.7
823	-0.089715	0.000000	0.159965	0.004218	2.4
824	-0.087751	0.000000	0.159965	0.004795	2.0
825	-0.086658	0.000000	0.159965	0.004908	2.2
826	-0.088118	0.000000	0.159965	0.005183	2.5
827	-0.084378	0.000000	0.159965	0.005627	1.9
828	-0.084440	0.000000	0.159965	0.006738	2.3
829	-0.083412	0.000000	0.159965	0.007495	2.1
830	-0.086313	0.000000	0.159965	0.003898	2.9
831	-0.082658	0.000000	0.159965	0.006436	2.2
832	-0.086597	0.000000	0.159965	0.005358	2.1
833	-0.079623	0.000000	0.159965	0.004728	2.4
834	-0.080536	0.000000	0.159965	0.004024	2.1
835	-0.086134	0.000000	0.159965	0.006310	2.4
836	-0.086451	0.000000	0.159965	0.003000	3.2
837	-0.082138	0.000000	0.159965	0.005464	2.9
838	-0.082202	0.000000	0.159965	0.006533	2.8
839	-0.085415	0.000000	0.159965	0.005866	2.4
840	-0.085766	0.000000	0.159965	0.003926	2.5
841	-0.085569	0.000000	0.159965	0.009977	2.6
842	-0.085765	0.000000	0.159965	0.003949	2.5
843	-0.083031	0.000000	0.159965	0.004539	2.2
844	-0.081677	0.000000	0.159965	0.006782	2.7
845	-0.082557	0.000000	0.159965	0.006929	2.3
846	-0.086404	0.000000	0.159965	0.005305	2.3
847	-0.084273	0.000000	0.159965	0.004265	2.2
848	-0.083268	0.000000	0.159965	0.005287	3.0
849	-0.079405	0.000000	0.159965	0.006791	3.1
850	-0.084076	0.000000	0.159965	0.005400	2.5
851	-0.083901	0.000000	0.159965	0.004539	2.6
852	-0.086905	0.000000	0.159965	0.005159	3.2
853	-0.080501	0.000000	0.159965	0.004453	3.1
854	-0.080595	0.000000	0.159965	0.005313	2.3
855	-0.084858	0.000000	0.159965	0.004880	2.8
856	-0.085269	0.000000	0.159965	0.006140	2.8
857	-0.084392	0.000000	0.159965	0.005147	2.4
858	-0.086374	0.000000	0.159965	0.005193	3.2
859	-0.082448	0.000000	0.159965	0.005755	3.0
860	-0.081929	0.000000	0.159965	0.005211	3.1
861	-0.083587	0.000000	0.159965	0.004006	4.2
862	-0.088411	0.000000	0.159965	0.005620	3.3
863	-0.086718	0.000000	0.159965	0.005101	3.3
864	-0.083175	0.000000	0.159965	0.005069	3.2
865	-0.084071	0.000000	0.159965	0.005416	2.5
866	-0.088177	0.000000	0.159965	0.004980	2.8
867	-0.086777	0.000000	0.159965	0.005021	2.9
868	-0.081893	0.000000	0.159965	0.006298	3.2
869	-0.083460	0.000000	0.159965	0.003437	2.6
870	-0.086579	0.000000	0.159965	0.006545	2.6
871	-0.085809	0.000000	0.159965	0.004287	3.4
872	-0.082116	0.000000	0.159965	0.006518	3.0
873	-0.082306	0.000000	0.159965	0.004575	2.3
874	-0.087390	0.000000	0.159965	0.005705	2.5
875	-0.079538	0.000000	0.159965	0.004479	2.5
876	-0.082539	0.000000	0.159965	0.003911	2.7
877	-0.082562	0.000000	0.159965	0.007113	2.9
878	-0.080361	0.000000	0.159965	0.003131	2.4
879	-0.085420	0.000000	0.159965	0.003782	2.5
880	-0.083491	0.000000	0.159965	0.006647	2.8
881	-0.082098	0.000000	0.159965	0.005899	2.1
882	-0.087508	0.000000	0.159965	0.005431	2.2
883	-0.081475	0.000000	0.159965	0.006612	2.9
884	-0.082374	0.000000	0.159965	0.004097	3.0
885	-0.082870	0.000000	0.159965	0.004047	2.2
886	-0.084358	0.000000	0.159965	0.004728	2.2
887	-0.087620	0.000000	0.159965	0.006599	2.7
888	-0.087473	0.000000	0.159965	0.005797	2.7
889	-0.083009	0.000000	0.159965	0.005830	2.8
890	-0.081840	0.000000	0.159965	0.003878	2.7
891	-0.084848	0.000000	0.159965	0.005290	2.1
892	-0.080922	0.000000	0.159965	0.007864	2.3
893	-0.081244	0.000000	0.159965	0.004842	2.3
894	-0.082917	0.000000	0.159965	0.007537	2.0
895	-0.081119	0.000000	0.159965	0.006191	3.2
896	-0.082894	0.000000	0.159965	0.007259	3.2
897	-0.087292	0.000000	0.159965	0.007476	3.3
898	-0.085017	0.000000	0.159965	0.004473	2.5
899	-0.086318	0.000000	0.159965	0.005160	2.4
900	-0.083651	0.000000	0.159965	0.005322	2.4
901	-0.083267	0.000000	0.159965	0.004351	3.0
902	-0.085877	0.000000	0.159965	0.007539	3.1
903	-0.081402	0.000000	0.159965	0.004545	3.0
904	-0.080495	0.000000	0.159965	0.005273	2.6
905	-0.085118	0.000000	0.159965	0.004414	2.7
906	-0.085300	0.000000	0.159965	0.004279	2.9
907	-0.082649	0.000000	0.159965	0.007659	2.9
908	-0.089288	0.000000	0.159965	0.004533	2.9
909	-0.082540	0.000000	0.159965	0.008740	3.1
910	-0.084419	0.000000	0.159965	0.005883	3.1
911	-0.086885	0.000000	0.159965	0.003597	3.4
912	-0.085781	0.000000	0.159965	0.004253	2.9
913	-0.085325	0.000000	0.159965	0.005217	3.0
914	-0.084945	0.000000	0.159965	0.005966	2.8
915	-0.086594	0.000000	0.159965	0.006013	3.0
916	-0.085562	0.000000	0.159965	0.007144	3.0
917	-0.082380	0.000000	0.159965	0.006039	2.9
918	-0.080333	0.000000	0.159965	0.005397	3.4
919	-0.081681	0.000000	0.159965	0.009406	3.4
920	-0.081356	0.000000	0.159965	0.004215	3.2
921	-0.081341	0.000000	0.159965	0.006247	2.9
922	-0.085282	0.000000	0.159965	0.007606	2.4
923	-0.084773	0.000000	0.159965	0.004672	3.1
924	-0.086290	0.000000	0.159965	0.004636	3.0
925	-0.084286	0.000000	0.159965	0.008166	2.9
926	-0.086890	0.000000	0.159965	0.005475	3.0
927	-0.083018	0.000000	0.159965	0.005977	2.8
928	-0.092482	0.000000	0.159965	0.009298	2.6
929	-0.083933	0.000000	0.159965	0.007019	2.7
930	-0.081067	0.000000	0.159965	0.005886	2.7
931	-0.085225	0.000000	0.159965	0.004966	2.7
932	-0.080363	0.000000	0.159965	0.007113	2.7
933	-0.085385	0.000000	0.159965	0.005318	2.5
934	-0.089020	0.000000	0.159965	0.009141	2.5
935	-0.085481	0.000000	0.159965	0.004456	2.5
936	-0.084659	0.000000	0.159965	0.008748	2.4
937	-0.086402	0.000000	0.159965	0.004985	2.3
938	-0.086866	0.000000	0.159965	0.003443	2.1
939	-0.083498	0.000000	0.159965	0.004739	2.4
940	-0.087009	0.000000	0.159965	0.004582	2.3
941	-0.086550	0.000000	0.159965	0.005034	2.9
942	-0.084686	0.000000	0.159965	0.005566	2.6
943	-0.080816	0.000000	0.159965	0.005384	2.5
944	-0.084829	0.000000	0.159965	0.005788	3.0
945	-0.087066	0.000000	0.159965	0.006026	3.0
946	-0.081225	0.000000	0.159965	0.003717	2.9
947	-0.085476	0.000000	0.159965	0.004847	3.0
948	-0.088693	0.000000	0.159965	0.003896	2.9
949	-0.086697	0.000000	0.159965	0.004830	2.7
950	-0.081907	0.000000	0.159965	0.005003	2.3
951	-0.082171	0.000000	0.159965	0.005319	2.5
952	-0.084425	0.000000	0.159965	0.003190	2.4
953	-0.079478	0.000000	0.159965	0.004307	3.0
954	-0.085483	0.000000	0.159965	0.008225	3.3
955	-0.088949	0.000000	0.159965	0.004892	3.2
956	-0.082676	0.000000	0.159965	0.004741	3.0
957	-0.083305	0.000000	0.159965	0.002994	2.6
958	-0.080231	0.000000	0.159965	0.005429	2.8
959	-0.086763	0.000000	0.159965	0.003084	3.1
960	-0.080570	0.000000	0.159965	0.005300	3.0
961	-0.086252	0.000000	0.159965	0.004950	3.2
962	-0.083886	0.000000	0.159965	0.005851	2.1
963	-0.083291	0.000000	0.159965	0.005480	2.9
964	-0.079678	0.000000	0.159965	0.008312	3.2
965	-0.087125	0.000000	0.159965	0.004970	3.3
966	-0.084909	0.000000	0.159965	0.006181	3.2
967	-0.084756	0.000000	0.159965	0.005804	3.3
968	-0.085277	0.000000	0.159965	0.005232	3.2
969	-0.087042	0.000000	0.159965	0.005061	3.0
970	-0.084745	0.000000	0.159965	0.005058	3.1
971	-0.089402	0.000000	0.159965	0.004011	3.2
972	-0.081847	0.000000	0.159965	0.005437	3.0
973	-0.085115	0.000000	0.159965	0.006515	2.4
974	-0.087263	0.000000	0.159965	0.006082	2.5
975	-0.080818	0.000000	0.159965	0.008819	2.9
976	-0.085364	0.000000	0.159965	0.011913	2.3
977	-0.081456	0.000000	0.159965	0.004192	3.0
978	-0.084281	0.000000	0.159965	0.004950	2.8
979	-0.091099	0.000000	0.159965	0.003922	3.3
980	-0.084021	0.000000	0.159965	0.009256	3.0
981	-0.080687	0.000000	0.159965	0.003427	3.3
982	-0.083940	0.000000	0.159965	0.004509	3.1
983	-0.086783	0.000000	0.159965	0.006193	2.9
984	-0.083890	0.000000	0.159965	0.006843	3.3
985	-0.081380	0.000000	0.159965	0.008743	3.3
986	-0.084679	0.000000	0.159965	0.003080	3.4
987	-0.087308	0.000000	0.159965	0.005019	3.3
988	-0.084634	0.000000	0.159965	0.006113	3.2
989	-0.084837	0.000000	0.159965	0.005034	3.2
990	-0.084798	0.000000	0.159965	0.004247	2.4
991	-0.086687	0.000000	0.159965	0.008556	3.1
992	-0.085401	0.000000	0.159965	0.009528	3.1
993	-0.088118	0.000000	0.159965	0.006643	3.1
994	-0.080011	0.000000	0.159965	0.005367	2.6
995	-0.088587	0.000000	0.159965	0.006879	2.9
996	-0.082322	0.000000	0.159965	0.005257	3.0
997	-0.085687	0.000000	0.159965	0.004432	3.0
998	-0.077769	0.000000	0.159965	0.004601	3.2
999	-0.085233	0.000000	0.159965	0.004554	2.7
