1:ItNr	2:Metric	3a:Time	3b:StepSize	4:||Gradient||	Time[ms]
0	-0.054031	0.000000	0.159965	0.004491	570.5
1	-0.054730	0.000000	0.159965	0.004124	3.0
2	-0.054759	0.000000	0.159965	0.006822	3.0
3	-0.050820	0.000000	0.159965	0.006669	3.0
4	-0.050461	0.000000	0.159965	0.004824	3.0
5	-0.056469	0.000000	0.159965	0.003258	3.1
6	-0.053468	0.000000	0.159965	0.004181	3.1
7	-0.053393	1.000000	0.155547	0.003740	3.2
8	-0.054046	0.200000	0.159054	0.007742	3.7
9	-0.054241	0.000000	0.159965	0.009975	3.8
10	-0.055253	1.000000	0.155547	0.009526	4.0
11	-0.054758	0.200000	0.159054	0.005305	4.2
12	-0.053760	0.000000	0.159965	0.005978	4.3
13	-0.054179	0.000000	0.159965	0.006711	4.9
14	-0.054855	0.000000	0.159965	0.003432	5.6
15	-0.053849	0.000000	0.159965	0.004298	4.9
16	-0.053262	1.000000	0.155547	0.008974	5.5
17	-0.053807	2.000000	0.151440	0.005186	6.1
18	-0.054425	1.200000	0.154702	0.012069	5.9
19	-0.053753	0.400000	0.158158	0.007783	6.0
20	-0.055749	0.000000	0.159965	0.008001	6.0
21	-0.053048	0.000000	0.159965	0.007595	6.0
22	-0.053045	0.000000	0.159965	0.010360	6.1
23	-0.053534	0.000000	0.159965	0.007269	5.3
24	-0.056130	0.000000	0.159965	0.007068	6.1
25	-0.054614	0.000000	0.159965	0.007836	6.0
26	-0.054720	0.000000	0.159965	0.009025	5.6
27	-0.057942	0.000000	0.159965	0.007621	5.8
28	-0.053403	1.000000	0.155547	0.003522	5.9
29	-0.053741	2.000000	0.151440	0.008158	5.8
30	-0.053163	1.200000	0.154702	0.007411	5.7
31	-0.053747	0.400000	0.158158	0.008683	5.7
32	-0.054511	0.000000	0.159965	0.006071	5.4
33	-0.058360	0.000000	0.159965	0.006263	5.2
34	-0.052107	0.000000	0.159965	0.002366	5.2
35	-0.052552	0.000000	0.159965	0.014762	4.7
36	-0.054174	1.000000	0.155547	0.010868	4.8
37	-0.055740	0.200000	0.159054	0.008050	5.1
38	-0.054332	0.000000	0.159965	0.006385	5.9
39	-0.053455	0.000000	0.159965	0.009122	6.1
40	-0.055199	0.000000	0.159965	0.008953	6.0
41	-0.053214	0.000000	0.159965	0.004780	5.9
42	-0.049632	0.000000	0.159965	0.009106	5.4
43	-0.049552	0.000000	0.159965	0.005892	5.3
44	-0.054976	0.000000	0.159965	0.005288	5.4
45	-0.057843	0.000000	0.159965	0.003278	6.1
46	-0.051813	0.000000	0.159965	0.004323	6.2
47	-0.049943	0.000000	0.159965	0.007226	5.9
48	-0.058470	0.000000	0.159965	0.008122	6.0
49	-0.053519	0.000000	0.159965	0.012692	6.2
50	-0.054905	0.000000	0.159965	0.001994	6.0
51	-0.054319	0.000000	0.159965	0.011667	5.7
52	-0.053309	0.000000	0.159965	0.003892	6.1
53	-0.057966	0.000000	0.159965	0.005074	6.1
54	-0.054942	0.000000	0.159965	0.005635	5.1
55	-0.052357	0.000000	0.159965	0.005297	5.3
56	-0.055145	0.000000	0.159965	0.004711	5.7
57	-0.051947	0.000000	0.159965	0.005631	5.3
58	-0.051949	0.000000	0.159965	0.008176	5.0
59	-0.056973	0.000000	0.159965	0.005271	4.9
60	-0.056007	0.000000	0.159965	0.006308	5.0
61	-0.054826	0.000000	0.159965	0.007787	4.7
62	-0.052479	0.000000	0.159965	0.005289	4.5
63	-0.049701	0.000000	0.159965	0.004928	4.5
64	-0.055062	0.000000	0.159965	0.005932	4.7
65	-0.055854	0.000000	0.159965	0.006418	5.9
66	-0.053882	0.000000	0.159965	0.004438	5.9
67	-0.051830	0.000000	0.159965	0.007787	5.5
68	-0.052835	1.000000	0.155547	0.004463	5.3
69	-0.053872	0.200000	0.159054	0.008955	4.7
70	-0.051648	1.200000	0.154702	0.005054	5.0
71	-0.054825	0.400000	0.158158	0.006484	5.6
72	-0.052279	0.000000	0.159965	0.010271	4.7
73	-0.053657	0.000000	0.159965	0.005600	4.8
74	-0.049417	0.000000	0.159965	0.004283	5.7
75	-0.054021	0.000000	0.159965	0.006167	5.8
76	-0.055486	0.000000	0.159965	0.008875	5.6
77	-0.057125	0.000000	0.159965	0.005039	5.9
78	-0.055107	0.000000	0.159965	0.006530	4.7
79	-0.054004	0.000000	0.159965	0.005067	5.2
80	-0.052357	0.000000	0.159965	0.006950	4.8
81	-0.056176	0.000000	0.159965	0.009104	4.9
82	-0.054337	0.000000	0.159965	0.004455	5.4
83	-0.053303	0.000000	0.159965	0.003315	6.0
84	-0.054407	0.000000	0.159965	0.006163	5.7
85	-0.051979	0.000000	0.159965	0.005949	5.0
86	-0.055044	0.000000	0.159965	0.005582	5.1
87	-0.052633	0.000000	0.159965	0.011076	5.1
88	-0.056679	0.000000	0.159965	0.007657	5.7
89	-0.052226	0.000000	0.159965	0.004406	5.7
90	-0.053958	0.000000	0.159965	0.003835	5.7
91	-0.054758	0.000000	0.159965	0.003148	6.2
92	-0.054666	0.000000	0.159965	0.007926	5.7
93	-0.052316	0.000000	0.159965	0.009499	5.3
94	-0.057258	0.000000	0.159965	0.004951	5.4
95	-0.053410	0.000000	0.159965	0.008574	6.1
96	-0.053864	0.000000	0.159965	0.004938	5.7
97	-0.051840	0.000000	0.159965	0.002829	6.0
98	-0.055373	0.000000	0.159965	0.005263	5.9
99	-0.055436	0.000000	0.159965	0.007319	5.9
100	-0.052675	1.000000	0.155547	0.005325	6.1
101	-0.051109	2.000000	0.151440	0.004402	6.0
102	-0.053320	3.000000	0.147609	0.006755	6.1
103	-0.053117	4.000000	0.144026	0.006344	5.5
104	-0.050873	3.200000	0.146873	0.005752	5.4
105	-0.054074	2.400000	0.149876	0.007004	5.3
106	-0.054892	1.600000	0.153048	0.006205	6.0
107	-0.053483	2.600000	0.149110	0.007645	6.1
108	-0.054404	3.600000	0.145431	0.006699	5.9
109	-0.053969	2.800000	0.148354	0.003644	5.9
110	-0.054998	2.000000	0.151440	0.007546	5.6
111	-0.053211	1.200000	0.154702	0.010258	6.3
112	-0.053947	0.400000	0.158158	0.007011	6.4
113	-0.050251	0.000000	0.159965	0.004959	6.3
114	-0.059047	0.000000	0.159965	0.006638	6.4
115	-0.057637	0.000000	0.159965	0.001785	6.0
116	-0.049027	0.000000	0.159965	0.002150	5.8
117	-0.054115	1.000000	0.155547	0.006321	6.1
118	-0.053414	2.000000	0.151440	0.011652	6.2
119	-0.058311	1.200000	0.154702	0.004217	6.0
120	-0.055037	0.400000	0.158158	0.004854	6.0
121	-0.052159	0.000000	0.159965	0.005566	5.6
122	-0.055702	0.000000	0.159965	0.008958	5.4
123	-0.052808	0.000000	0.159965	0.005553	5.3
124	-0.053215	0.000000	0.159965	0.004942	6.4
125	-0.049727	0.000000	0.159965	0.007918	6.1
126	-0.050523	0.000000	0.159965	0.006946	5.7
127	-0.054021	0.000000	0.159965	0.011476	5.5
128	-0.051988	0.000000	0.159965	0.007013	5.6
129	-0.054557	0.000000	0.159965	0.005828	6.4
130	-0.054190	1.000000	0.155547	0.004783	5.5
131	-0.047495	0.200000	0.159054	0.004256	6.2
132	-0.051377	1.200000	0.154702	0.004302	5.4
133	-0.049858	0.400000	0.158158	0.005798	6.2
134	-0.055889	0.000000	0.159965	0.004643	5.9
135	-0.050494	0.000000	0.159965	0.007638	6.2
136	-0.056321	0.000000	0.159965	0.010116	6.0
137	-0.053850	0.000000	0.159965	0.004841	6.1
138	-0.052940	0.000000	0.159965	0.010267	6.3
139	-0.055461	0.000000	0.159965	0.004084	6.2
140	-0.051809	0.000000	0.159965	0.005557	6.3
141	-0.054638	0.000000	0.159965	0.005646	5.8
142	-0.051046	0.000000	0.159965	0.002287	6.1
143	-0.051366	0.000000	0.159965	0.006625	5.9
144	-0.055057	0.000000	0.159965	0.005263	6.5
145	-0.055485	0.000000	0.159965	0.002689	5.5
146	-0.055036	0.000000	0.159965	0.009591	5.5
147	-0.058240	0.000000	0.159965	0.003168	5.4
148	-0.050221	1.000000	0.155547	0.007300	5.6
149	-0.056840	2.000000	0.151440	0.007115	5.3
150	-0.051918	1.200000	0.154702	0.005084	4.9
151	-0.052767	0.400000	0.158158	0.007616	4.8
152	-0.054204	0.000000	0.159965	0.006801	4.6
153	-0.053695	0.000000	0.159965	0.005470	4.8
154	-0.053177	0.000000	0.159965	0.002517	4.8
155	-0.055269	0.000000	0.159965	0.009433	4.6
156	-0.056714	0.000000	0.159965	0.005806	4.7
157	-0.056414	0.000000	0.159965	0.008685	4.8
158	-0.054569	0.000000	0.159965	0.005939	4.8
159	-0.054637	0.000000	0.159965	0.005371	4.6
160	-0.055945	0.000000	0.159965	0.002873	4.5
161	-0.054834	1.000000	0.155547	0.001672	5.2
162	-0.054720	2.000000	0.151440	0.007930	4.9
163	-0.052849	3.000000	0.147609	0.004434	6.1
164	-0.054033	2.200000	0.150652	0.007123	5.9
165	-0.052381	1.400000	0.153869	0.005866	5.4
166	-0.056704	0.600000	0.157275	0.002646	5.0
167	-0.056086	1.597885	0.153056	0.007193	5.1
168	-0.052294	0.797885	0.156414	0.009043	5.4
169	-0.052457	0.000000	0.159965	0.005778	5.3
170	-0.055413	0.000000	0.159965	0.008409	6.1
171	-0.059109	0.000000	0.159965	0.008516	6.0
172	-0.055662	0.000000	0.159965	0.005690	6.0
173	-0.052632	0.000000	0.159965	0.007032	6.2
174	-0.052870	0.000000	0.159965	0.006539	5.3
175	-0.054245	0.000000	0.159965	0.009722	6.0
176	-0.054723	0.000000	0.159965	0.005811	5.5
177	-0.053614	0.000000	0.159965	0.010342	6.2
178	-0.057013	0.000000	0.159965	0.009290	6.0
179	-0.053682	0.000000	0.159965	0.009461	5.9
180	-0.053160	0.000000	0.159965	0.005153	5.8
181	-0.056077	0.000000	0.159965	0.009590	5.3
182	-0.053953	0.000000	0.159965	0.006478	5.2
183	-0.050334	0.000000	0.159965	0.006635	5.0
184	-0.053686	0.000000	0.159965	0.007150	4.9
185	-0.051588	0.000000	0.159965	0.005866	5.0
186	-0.051970	0.000000	0.159965	0.006916	6.2
187	-0.054587	0.000000	0.159965	0.012753	6.0
188	-0.050567	0.000000	0.159965	0.005893	6.1
189	-0.055695	0.000000	0.159965	0.006647	6.3
190	-0.053093	0.000000	0.159965	0.007323	5.9
191	-0.054084	0.000000	0.159965	0.005365	6.5
192	-0.054684	0.000000	0.159965	0.003255	6.4
193	-0.053380	1.000000	0.155547	0.007203	6.3
194	-0.053690	2.000000	0.151440	0.008751	6.3
195	-0.053063	1.200000	0.154702	0.006745	6.2
196	-0.053191	0.400000	0.158158	0.005804	5.6
197	-0.051996	0.000000	0.159965	0.005054	5.4
198	-0.052649	0.000000	0.159965	0.008205	5.5
199	-0.056367	0.000000	0.159965	0.004619	5.2
200	-0.055710	0.000000	0.159965	0.004301	5.9
201	-0.053616	1.000000	0.155547	0.006794	6.1
202	-0.057645	0.200000	0.159054	0.008970	5.6
203	-0.053050	0.000000	0.159965	0.005427	5.5
204	-0.054949	0.000000	0.159965	0.005487	5.6
205	-0.054433	0.000000	0.159965	0.005375	6.4
206	-0.052556	0.000000	0.159965	0.007746	6.3
207	-0.052941	0.000000	0.159965	0.006359	6.2
208	-0.053235	1.000000	0.155547	0.006031	6.0
209	-0.059144	0.200000	0.159054	0.010628	6.2
210	-0.051864	0.000000	0.159965	0.004484	6.2
211	-0.053060	0.000000	0.159965	0.005827	6.3
212	-0.056053	0.000000	0.159965	0.004636	6.9
213	-0.054389	0.000000	0.159965	0.004833	6.4
214	-0.056114	1.000000	0.155547	0.004074	5.4
215	-0.054439	2.000000	0.151440	0.010671	6.2
216	-0.054268	1.200000	0.154702	0.003333	6.1
217	-0.055277	0.400000	0.158158	0.006814	5.6
218	-0.051961	0.000000	0.159965	0.005145	5.4
219	-0.052592	0.000000	0.159965	0.007513	5.2
220	-0.057164	0.000000	0.159965	0.006104	5.2
221	-0.054864	0.000000	0.159965	0.008445	5.0
222	-0.052330	0.000000	0.159965	0.004540	5.9
223	-0.054264	0.000000	0.159965	0.011629	5.9
224	-0.050656	0.000000	0.159965	0.005994	5.7
225	-0.053750	0.000000	0.159965	0.007291	5.2
226	-0.052720	0.000000	0.159965	0.003616	5.2
227	-0.052076	0.000000	0.159965	0.004962	5.3
228	-0.054882	0.000000	0.159965	0.004727	5.0
229	-0.056054	0.000000	0.159965	0.006298	5.0
230	-0.058121	0.000000	0.159965	0.005222	5.0
231	-0.053261	0.000000	0.159965	0.002607	5.0
232	-0.049152	0.000000	0.159965	0.006787	6.1
233	-0.054355	0.000000	0.159965	0.004450	6.2
234	-0.051992	0.000000	0.159965	0.003023	6.3
235	-0.048873	1.000000	0.155547	0.009811	5.9
236	-0.052430	0.200000	0.159054	0.003863	6.0
237	-0.052663	0.000000	0.159965	0.006012	5.3
238	-0.050152	1.000000	0.155547	0.005377	5.4
239	-0.053090	0.200000	0.159054	0.005344	6.2
240	-0.049886	0.000000	0.159965	0.005704	6.2
241	-0.056964	0.000000	0.159965	0.008886	5.7
242	-0.054466	0.000000	0.159965	0.013131	5.7
243	-0.055072	0.000000	0.159965	0.007141	6.4
244	-0.052721	0.000000	0.159965	0.004763	5.8
245	-0.054464	0.000000	0.159965	0.006368	5.5
246	-0.054219	1.000000	0.155547	0.006158	5.4
247	-0.055633	2.000000	0.151440	0.007030	5.0
248	-0.051856	1.200000	0.154702	0.002784	4.4
249	-0.056922	0.400000	0.158158	0.006266	4.6
250	-0.056388	0.000000	0.159965	0.010547	5.7
251	-0.052843	0.000000	0.159965	0.003841	5.6
252	-0.053902	0.000000	0.159965	0.006950	5.7
253	-0.053845	0.000000	0.159965	0.008805	5.4
254	-0.057130	0.000000	0.159965	0.008308	5.2
255	-0.053008	0.000000	0.159965	0.007906	6.1
256	-0.050815	0.000000	0.159965	0.004187	5.7
257	-0.054777	0.000000	0.159965	0.008801	5.8
258	-0.051412	0.000000	0.159965	0.002911	6.1
259	-0.054958	0.000000	0.159965	0.007730	6.0
260	-0.050208	0.000000	0.159965	0.008434	6.0
261	-0.053514	0.000000	0.159965	0.008209	5.9
262	-0.056912	0.000000	0.159965	0.007824	5.8
263	-0.056229	0.000000	0.159965	0.004912	5.2
264	-0.053722	0.000000	0.159965	0.004184	5.2
265	-0.053890	0.000000	0.159965	0.004299	5.0
266	-0.054835	0.000000	0.159965	0.006161	5.1
267	-0.055741	1.000000	0.155547	0.007364	4.8
268	-0.054792	2.000000	0.151440	0.008385	5.0
269	-0.054590	1.200000	0.154702	0.010446	6.0
270	-0.055145	0.400000	0.158158	0.004547	4.9
271	-0.052498	0.000000	0.159965	0.004308	5.4
272	-0.055911	0.000000	0.159965	0.001370	5.4
273	-0.051384	0.000000	0.159965	0.005940	5.2
274	-0.055468	1.000000	0.155547	0.005865	5.0
275	-0.048610	0.200000	0.159054	0.010106	5.0
276	-0.051331	0.000000	0.159965	0.006105	5.1
277	-0.054158	0.000000	0.159965	0.008423	5.5
278	-0.053399	0.000000	0.159965	0.003387	6.5
279	-0.052009	0.000000	0.159965	0.006502	5.8
280	-0.053847	0.000000	0.159965	0.005688	6.1
281	-0.055913	0.000000	0.159965	0.007587	6.2
282	-0.054568	0.000000	0.159965	0.005088	6.3
283	-0.054017	0.000000	0.159965	0.009018	6.0
284	-0.051746	0.000000	0.159965	0.003299	5.6
285	-0.051876	0.000000	0.159965	0.005137	6.4
286	-0.052695	0.000000	0.159965	0.002988	6.2
287	-0.057630	0.000000	0.159965	0.005223	5.8
288	-0.053460	0.000000	0.159965	0.011913	6.3
289	-0.055024	0.000000	0.159965	0.006590	6.2
290	-0.052660	0.000000	0.159965	0.004278	6.2
291	-0.055220	0.000000	0.159965	0.003080	6.0
292	-0.054191	0.000000	0.159965	0.004685	6.0
293	-0.057891	1.000000	0.155547	0.007494	6.3
294	-0.053171	2.000000	0.151440	0.011732	6.1
295	-0.055787	1.200000	0.154702	0.005472	6.0
296	-0.056741	0.400000	0.158158	0.004573	6.7
297	-0.057202	0.000000	0.159965	0.010021	6.2
298	-0.054901	0.000000	0.159965	0.005926	6.6
299	-0.055590	0.000000	0.159965	0.003682	5.7
300	-0.051838	0.000000	0.159965	0.006392	5.6
301	-0.051640	0.000000	0.159965	0.008134	5.4
302	-0.055403	0.000000	0.159965	0.006716	5.2
303	-0.052902	0.000000	0.159965	0.007950	5.3
304	-0.056297	0.000000	0.159965	0.009090	6.0
305	-0.053617	0.000000	0.159965	0.010049	6.1
306	-0.051890	0.000000	0.159965	0.010080	6.2
307	-0.057571	0.000000	0.159965	0.007681	6.3
308	-0.053767	0.000000	0.159965	0.004947	6.5
309	-0.053528	0.000000	0.159965	0.005795	6.3
310	-0.058273	0.000000	0.159965	0.004082	6.2
311	-0.053462	0.000000	0.159965	0.004704	6.4
312	-0.051583	0.000000	0.159965	0.005281	6.4
313	-0.056842	0.000000	0.159965	0.007845	6.0
314	-0.057273	0.000000	0.159965	0.012703	5.9
315	-0.057331	0.000000	0.159965	0.005766	6.4
316	-0.054076	0.000000	0.159965	0.005302	6.4
317	-0.050990	1.000000	0.155547	0.005456	5.8
318	-0.055052	0.200000	0.159054	0.005721	5.8
319	-0.054114	0.000000	0.159965	0.007483	6.4
320	-0.054639	0.000000	0.159965	0.006010	6.3
321	-0.050356	0.000000	0.159965	0.001209	6.1
322	-0.054962	0.000000	0.159965	0.003266	6.3
323	-0.055636	0.999988	0.155547	0.006142	6.2
324	-0.053040	1.999988	0.151440	0.007440	6.3
325	-0.051310	1.199988	0.154702	0.005461	6.2
326	-0.051864	2.199988	0.150653	0.003195	5.6
327	-0.050050	1.399988	0.153869	0.008573	5.8
328	-0.055767	0.599988	0.157275	0.002635	5.3
329	-0.056370	0.000000	0.159965	0.006544	5.3
330	-0.056173	0.000000	0.159965	0.007627	5.3
331	-0.053468	0.000000	0.159965	0.007189	5.0
332	-0.051311	0.000000	0.159965	0.005957	5.0
333	-0.055298	0.000000	0.159965	0.009106	6.1
334	-0.054416	0.000000	0.159965	0.003925	6.0
335	-0.050076	0.000000	0.159965	0.007043	5.2
336	-0.048620	0.000000	0.159965	0.005710	5.6
337	-0.053930	0.000000	0.159965	0.008151	6.6
338	-0.052430	0.000000	0.159965	0.004035	5.2
339	-0.055856	0.000000	0.159965	0.009666	5.3
340	-0.054908	0.000000	0.159965	0.004380	6.3
341	-0.051396	0.000000	0.159965	0.005741	6.1
342	-0.053550	0.000000	0.159965	0.002804	5.8
343	-0.053424	0.000000	0.159965	0.008261	6.2
344	-0.053486	1.000000	0.155547	0.004355	6.2
345	-0.054961	0.200000	0.159054	0.005638	6.4
346	-0.053838	0.000000	0.159965	0.005218	6.3
347	-0.051542	0.000000	0.159965	0.005954	5.9
348	-0.050228	0.000000	0.159965	0.008730	5.9
349	-0.053974	0.000000	0.159965	0.005776	6.2
350	-0.054457	0.000000	0.159965	0.009172	5.7
351	-0.054835	0.000000	0.159965	0.009123	6.3
352	-0.051110	0.000000	0.159965	0.005824	6.3
353	-0.053780	0.000000	0.159965	0.006345	6.1
354	-0.056338	0.000000	0.159965	0.003816	6.0
355	-0.051545	0.000000	0.159965	0.006102	6.1
356	-0.051278	0.000000	0.159965	0.004702	6.6
357	-0.053428	0.000000	0.159965	0.005006	6.6
358	-0.054311	0.000000	0.159965	0.011373	6.5
359	-0.054349	0.000000	0.159965	0.002796	5.7
360	-0.055237	1.000000	0.155547	0.006849	5.8
361	-0.052221	2.000000	0.151440	0.010281	5.4
362	-0.055887	1.200000	0.154702	0.004450	6.3
363	-0.054796	2.200000	0.150652	0.004822	5.6
364	-0.052548	1.400000	0.153869	0.010936	6.6
365	-0.052233	0.600000	0.157275	0.009161	6.9
366	-0.051428	0.000000	0.159965	0.004036	6.6
367	-0.053419	0.000000	0.159965	0.005576	6.1
368	-0.050764	0.000000	0.159965	0.005576	6.2
369	-0.053736	0.000000	0.159965	0.004224	5.5
370	-0.052397	0.000000	0.159965	0.002592	5.4
371	-0.055274	0.000000	0.159965	0.006892	5.9
372	-0.058212	1.000000	0.155547	0.006170	4.9
373	-0.054128	0.200000	0.159054	0.003923	4.9
374	-0.047850	0.000000	0.159965	0.005934	4.9
375	-0.053017	0.000000	0.159965	0.007992	5.0
376	-0.056286	0.000000	0.159965	0.004743	5.8
377	-0.057813	0.000000	0.159965	0.002612	4.7
378	-0.055085	0.000000	0.159965	0.006859	4.7
379	-0.053130	0.000000	0.159965	0.007009	4.6
380	-0.060478	0.000000	0.159965	0.002740	4.8
381	-0.051302	1.000000	0.155547	0.003271	4.6
382	-0.053893	0.200000	0.159054	0.007025	4.5
383	-0.055753	0.000000	0.159965	0.005569	4.5
384	-0.053257	0.000000	0.159965	0.006141	4.3
385	-0.055017	0.000000	0.159965	0.005675	4.4
386	-0.051158	0.000000	0.159965	0.004862	5.7
387	-0.053641	0.000000	0.159965	0.003121	4.7
388	-0.053539	0.000000	0.159965	0.009904	4.6
389	-0.053439	0.000000	0.159965	0.004238	4.4
390	-0.057255	0.000000	0.159965	0.008617	4.3
391	-0.052561	0.000000	0.159965	0.006026	4.4
392	-0.053578	0.000000	0.159965	0.002559	4.6
393	-0.054077	0.000000	0.159965	0.008558	4.4
394	-0.051522	0.000000	0.159965	0.005835	4.5
395	-0.056915	0.000000	0.159965	0.006038	4.6
396	-0.050588	0.000000	0.159965	0.008175	4.4
397	-0.052376	0.000000	0.159965	0.006009	4.5
398	-0.051668	0.000000	0.159965	0.005909	4.3
399	-0.058727	0.000000	0.159965	0.002956	4.0
400	-0.054657	0.000000	0.159965	0.012193	4.2
401	-0.058099	0.000000	0.159965	0.007847	4.0
402	-0.054105	0.000000	0.159965	0.008549	4.1
403	-0.053644	0.000000	0.159965	0.002173	5.5
404	-0.053367	0.000000	0.159965	0.002500	4.3
405	-0.050166	1.000000	0.155547	0.005958	4.6
406	-0.055743	2.000000	0.151440	0.004896	5.5
407	-0.055000	3.000000	0.147609	0.007519	4.9
408	-0.055694	2.200000	0.150652	0.006583	5.7
409	-0.053394	1.400000	0.153869	0.007555	5.7
410	-0.052162	0.600000	0.157275	0.004934	5.3
411	-0.054747	0.000000	0.159965	0.002360	5.3
412	-0.057370	1.000000	0.155547	0.005741	6.0
413	-0.055835	2.000000	0.151440	0.009149	5.9
414	-0.052670	1.200000	0.154702	0.008704	5.7
415	-0.056769	0.400000	0.158158	0.007735	5.8
416	-0.057282	0.000000	0.159965	0.009899	5.2
417	-0.052446	0.000000	0.159965	0.004983	5.1
418	-0.053592	1.000000	0.155547	0.006646	5.0
419	-0.052879	0.200000	0.159054	0.007549	4.9
420	-0.054905	0.000000	0.159965	0.006993	5.0
421	-0.050695	0.000000	0.159965	0.006008	4.7
422	-0.052101	0.000000	0.159965	0.004657	4.7
423	-0.053332	0.000000	0.159965	0.005900	5.8
424	-0.054874	0.000000	0.159965	0.007476	5.2
425	-0.054960	0.000000	0.159965	0.005496	5.0
426	-0.050141	0.000000	0.159965	0.005495	18.5
427	-0.057396	0.000000	0.159965	0.003349	13.7
428	-0.053698	0.000000	0.159965	0.006049	15.2
429	-0.055162	0.000000	0.159965	0.006084	22.9
430	-0.054181	1.000000	0.155547	0.008181	3.8
431	-0.055297	0.200000	0.159054	0.007236	3.2
432	-0.056487	0.000000	0.159965	0.005924	3.5
433	-0.052644	0.000000	0.159965	0.005555	3.0
434	-0.052399	0.000000	0.159965	0.008363	3.0
435	-0.056264	0.000000	0.159965	0.004226	3.1
436	-0.053124	0.000000	0.159965	0.002919	3.1
437	-0.052496	0.000000	0.159965	0.002356	3.4
438	-0.055135	0.000000	0.159965	0.003560	3.3
439	-0.053072	0.000000	0.159965	0.005103	3.1
440	-0.049409	0.000000	0.159965	0.004418	3.2
441	-0.053724	1.000000	0.155547	0.003184	4.1
442	-0.055467	2.000000	0.151440	0.005827	4.1
443	-0.055568	1.200000	0.154702	0.004902	8.2
444	-0.054605	2.200000	0.150652	0.008930	6.2
445	-0.056862	1.400000	0.153869	0.004964	4.8
446	-0.056770	0.600000	0.157275	0.005985	5.2
447	-0.055416	0.000000	0.159965	0.004023	5.4
448	-0.055805	0.000000	0.159965	0.005388	4.9
449	-0.056498	0.000000	0.159965	0.004983	4.9
450	-0.053404	0.000000	0.159965	0.005742	7.6
451	-0.053475	0.000000	0.159965	0.009068	5.5
452	-0.057059	0.000000	0.159965	0.005183	5.4
453	-0.057396	0.000000	0.159965	0.012774	6.2
454	-0.055228	0.000000	0.159965	0.005728	5.8
455	-0.056911	0.000000	0.159965	0.008883	3.6
456	-0.055405	0.000000	0.159965	0.004245	3.1
457	-0.053625	0.000000	0.159965	0.007212	3.1
458	-0.057438	0.000000	0.159965	0.008254	3.0
459	-0.052961	0.000000	0.159965	0.008334	3.0
460	-0.055922	0.000000	0.159965	0.005805	3.0
461	-0.052719	0.000000	0.159965	0.005422	3.2
462	-0.052084	0.000000	0.159965	0.005055	3.4
463	-0.053257	0.000000	0.159965	0.010753	3.5
464	-0.056187	0.000000	0.159965	0.008362	3.4
465	-0.058950	0.000000	0.159965	0.009561	3.8
466	-0.055612	0.000000	0.159965	0.008332	3.9
467	-0.053790	0.000000	0.159965	0.006067	4.1
468	-0.052927	0.000000	0.159965	0.008133	3.9
469	-0.053885	0.000000	0.159965	0.008989	3.9
470	-0.057820	0.000000	0.159965	0.001795	4.7
471	-0.052428	0.000000	0.159965	0.005272	4.2
472	-0.056835	0.000000	0.159965	0.003964	5.7
473	-0.052555	0.000000	0.159965	0.011481	5.5
474	-0.051809	0.000000	0.159965	0.006533	5.2
475	-0.050813	0.000000	0.159965	0.003908	4.9
476	-0.057259	0.000000	0.159965	0.004900	4.9
477	-0.052370	0.000000	0.159965	0.004755	5.8
478	-0.053675	0.000000	0.159965	0.005644	5.3
479	-0.055445	0.000000	0.159965	0.006587	6.2
480	-0.051828	0.000000	0.159965	0.011864	18.5
481	-0.052751	0.000000	0.159965	0.005373	9.8
482	-0.057495	0.000000	0.159965	0.006283	11.7
483	-0.054641	0.000000	0.159965	0.006130	12.8
484	-0.057551	0.000000	0.159965	0.002288	5.8
485	-0.052787	0.000000	0.159965	0.005410	7.1
486	-0.056539	0.000000	0.159965	0.009797	5.5
487	-0.054932	0.000000	0.159965	0.005323	5.5
488	-0.055117	0.000000	0.159965	0.004510	3.4
489	-0.057091	0.000000	0.159965	0.008508	2.9
490	-0.055330	0.000000	0.159965	0.004673	2.9
491	-0.053731	0.000000	0.159965	0.007726	3.0
492	-0.052969	0.000000	0.159965	0.007136	3.1
493	-0.051851	0.000000	0.159965	0.005539	3.0
494	-0.053679	0.000000	0.159965	0.006120	3.1
495	-0.057969	0.000000	0.159965	0.007376	3.5
496	-0.057831	0.000000	0.159965	0.009729	3.3
497	-0.056972	0.000000	0.159965	0.010790	3.6
498	-0.050708	0.000000	0.159965	0.006384	3.7
499	-0.051728	0.000000	0.159965	0.008408	3.6
500	-0.053657	0.000000	0.159965	0.006434	3.9
501	-0.052808	1.000000	0.155547	0.007634	3.7
502	-0.052800	0.200000	0.159054	0.005314	4.0
503	-0.056213	0.000000	0.159965	0.007474	4.7
504	-0.053526	0.000000	0.159965	0.005117	3.9
505	-0.050195	0.000000	0.159965	0.005936	4.0
506	-0.054062	0.000000	0.159965	0.005268	4.0
507	-0.052156	1.000000	0.155547	0.002124	4.3
508	-0.055175	0.200000	0.159054	0.008038	5.3
509	-0.053433	0.000000	0.159965	0.009213	4.3
510	-0.055021	0.000000	0.159965	0.005586	4.6
511	-0.052549	1.000000	0.155547	0.006927	4.2
512	-0.052713	2.000000	0.151440	0.006497	4.3
513	-0.057432	1.200000	0.154702	0.003111	4.0
514	-0.055716	0.400000	0.158158	0.007433	4.4
515	-0.055515	0.000000	0.159965	0.004950	4.2
516	-0.052421	0.000000	0.159965	0.005922	4.0
517	-0.049234	0.000000	0.159965	0.003013	4.7
518	-0.051023	0.000000	0.159965	0.006590	4.8
519	-0.050961	0.000000	0.159965	0.002586	5.3
520	-0.055124	0.000000	0.159965	0.006342	4.9
521	-0.052945	0.000000	0.159965	0.006214	5.1
522	-0.052378	0.000000	0.159965	0.005893	4.3
523	-0.051879	0.000000	0.159965	0.004709	4.1
524	-0.054720	0.000000	0.159965	0.008053	5.5
525	-0.052932	0.000000	0.159965	0.004066	6.1
526	-0.057895	0.000000	0.159965	0.004404	5.5
527	-0.048984	0.000000	0.159965	0.006106	5.1
528	-0.057942	0.000000	0.159965	0.007390	5.2
529	-0.055648	0.000000	0.159965	0.008327	4.4
530	-0.055574	0.000000	0.159965	0.007671	4.7
531	-0.055095	0.000000	0.159965	0.006999	4.7
532	-0.056306	0.000000	0.159965	0.008796	6.1
533	-0.054013	0.000000	0.159965	0.006120	5.4
534	-0.054978	0.000000	0.159965	0.004192	5.5
535	-0.054284	0.000000	0.159965	0.004421	4.7
536	-0.057166	0.000000	0.159965	0.007849	5.4
537	-0.053947	0.000000	0.159965	0.005605	5.9
538	-0.054708	0.000000	0.159965	0.005838	6.2
539	-0.054532	0.000000	0.159965	0.009480	6.0
540	-0.054286	0.000000	0.159965	0.004961	6.0
541	-0.057422	0.000000	0.159965	0.010225	6.2
542	-0.052798	0.000000	0.159965	0.006975	5.5
543	-0.053055	0.000000	0.159965	0.008165	5.0
544	-0.052790	0.000000	0.159965	0.006010	4.4
545	-0.053880	0.000000	0.159965	0.009747	5.0
546	-0.052015	0.000000	0.159965	0.015143	5.4
547	-0.053841	0.000000	0.159965	0.004430	5.6
548	-0.058588	0.000000	0.159965	0.005458	4.9
549	-0.058294	0.000000	0.159965	0.004192	5.3
550	-0.057918	0.000000	0.159965	0.006420	4.8
551	-0.054294	0.000000	0.159965	0.008007	6.1
552	-0.052273	0.000000	0.159965	0.003101	4.9
553	-0.052639	0.000000	0.159965	0.003054	4.4
554	-0.054061	1.000000	0.155547	0.003775	5.9
555	-0.057359	0.200000	0.159054	0.004872	5.0
556	-0.059117	0.000000	0.159965	0.008746	5.1
557	-0.055628	0.000000	0.159965	0.003809	4.3
558	-0.054299	1.000000	0.155547	0.005338	4.0
559	-0.056071	2.000000	0.151440	0.009035	4.6
560	-0.055890	1.200000	0.154702	0.006154	5.5
561	-0.053742	0.400000	0.158158	0.003169	4.3
562	-0.056120	0.000000	0.159965	0.004458	4.9
563	-0.054161	0.000000	0.159965	0.004927	5.0
564	-0.054107	0.000000	0.159965	0.007837	4.5
565	-0.056799	0.000000	0.159965	0.003135	4.6
566	-0.056922	0.000000	0.159965	0.003861	4.7
567	-0.051895	0.000000	0.159965	0.008320	5.1
568	-0.057424	1.000000	0.155547	0.007635	5.1
569	-0.052112	0.200000	0.159054	0.006563	5.6
570	-0.058540	0.000000	0.159965	0.009173	5.3
571	-0.053856	0.000000	0.159965	0.008962	5.6
572	-0.053028	0.000000	0.159965	0.005350	5.7
573	-0.055156	0.000000	0.159965	0.003526	5.6
574	-0.055477	0.000000	0.159965	0.011459	6.0
575	-0.056142	0.000000	0.159965	0.008963	5.6
576	-0.056557	0.000000	0.159965	0.007321	6.0
577	-0.051925	0.000000	0.159965	0.004579	5.7
578	-0.054996	0.000000	0.159965	0.005129	5.9
579	-0.054671	0.000000	0.159965	0.006604	6.2
580	-0.052548	0.000000	0.159965	0.007587	5.9
581	-0.058856	0.000000	0.159965	0.006576	5.5
582	-0.057241	0.000000	0.159965	0.004752	6.3
583	-0.053159	0.000000	0.159965	0.007512	5.4
584	-0.055302	0.000000	0.159965	0.005197	6.1
585	-0.049009	1.000000	0.155547	0.004035	6.1
586	-0.052978	2.000000	0.151440	0.007665	6.0
587	-0.058576	1.200000	0.154702	0.005819	6.0
588	-0.052872	0.400000	0.158158	0.004585	6.4
589	-0.054857	0.000000	0.159965	0.004508	5.9
590	-0.053483	0.000000	0.159965	0.006867	6.3
591	-0.052161	0.000000	0.159965	0.004508	6.4
592	-0.056071	0.000000	0.159965	0.008052	6.1
593	-0.052369	0.000000	0.159965	0.003720	6.0
594	-0.053631	0.000000	0.159965	0.005944	6.1
595	-0.055418	0.000000	0.159965	0.011293	6.0
596	-0.054778	0.000000	0.159965	0.008802	5.9
597	-0.055136	0.000000	0.159965	0.007463	6.6
598	-0.052684	0.000000	0.159965	0.005481	6.5
599	-0.048701	0.000000	0.159965	0.007278	6.4
600	-0.052042	0.000000	0.159965	0.004342	5.7
601	-0.056547	0.000000	0.159965	0.005316	5.7
602	-0.053447	0.000000	0.159965	0.010875	6.4
603	-0.055139	0.000000	0.159965	0.003580	6.1
604	-0.054070	0.000000	0.159965	0.006430	5.9
605	-0.053333	0.000000	0.159965	0.004555	6.2
606	-0.058279	0.000000	0.159965	0.004239	5.6
607	-0.052763	0.000000	0.159965	0.004598	6.6
608	-0.054809	0.000000	0.159965	0.005724	6.8
609	-0.055437	0.000000	0.159965	0.006423	6.3
610	-0.052947	0.000000	0.159965	0.006317	5.7
611	-0.055057	0.000000	0.159965	0.003346	5.7
612	-0.052756	0.000000	0.159965	0.003072	6.3
613	-0.050462	0.000000	0.159965	0.004111	6.5
614	-0.052558	1.000000	0.155547	0.006229	5.6
615	-0.059489	0.200000	0.159054	0.007295	6.3
616	-0.050882	0.000000	0.159965	0.010506	5.5
617	-0.053847	0.000000	0.159965	0.005858	5.4
618	-0.048417	0.000000	0.159965	0.009077	5.7
619	-0.055537	0.000000	0.159965	0.007098	5.7
620	-0.054474	0.000000	0.159965	0.003199	5.7
621	-0.049560	0.000000	0.159965	0.007629	6.0
622	-0.054453	1.000000	0.155547	0.004373	6.0
623	-0.052986	0.200000	0.159054	0.007202	6.6
624	-0.054836	0.000000	0.159965	0.008634	6.6
625	-0.057973	0.000000	0.159965	0.009833	5.7
626	-0.051647	0.000000	0.159965	0.005862	6.4
627	-0.053590	0.000000	0.159965	0.005094	6.3
628	-0.054227	0.000000	0.159965	0.008478	5.5
629	-0.056904	1.000000	0.155547	0.007716	5.5
630	-0.055736	0.200000	0.159054	0.007743	5.8
631	-0.052412	0.000000	0.159965	0.003612	6.2
632	-0.052077	1.000000	0.155547	0.003437	6.2
633	-0.052924	0.200000	0.159054	0.004820	6.4
634	-0.054197	0.000000	0.159965	0.003019	6.2
635	-0.054993	0.000000	0.159965	0.006958	6.6
636	-0.053500	0.000000	0.159965	0.005299	6.1
637	-0.055137	0.000000	0.159965	0.003199	6.2
638	-0.052968	0.000000	0.159965	0.004742	6.0
639	-0.054854	0.000000	0.159965	0.008043	5.7
640	-0.055136	0.000000	0.159965	0.007722	6.1
641	-0.053489	0.000000	0.159965	0.006134	6.1
642	-0.055149	0.000000	0.159965	0.003442	6.4
643	-0.056189	0.000000	0.159965	0.005161	6.2
644	-0.049004	0.000000	0.159965	0.005721	6.0
645	-0.050452	0.000000	0.159965	0.006273	6.0
646	-0.054457	0.000000	0.159965	0.004600	5.9
647	-0.057056	0.000000	0.159965	0.004000	6.2
648	-0.052766	1.000000	0.155547	0.011670	6.2
649	-0.053721	2.000000	0.151440	0.005889	6.2
650	-0.055898	1.200000	0.154702	0.006334	6.2
651	-0.047566	0.400000	0.158158	0.002849	5.6
652	-0.053216	1.400000	0.153869	0.007838	5.6
653	-0.054001	0.600000	0.157275	0.002390	6.2
654	-0.058144	0.000000	0.159965	0.004483	5.9
655	-0.054672	0.000000	0.159965	0.002813	5.5
656	-0.056367	0.000000	0.159965	0.007615	5.9
657	-0.056767	0.000000	0.159965	0.007821	6.4
658	-0.052504	0.000000	0.159965	0.003727	6.3
659	-0.053549	0.000000	0.159965	0.004969	6.3
660	-0.053208	0.000000	0.159965	0.008738	6.1
661	-0.053233	0.000000	0.159965	0.005575	6.3
662	-0.056674	0.000000	0.159965	0.006840	6.6
663	-0.056146	0.000000	0.159965	0.005985	6.4
664	-0.055663	0.000000	0.159965	0.003843	6.6
665	-0.055518	0.000000	0.159965	0.010359	6.4
666	-0.055748	0.000000	0.159965	0.007173	7.3
667	-0.058068	0.000000	0.159965	0.007697	7.4
668	-0.053468	0.000000	0.159965	0.004876	6.0
669	-0.053957	1.000000	0.155547	0.002803	5.4
670	-0.053912	0.200000	0.159054	0.007836	5.4
671	-0.051279	1.200000	0.154702	0.006475	5.3
672	-0.054110	0.400000	0.158158	0.003357	5.3
673	-0.052936	1.400000	0.153869	0.005409	5.8
674	-0.056646	0.600000	0.157275	0.005086	5.4
675	-0.055067	0.000000	0.159965	0.010894	6.2
676	-0.053276	0.000000	0.159965	0.002202	6.0
677	-0.054296	0.000000	0.159965	0.004339	5.6
678	-0.056684	0.000000	0.159965	0.004990	5.8
679	-0.049297	0.000000	0.159965	0.005299	5.3
680	-0.055251	1.000000	0.155547	0.009965	6.0
681	-0.054499	0.200000	0.159054	0.009833	6.5
682	-0.058278	0.000000	0.159965	0.007923	6.5
683	-0.055449	0.000000	0.159965	0.007014	6.8
684	-0.053215	0.000000	0.159965	0.004779	6.5
685	-0.051221	0.000000	0.159965	0.005779	6.7
686	-0.053443	0.000000	0.159965	0.002747	5.9
687	-0.054393	1.000000	0.155547	0.003629	5.7
688	-0.052283	2.000000	0.151440	0.010023	5.8
689	-0.054759	1.200000	0.154702	0.003794	5.7
690	-0.055563	2.200000	0.150652	0.010232	6.2
691	-0.055717	3.200000	0.146873	0.003401	6.2
692	-0.054672	2.400000	0.149876	0.004654	6.1
693	-0.053984	1.600000	0.153048	0.008604	6.4
694	-0.053640	0.800000	0.156404	0.005460	5.9
695	-0.051311	0.000000	0.159965	0.006008	6.5
696	-0.053963	0.000000	0.159965	0.009333	6.2
697	-0.056717	0.000000	0.159965	0.008258	6.7
698	-0.054981	0.000000	0.159965	0.007464	5.4
699	-0.054910	0.000000	0.159965	0.005344	6.1
700	-0.050500	0.000000	0.159965	0.006834	5.7
701	-0.052831	0.000000	0.159965	0.003114	5.5
702	-0.055383	0.000000	0.159965	0.007607	5.4
703	-0.051613	0.000000	0.159965	0.010846	6.1
704	-0.054187	0.000000	0.159965	0.007038	4.9
705	-0.054147	0.000000	0.159965	0.008569	5.0
706	-0.057129	0.000000	0.159965	0.006189	5.9
707	-0.053021	0.000000	0.159965	0.007986	5.9
708	-0.053317	0.000000	0.159965	0.005624	4.9
709	-0.052893	0.000000	0.159965	0.007299	5.0
710	-0.058523	0.000000	0.159965	0.004307	5.9
711	-0.055819	0.000000	0.159965	0.004882	6.0
712	-0.050379	0.000000	0.159965	0.005421	6.1
713	-0.052818	0.000000	0.159965	0.003279	6.3
714	-0.054454	1.000000	0.155547	0.006381	6.2
715	-0.054202	0.200000	0.159054	0.008379	6.0
716	-0.057807	0.000000	0.159965	0.009053	5.7
717	-0.054329	0.000000	0.159965	0.007466	5.4
718	-0.054094	0.000000	0.159965	0.004881	5.2
719	-0.052237	0.000000	0.159965	0.004665	5.3
720	-0.057284	0.000000	0.159965	0.003961	5.1
721	-0.052703	0.000000	0.159965	0.005039	5.0
722	-0.051169	0.000000	0.159965	0.007665	4.5
723	-0.053502	0.000000	0.159965	0.006726	4.8
724	-0.055145	0.000000	0.159965	0.003908	4.4
725	-0.054796	0.000000	0.159965	0.008056	4.5
726	-0.054292	0.000000	0.159965	0.003643	5.1
727	-0.053876	0.000000	0.159965	0.004268	5.9
728	-0.052409	0.000000	0.159965	0.005643	5.6
729	-0.051129	0.000000	0.159965	0.003855	5.6
730	-0.051741	1.000000	0.155547	0.004830	5.2
731	-0.050010	2.000000	0.151440	0.003148	5.8
732	-0.054772	1.200000	0.154702	0.007705	5.9
733	-0.056882	0.400000	0.158158	0.006388	5.5
734	-0.061012	0.000000	0.159965	0.005839	6.1
735	-0.057690	0.000000	0.159965	0.005237	5.4
736	-0.058131	0.000000	0.159965	0.006211	5.6
737	-0.054233	0.000000	0.159965	0.004790	6.3
738	-0.054566	0.000000	0.159965	0.007254	5.1
739	-0.054082	0.000000	0.159965	0.005303	5.8
740	-0.055711	0.000000	0.159965	0.008418	5.4
741	-0.055106	0.000000	0.159965	0.003898	5.5
742	-0.054611	0.000000	0.159965	0.004877	5.0
743	-0.054596	0.000000	0.159965	0.004466	4.8
744	-0.053066	0.000000	0.159965	0.005576	4.8
745	-0.054216	0.000000	0.159965	0.006209	5.8
746	-0.055350	0.000000	0.159965	0.008003	6.1
747	-0.055064	0.000000	0.159965	0.011198	5.5
748	-0.054000	0.000000	0.159965	0.007194	4.1
749	-0.054763	0.000000	0.159965	0.008846	4.7
750	-0.053548	0.000000	0.159965	0.004127	5.1
751	-0.053424	0.000000	0.159965	0.009459	4.2
752	-0.053889	0.000000	0.159965	0.005545	4.0
753	-0.054445	0.000000	0.159965	0.001567	4.2
754	-0.054242	0.000000	0.159965	0.006062	4.1
755	-0.050246	0.000000	0.159965	0.005304	4.2
756	-0.052662	0.000000	0.159965	0.006099	4.1
757	-0.053945	0.000000	0.159965	0.009763	5.2
758	-0.051665	1.000000	0.155547	0.007904	4.6
759	-0.058493	2.000000	0.151440	0.006420	4.4
760	-0.054428	1.200000	0.154702	0.003595	4.5
761	-0.054508	0.400000	0.158158	0.005697	4.7
762	-0.055223	0.000000	0.159965	0.008729	4.9
763	-0.054787	0.000000	0.159965	0.009088	5.6
764	-0.059337	0.000000	0.159965	0.005081	5.4
765	-0.053746	0.000000	0.159965	0.009265	4.7
766	-0.054696	0.000000	0.159965	0.007967	4.6
767	-0.054930	0.000000	0.159965	0.005525	5.3
768	-0.050011	0.000000	0.159965	0.003675	5.6
769	-0.053719	0.000000	0.159965	0.006978	4.7
770	-0.053350	0.000000	0.159965	0.008955	4.7
771	-0.053158	0.000000	0.159965	0.005985	5.5
772	-0.057344	0.000000	0.159965	0.006299	5.9
773	-0.053577	0.000000	0.159965	0.003846	5.8
774	-0.054852	0.000000	0.159965	0.011761	5.1
775	-0.054864	0.000000	0.159965	0.005718	4.7
776	-0.054647	0.000000	0.159965	0.005109	4.6
777	-0.054410	1.000000	0.155547	0.004515	5.7
778	-0.053394	2.000000	0.151440	0.004643	5.0
779	-0.051816	1.200000	0.154702	0.007694	5.0
780	-0.055605	0.400000	0.158158	0.010360	5.9
781	-0.055197	0.000000	0.159965	0.013168	5.6
782	-0.053867	0.000000	0.159965	0.009793	5.9
783	-0.056517	0.000000	0.159965	0.014862	5.6
784	-0.055870	0.000000	0.159965	0.008500	5.2
785	-0.053531	0.000000	0.159965	0.006399	5.1
786	-0.056025	0.000000	0.159965	0.006980	5.5
787	-0.054493	0.000000	0.159965	0.007864	6.5
788	-0.056589	0.000000	0.159965	0.009705	6.0
789	-0.055199	0.000000	0.159965	0.008688	5.9
790	-0.056941	0.000000	0.159965	0.007750	5.2
791	-0.052949	0.000000	0.159965	0.003168	6.5
792	-0.053900	0.000000	0.159965	0.005553	5.5
793	-0.049083	0.000000	0.159965	0.004672	4.9
794	-0.056234	0.000000	0.159965	0.009841	4.6
795	-0.056967	0.000000	0.159965	0.010408	5.6
796	-0.054235	0.000000	0.159965	0.003855	4.7
797	-0.055090	0.000000	0.159965	0.008365	4.6
798	-0.057745	0.000000	0.159965	0.004263	5.4
799	-0.051289	1.000000	0.155547	0.004806	5.0
800	-0.052840	0.200000	0.159054	0.006572	5.9
801	-0.056155	0.000000	0.159965	0.001508	5.5
802	-0.055049	0.000000	0.159965	0.011197	5.8
803	-0.061100	0.000000	0.159965	0.008552	6.0
804	-0.052706	0.000000	0.159965	0.008475	6.6
805	-0.050535	0.000000	0.159965	0.007687	5.8
806	-0.058944	0.000000	0.159965	0.007303	5.6
807	-0.055837	0.000000	0.159965	0.005186	6.2
808	-0.054417	0.000000	0.159965	0.008853	4.7
809	-0.056368	0.000000	0.159965	0.007751	5.7
810	-0.053487	0.000000	0.159965	0.006892	5.2
811	-0.054229	0.000000	0.159965	0.004045	4.8
812	-0.055170	0.000000	0.159965	0.006367	4.9
813	-0.051827	0.000000	0.159965	0.006438	5.4
814	-0.053710	0.000000	0.159965	0.008436	5.8
815	-0.054506	0.000000	0.159965	0.004542	5.3
816	-0.052682	0.000000	0.159965	0.013297	6.0
817	-0.054418	0.000000	0.159965	0.001674	6.1
818	-0.052293	0.000000	0.159965	0.011439	6.1
819	-0.053962	0.000000	0.159965	0.007664	6.8
820	-0.054443	0.000000	0.159965	0.008141	5.7
821	-0.050769	0.000000	0.159965	0.007227	5.6
822	-0.053489	0.000000	0.159965	0.006168	6.0
823	-0.055723	0.000000	0.159965	0.007248	5.7
824	-0.053622	0.000000	0.159965	0.010806	5.6
825	-0.052676	0.000000	0.159965	0.004655	5.4
826	-0.058145	0.000000	0.159965	0.006064	6.0
827	-0.054298	0.000000	0.159965	0.007401	6.1
828	-0.053974	0.000000	0.159965	0.003720	5.9
829	-0.053369	0.000000	0.159965	0.006075	5.7
830	-0.056127	1.000000	0.155547	0.012432	5.6
831	-0.058193	0.200000	0.159054	0.004078	5.5
832	-0.049774	0.000000	0.159965	0.008265	5.4
833	-0.054173	0.000000	0.159965	0.009281	6.8
834	-0.051935	0.000000	0.159965	0.009203	5.5
835	-0.055427	0.000000	0.159965	0.002745	5.8
836	-0.058898	0.000000	0.159965	0.006889	5.9
837	-0.054154	0.000000	0.159965	0.005990	5.6
838	-0.057291	0.000000	0.159965	0.005108	6.1
839	-0.051965	0.000000	0.159965	0.008016	6.4
840	-0.051678	0.000000	0.159965	0.006480	5.8
841	-0.054786	0.000000	0.159965	0.006830	5.4
842	-0.055287	0.000000	0.159965	0.008260	6.3
843	-0.057062	0.000000	0.159965	0.006769	5.5
844	-0.054273	0.000000	0.159965	0.007693	6.4
845	-0.056628	0.000000	0.159965	0.003605	6.1
846	-0.053079	0.000000	0.159965	0.005716	6.1
847	-0.051952	1.000000	0.155547	0.005059	5.7
848	-0.056213	0.200000	0.159054	0.006875	5.6
849	-0.055909	0.000000	0.159965	0.006619	6.7
850	-0.057830	0.000000	0.159965	0.004737	5.7
851	-0.053215	0.000000	0.159965	0.005512	6.2
852	-0.054106	0.000000	0.159965	0.007096	6.6
853	-0.053688	0.000000	0.159965	0.011125	6.4
854	-0.058362	0.000000	0.159965	0.004218	6.7
855	-0.058029	0.000000	0.159965	0.014890	5.8
856	-0.055249	0.000000	0.159965	0.009088	5.6
857	-0.057735	0.000000	0.159965	0.003750	5.3
858	-0.058614	0.000000	0.159965	0.006099	6.2
859	-0.053221	0.000000	0.159965	0.006456	5.3
860	-0.049540	0.000000	0.159965	0.007222	5.4
861	-0.057644	0.000000	0.159965	0.008597	5.3
862	-0.059921	0.000000	0.159965	0.002177	5.0
863	-0.055513	1.000000	0.155547	0.003246	5.0
864	-0.052875	0.200000	0.159054	0.005147	4.7
865	-0.053263	1.200000	0.154702	0.012636	4.7
866	-0.052834	0.400000	0.158158	0.005115	4.3
867	-0.051196	0.000000	0.159965	0.006427	4.6
868	-0.052089	0.000000	0.159965	0.007376	5.4
869	-0.053951	0.000000	0.159965	0.005905	5.5
870	-0.054073	0.000000	0.159965	0.004184	4.9
871	-0.056587	0.000000	0.159965	0.004377	4.6
872	-0.053578	1.000000	0.155547	0.007901	4.9
873	-0.053613	0.200000	0.159054	0.008800	4.9
874	-0.056784	0.000000	0.159965	0.006700	5.6
875	-0.057455	0.000000	0.159965	0.009907	5.6
876	-0.053208	0.000000	0.159965	0.002296	5.4
877	-0.055083	1.000000	0.155547	0.005896	5.5
878	-0.056598	2.000000	0.151440	0.003506	5.2
879	-0.057772	2.913087	0.147932	0.001485	5.2
880	-0.054278	2.113087	0.150993	0.004763	5.1
881	-0.055356	1.313087	0.154229	0.003153	5.1
882	-0.057189	2.313087	0.150212	0.007844	6.1
883	-0.053387	3.313087	0.146462	0.006501	6.2
884	-0.052827	2.513087	0.149442	0.005945	6.1
885	-0.056329	1.713087	0.152588	0.006141	6.0
886	-0.053247	0.913087	0.155918	0.003477	5.4
887	-0.058845	0.113087	0.159448	0.009384	5.4
888	-0.051551	0.000000	0.159965	0.007184	4.8
889	-0.057725	0.000000	0.159965	0.007548	4.6
890	-0.055761	0.000000	0.159965	0.003417	4.6
891	-0.052723	0.000000	0.159965	0.011057	5.0
892	-0.054657	0.000000	0.159965	0.004080	5.5
893	-0.055540	0.000000	0.159965	0.004445	5.6
894	-0.049089	0.000000	0.159965	0.003758	5.1
895	-0.052965	0.000000	0.159965	0.003039	5.0
896	-0.050579	0.000000	0.159965	0.004386	5.6
897	-0.053045	0.000000	0.159965	0.007113	6.5
898	-0.055805	0.000000	0.159965	0.006544	4.7
899	-0.054514	0.000000	0.159965	0.003796	5.2
900	-0.056095	0.000000	0.159965	0.009416	5.1
901	-0.050563	0.000000	0.159965	0.005435	5.0
902	-0.052356	0.000000	0.159965	0.005457	5.5
903	-0.053056	0.000000	0.159965	0.001945	5.8
904	-0.055477	0.000000	0.159965	0.008670	5.2
905	-0.055338	0.000000	0.159965	0.006393	5.4
906	-0.060389	0.000000	0.159965	0.007500	5.6
907	-0.049851	0.000000	0.159965	0.007912	5.5
908	-0.053645	0.000000	0.159965	0.005737	6.0
909	-0.056540	0.000000	0.159965	0.003158	6.2
910	-0.055776	0.000000	0.159965	0.010677	6.0
911	-0.053119	0.000000	0.159965	0.006718	5.9
912	-0.054935	0.000000	0.159965	0.009080	5.4
913	-0.055623	0.000000	0.159965	0.004626	6.4
914	-0.052313	0.000000	0.159965	0.007613	6.2
915	-0.052274	0.000000	0.159965	0.007159	6.2
916	-0.055524	0.000000	0.159965	0.005571	6.1
917	-0.055414	0.000000	0.159965	0.004462	6.2
918	-0.055899	0.000000	0.159965	0.007071	6.1
919	-0.053105	1.000000	0.155547	0.007747	5.9
920	-0.059790	0.200000	0.159054	0.009353	6.2
921	-0.059171	0.000000	0.159965	0.008511	5.7
922	-0.055447	0.000000	0.159965	0.004847	5.3
923	-0.056645	0.000000	0.159965	0.002907	5.3
924	-0.053774	0.000000	0.159965	0.004533	5.4
925	-0.056998	0.000000	0.159965	0.004447	6.2
926	-0.058231	0.000000	0.159965	0.006640	5.6
927	-0.052224	0.000000	0.159965	0.006983	5.3
928	-0.052842	0.000000	0.159965	0.004923	6.1
929	-0.053807	0.000000	0.159965	0.004877	5.4
930	-0.053270	0.000000	0.159965	0.006275	5.3
931	-0.053334	0.000000	0.159965	0.010834	5.1
932	-0.056636	1.000000	0.155547	0.007782	5.9
933	-0.053553	2.000000	0.151440	0.005841	5.3
934	-0.056079	1.200000	0.154702	0.005229	5.3
935	-0.058044	0.400000	0.158158	0.008467	5.4
936	-0.053617	0.000000	0.159965	0.003565	6.4
937	-0.054059	0.000000	0.159965	0.005234	5.8
938	-0.050728	0.000000	0.159965	0.005148	6.1
939	-0.049928	0.000000	0.159965	0.006449	5.5
940	-0.052359	0.000000	0.159965	0.004831	6.2
941	-0.055994	0.000000	0.159965	0.004335	5.8
942	-0.054388	0.000000	0.159965	0.005804	6.2
943	-0.055658	0.000000	0.159965	0.008109	6.0
944	-0.056140	0.000000	0.159965	0.006306	5.6
945	-0.054245	0.000000	0.159965	0.006706	5.4
946	-0.054940	0.000000	0.159965	0.003306	5.3
947	-0.052423	0.000000	0.159965	0.009264	6.3
948	-0.053531	0.000000	0.159965	0.004003	5.6
949	-0.050695	0.000000	0.159965	0.004605	5.7
950	-0.052381	0.000000	0.159965	0.009079	5.4
951	-0.060570	0.000000	0.159965	0.006688	5.1
952	-0.055708	0.000000	0.159965	0.007629	5.2
953	-0.055707	0.000000	0.159965	0.003672	5.3
954	-0.057747	0.000000	0.159965	0.008176	4.8
955	-0.054008	0.000000	0.159965	0.006663	4.9
956	-0.054703	1.000000	0.155547	0.001738	6.2
957	-0.053910	0.200000	0.159054	0.007608	5.7
958	-0.058652	1.200000	0.154702	0.002820	5.7
959	-0.053244	0.400000	0.158158	0.004600	6.2
960	-0.054440	0.000000	0.159965	0.005670	6.0
961	-0.053776	0.000000	0.159965	0.010525	6.2
962	-0.056560	0.000000	0.159965	0.007957	6.2
963	-0.054220	1.000000	0.155547	0.005502	6.7
964	-0.054362	0.200000	0.159054	0.007178	6.7
965	-0.054443	0.000000	0.159965	0.004434	6.2
966	-0.057012	0.000000	0.159965	0.004772	6.2
967	-0.054208	0.000000	0.159965	0.004775	6.2
968	-0.056864	0.000000	0.159965	0.005260	6.2
969	-0.053610	0.000000	0.159965	0.006219	5.7
970	-0.059473	0.000000	0.159965	0.008556	6.0
971	-0.055883	0.000000	0.159965	0.004948	6.1
972	-0.056783	0.000000	0.159965	0.005048	5.8
973	-0.055855	0.000000	0.159965	0.011372	5.4
974	-0.057984	0.000000	0.159965	0.010275	4.9
975	-0.054584	0.000000	0.159965	0.005535	4.6
976	-0.055194	0.000000	0.159965	0.005452	5.2
977	-0.057980	0.000000	0.159965	0.004869	5.3
978	-0.055711	0.000000	0.159965	0.006555	6.5
979	-0.052313	0.000000	0.159965	0.002951	6.0
980	-0.053707	1.000000	0.155547	0.008786	6.2
981	-0.050354	0.200000	0.159054	0.009325	5.7
982	-0.049403	0.000000	0.159965	0.004618	5.9
983	-0.054999	0.000000	0.159965	0.003545	5.6
984	-0.054383	0.000000	0.159965	0.008259	5.3
985	-0.051932	0.000000	0.159965	0.006852	6.5
986	-0.055698	0.000000	0.159965	0.007978	5.8
987	-0.054717	0.000000	0.159965	0.003329	5.2
988	-0.053792	0.000000	0.159965	0.009879	5.1
989	-0.057797	0.000000	0.159965	0.005493	6.1
990	-0.055098	0.000000	0.159965	0.005649	6.3
991	-0.050966	0.000000	0.159965	0.004000	5.9
992	-0.057992	1.000000	0.155547	0.004586	5.7
993	-0.051918	2.000000	0.151440	0.003929	5.7
994	-0.052110	1.200000	0.154702	0.005276	5.7
995	-0.055054	0.400000	0.158158	0.006690	5.3
996	-0.049618	0.000000	0.159965	0.002688	5.2
997	-0.055432	0.000000	0.159965	0.004886	5.3
998	-0.051123	0.000000	0.159965	0.002039	5.8
999	-0.054790	0.000000	0.159965	0.005870	4.9
