1:ItNr	2:Metric	3a:Time	3b:StepSize	4:||Gradient||	Time[ms]
0	-1.011256	0.000000	0.159965	0.000587	28.2
1	-1.011546	0.000000	0.159965	0.000975	22.9
2	-1.011512	0.000000	0.159965	0.000712	23.1
3	-1.011301	0.000000	0.159965	0.000567	22.7
4	-1.011502	0.000000	0.159965	0.000675	23.0
5	-1.011574	0.000000	0.159965	0.000679	22.7
6	-1.010876	0.000000	0.159965	0.000637	22.4
7	-1.011522	0.000000	0.159965	0.000506	22.4
8	-1.011208	0.000000	0.159965	0.000642	23.0
9	-1.011141	0.000000	0.159965	0.000390	23.2
10	-1.011610	0.000000	0.159965	0.000586	22.8
11	-1.010964	0.000000	0.159965	0.000413	22.9
12	-1.011524	0.000000	0.159965	0.000619	22.9
13	-1.011385	0.000000	0.159965	0.000687	22.6
14	-1.011546	0.000000	0.159965	0.000588	22.4
15	-1.011376	0.000000	0.159965	0.000600	22.1
16	-1.011461	0.000000	0.159965	0.000523	22.0
17	-1.011423	0.000000	0.159965	0.000660	22.1
18	-1.011361	0.000000	0.159965	0.000688	22.0
19	-1.010999	0.000000	0.159965	0.000441	22.1
20	-1.011251	0.000000	0.159965	0.000468	22.2
21	-1.011784	0.000000	0.159965	0.000479	22.0
22	-1.011810	0.000000	0.159965	0.000421	22.0
23	-1.011118	0.000000	0.159965	0.000505	22.1
24	-1.011593	0.000000	0.159965	0.000648	22.0
25	-1.011051	0.000000	0.159965	0.000348	21.9
26	-1.011597	0.000000	0.159965	0.000743	22.0
27	-1.011041	0.000000	0.159965	0.000696	22.0
28	-1.011716	0.000000	0.159965	0.000652	22.1
29	-1.011663	0.000000	0.159965	0.000572	22.1
30	-1.011407	0.000000	0.159965	0.000662	21.9
31	-1.011327	0.000000	0.159965	0.000709	22.0
32	-1.011253	0.000000	0.159965	0.000544	21.9
33	-1.011693	0.000000	0.159965	0.000538	22.0
34	-1.011634	0.000000	0.159965	0.000791	22.1
35	-1.011645	0.000000	0.159965	0.000487	22.1
36	-1.011330	0.000000	0.159965	0.000518	22.2
37	-1.011486	0.000000	0.159965	0.000585	22.0
38	-1.011417	0.000000	0.159965	0.000591	22.2
39	-1.011664	0.000000	0.159965	0.000561	22.1
40	-1.011657	0.000000	0.159965	0.000511	22.1
41	-1.011717	0.000000	0.159965	0.000564	22.1
42	-1.011177	0.000000	0.159965	0.000466	22.0
43	-1.011673	0.000000	0.159965	0.000533	22.3
44	-1.011178	0.000000	0.159965	0.000841	22.1
45	-1.011651	0.000000	0.159965	0.000592	22.0
46	-1.011594	0.000000	0.159965	0.000419	22.3
47	-1.011791	0.000000	0.159965	0.000610	22.1
48	-1.011318	0.000000	0.159965	0.000497	22.0
49	-1.011478	0.000000	0.159965	0.000702	22.0
50	-1.011300	0.000000	0.159965	0.000617	22.1
51	-1.011618	0.000000	0.159965	0.000394	22.0
52	-1.011450	0.000000	0.159965	0.000449	22.1
53	-1.011607	0.000000	0.159965	0.000649	22.2
54	-1.011646	0.000000	0.159965	0.000576	22.0
55	-1.011649	0.000000	0.159965	0.000458	22.0
56	-1.011417	0.000000	0.159965	0.000442	22.3
57	-1.011073	0.000000	0.159965	0.000641	22.2
58	-1.011292	0.000000	0.159965	0.000488	22.1
59	-1.011726	0.000000	0.159965	0.000737	22.5
60	-1.011727	0.000000	0.159965	0.000493	22.0
61	-1.011181	0.000000	0.159965	0.000584	22.1
62	-1.011837	0.000000	0.159965	0.000791	22.0
63	-1.011333	0.000000	0.159965	0.000751	22.0
64	-1.011179	0.000000	0.159965	0.000623	22.0
65	-1.010888	0.000000	0.159965	0.000654	22.2
66	-1.011294	0.000000	0.159965	0.000619	22.1
67	-1.011265	0.000000	0.159965	0.000729	22.1
68	-1.010975	0.000000	0.159965	0.000327	22.1
69	-1.011853	0.000000	0.159965	0.000595	22.2
70	-1.011299	0.000000	0.159965	0.000334	22.2
71	-1.011514	0.000000	0.159965	0.000602	22.0
72	-1.011646	0.000000	0.159965	0.000699	22.0
73	-1.011465	0.000000	0.159965	0.000541	22.2
74	-1.011966	0.000000	0.159965	0.000478	22.2
75	-1.011519	0.000000	0.159965	0.000575	22.0
76	-1.011842	0.000000	0.159965	0.000518	22.2
77	-1.011273	0.000000	0.159965	0.000450	22.0
78	-1.011412	0.000000	0.159965	0.000582	22.0
79	-1.011792	0.000000	0.159965	0.000639	22.1
80	-1.011394	0.000000	0.159965	0.000728	22.0
81	-1.011507	0.000000	0.159965	0.000637	22.2
82	-1.011423	0.000000	0.159965	0.000791	22.0
83	-1.011319	0.000000	0.159965	0.000580	22.1
84	-1.011784	0.000000	0.159965	0.000474	22.2
85	-1.011418	0.000000	0.159965	0.000579	22.2
86	-1.010878	0.000000	0.159965	0.000557	22.1
87	-1.011108	0.000000	0.159965	0.000776	22.0
88	-1.011464	0.000000	0.159965	0.000441	22.1
89	-1.011193	0.000000	0.159965	0.000716	22.1
90	-1.011288	0.000000	0.159965	0.000471	22.0
91	-1.011577	0.000000	0.159965	0.000676	22.1
92	-1.011171	0.000000	0.159965	0.000482	22.3
93	-1.011080	0.000000	0.159965	0.000708	22.1
94	-1.011705	0.000000	0.159965	0.000424	22.0
95	-1.011239	0.000000	0.159965	0.000655	22.0
96	-1.011073	0.000000	0.159965	0.000409	22.2
97	-1.011327	0.000000	0.159965	0.000463	22.1
98	-1.011359	0.000000	0.159965	0.000545	22.0
99	-1.011928	0.000000	0.159965	0.000621	22.1
100	-1.011373	0.000000	0.159965	0.000488	21.9
101	-1.011212	0.000000	0.159965	0.000601	22.0
102	-1.011697	0.000000	0.159965	0.000492	22.1
103	-1.011588	0.000000	0.159965	0.000497	22.0
104	-1.011347	0.000000	0.159965	0.000437	22.0
105	-1.011707	0.000000	0.159965	0.000485	22.0
106	-1.011612	0.000000	0.159965	0.000584	22.1
107	-1.010946	0.000000	0.159965	0.000435	22.0
108	-1.011512	0.000000	0.159965	0.000638	22.0
109	-1.011319	0.000000	0.159965	0.000761	22.0
110	-1.011408	0.000000	0.159965	0.000363	22.1
111	-1.011626	0.000000	0.159965	0.000600	22.1
112	-1.011257	0.000000	0.159965	0.000456	22.3
113	-1.011204	0.000000	0.159965	0.000423	22.0
114	-1.011276	0.000000	0.159965	0.000559	22.0
115	-1.011168	0.000000	0.159965	0.000593	22.3
116	-1.011325	0.000000	0.159965	0.000345	22.1
117	-1.011518	0.000000	0.159965	0.000669	22.0
118	-1.011202	0.000000	0.159965	0.000602	22.0
119	-1.011382	0.000000	0.159965	0.000736	22.1
120	-1.011688	0.000000	0.159965	0.000421	22.0
121	-1.011225	0.000000	0.159965	0.000543	22.0
122	-1.011266	0.000000	0.159965	0.000669	22.1
123	-1.011471	0.000000	0.159965	0.000676	22.0
124	-1.011125	0.000000	0.159965	0.000861	22.1
125	-1.011532	0.000000	0.159965	0.000608	22.1
126	-1.011958	0.000000	0.159965	0.000387	22.0
127	-1.011100	0.000000	0.159965	0.000515	22.0
128	-1.011366	0.000000	0.159965	0.000477	22.1
129	-1.011014	0.000000	0.159965	0.000484	22.4
130	-1.011076	0.000000	0.159965	0.000536	22.0
131	-1.011863	0.000000	0.159965	0.000380	22.2
132	-1.011929	0.000000	0.159965	0.000848	22.1
133	-1.011538	0.000000	0.159965	0.000517	22.1
134	-1.011411	0.000000	0.159965	0.000515	22.2
135	-1.011776	0.000000	0.159965	0.000328	22.1
136	-1.011083	0.000000	0.159965	0.000365	22.0
137	-1.011564	0.000000	0.159965	0.000594	22.1
138	-1.011093	0.000000	0.159965	0.000545	22.2
139	-1.011541	0.000000	0.159965	0.000682	22.0
140	-1.011038	0.000000	0.159965	0.000368	22.0
141	-1.011080	0.000000	0.159965	0.000661	22.0
142	-1.011183	0.000000	0.159965	0.000403	22.2
143	-1.011525	0.000000	0.159965	0.000515	22.0
144	-1.010838	0.000000	0.159965	0.000493	22.0
145	-1.011504	0.000000	0.159965	0.000604	22.1
146	-1.011519	0.000000	0.159965	0.000545	22.0
147	-1.010889	0.000000	0.159965	0.000802	22.1
148	-1.011360	0.000000	0.159965	0.000698	22.1
149	-1.011522	0.000000	0.159965	0.000518	22.0
150	-1.011215	0.000000	0.159965	0.000691	22.1
151	-1.011911	0.000000	0.159965	0.000754	22.1
152	-1.011577	0.000000	0.159965	0.000810	22.0
153	-1.011289	0.000000	0.159965	0.000816	21.9
154	-1.011213	0.000000	0.159965	0.000519	21.9
155	-1.011482	0.000000	0.159965	0.000770	22.0
156	-1.011374	0.000000	0.159965	0.000441	22.2
157	-1.011491	0.000000	0.159965	0.000376	21.9
158	-1.011099	0.000000	0.159965	0.000646	22.0
159	-1.011681	0.000000	0.159965	0.000805	22.0
160	-1.011641	0.000000	0.159965	0.000509	22.0
161	-1.011961	0.000000	0.159965	0.000704	22.2
162	-1.011561	0.000000	0.159965	0.000285	22.1
163	-1.011688	0.000000	0.159965	0.000558	22.1
164	-1.011582	0.000000	0.159965	0.000711	22.1
165	-1.011269	0.000000	0.159965	0.000541	22.2
166	-1.011096	0.000000	0.159965	0.000503	22.0
167	-1.011527	0.000000	0.159965	0.000457	22.0
168	-1.011392	0.000000	0.159965	0.000513	22.1
169	-1.011452	0.000000	0.159965	0.000514	22.1
170	-1.011099	0.000000	0.159965	0.000433	22.0
171	-1.011397	0.000000	0.159965	0.000638	22.0
172	-1.011583	0.000000	0.159965	0.000340	22.0
173	-1.011497	0.000000	0.159965	0.000684	22.0
174	-1.011073	0.000000	0.159965	0.000645	22.5
175	-1.011466	0.000000	0.159965	0.000532	22.1
176	-1.011270	0.000000	0.159965	0.000703	22.1
177	-1.011585	0.000000	0.159965	0.000448	22.0
178	-1.011512	0.000000	0.159965	0.000666	22.0
179	-1.012111	0.000000	0.159965	0.000773	22.0
180	-1.011163	0.000000	0.159965	0.000590	22.0
181	-1.011108	0.000000	0.159965	0.000724	22.2
182	-1.011843	0.000000	0.159965	0.000511	22.0
183	-1.011564	0.000000	0.159965	0.000472	22.1
184	-1.011156	0.000000	0.159965	0.000677	22.2
185	-1.011208	0.000000	0.159965	0.000535	22.0
186	-1.011388	0.000000	0.159965	0.000751	22.0
187	-1.011496	0.000000	0.159965	0.000522	22.1
188	-1.011305	0.000000	0.159965	0.000660	21.9
189	-1.011662	0.000000	0.159965	0.000524	22.0
190	-1.011623	0.000000	0.159965	0.000436	22.0
191	-1.011548	0.000000	0.159965	0.000380	22.0
192	-1.011425	0.000000	0.159965	0.000717	22.2
193	-1.011599	0.000000	0.159965	0.000702	22.1
194	-1.011273	0.000000	0.159965	0.000521	22.1
195	-1.011623	0.000000	0.159965	0.000483	22.1
196	-1.011038	0.000000	0.159965	0.000516	22.1
197	-1.011509	0.000000	0.159965	0.000736	22.0
198	-1.011416	0.000000	0.159965	0.000457	22.0
199	-1.011735	0.000000	0.159965	0.000660	22.0
200	-1.011592	0.000000	0.159965	0.000601	22.0
201	-1.011131	0.000000	0.159965	0.000528	22.2
202	-1.011290	0.000000	0.159965	0.000576	21.9
203	-1.011642	0.000000	0.159965	0.000377	22.0
204	-1.011375	0.000000	0.159965	0.000666	22.0
205	-1.011816	0.000000	0.159965	0.000560	21.9
206	-1.011218	0.000000	0.159965	0.000755	22.0
207	-1.011831	0.000000	0.159965	0.000496	22.1
208	-1.011796	0.000000	0.159965	0.000512	22.0
209	-1.011947	0.000000	0.159965	0.000517	22.1
210	-1.011425	0.000000	0.159965	0.000518	22.0
211	-1.011230	0.000000	0.159965	0.000402	22.0
212	-1.011162	0.000000	0.159965	0.000442	22.1
213	-1.011867	0.000000	0.159965	0.000431	22.0
214	-1.011176	0.000000	0.159965	0.000382	22.0
215	-1.011554	0.000000	0.159965	0.000551	22.1
216	-1.011279	0.000000	0.159965	0.000615	21.9
217	-1.011689	0.000000	0.159965	0.000588	22.2
218	-1.011278	0.000000	0.159965	0.000501	22.0
219	-1.011698	0.000000	0.159965	0.000600	22.2
220	-1.011336	0.000000	0.159965	0.000562	22.0
221	-1.011035	0.000000	0.159965	0.000410	22.1
222	-1.011685	0.000000	0.159965	0.000357	22.0
223	-1.010844	0.000000	0.159965	0.000529	21.9
224	-1.011718	0.000000	0.159965	0.000705	22.1
225	-1.011458	0.000000	0.159965	0.000474	22.0
226	-1.011562	0.000000	0.159965	0.000778	22.0
227	-1.011483	0.000000	0.159965	0.000328	22.2
228	-1.011586	0.000000	0.159965	0.000667	22.2
229	-1.011078	0.000000	0.159965	0.000328	22.0
230	-1.011220	0.000000	0.159965	0.000514	22.2
231	-1.011349	0.000000	0.159965	0.000545	22.0
232	-1.012237	0.000000	0.159965	0.000618	22.1
233	-1.011565	0.000000	0.159965	0.000627	22.1
234	-1.011231	0.000000	0.159965	0.000687	22.0
235	-1.011713	0.000000	0.159965	0.000564	22.2
236	-1.011064	0.000000	0.159965	0.000543	22.1
237	-1.011580	0.000000	0.159965	0.000532	22.2
238	-1.011714	0.000000	0.159965	0.000583	22.0
239	-1.011294	0.000000	0.159965	0.000581	21.9
240	-1.011213	0.000000	0.159965	0.000558	22.2
241	-1.011320	0.000000	0.159965	0.000956	22.0
242	-1.011043	0.000000	0.159965	0.000423	22.2
243	-1.011498	0.000000	0.159965	0.000411	22.0
244	-1.011838	0.000000	0.159965	0.000655	22.2
245	-1.011712	0.000000	0.159965	0.000598	22.0
246	-1.011582	0.000000	0.159965	0.000567	22.2
247	-1.011122	0.000000	0.159965	0.000451	22.0
248	-1.011560	0.000000	0.159965	0.000613	22.0
249	-1.011937	0.000000	0.159965	0.000640	22.1
250	-1.011341	0.000000	0.159965	0.000486	22.0
251	-1.011281	0.000000	0.159965	0.000726	22.1
252	-1.011787	0.000000	0.159965	0.000478	22.0
253	-1.011354	0.000000	0.159965	0.000393	22.2
254	-1.011488	0.000000	0.159965	0.000657	22.1
255	-1.011779	0.000000	0.159965	0.000566	22.2
256	-1.011502	0.000000	0.159965	0.000528	22.0
257	-1.011325	0.000000	0.159965	0.000666	22.0
258	-1.011169	0.000000	0.159965	0.000531	22.0
259	-1.011222	0.000000	0.159965	0.000603	22.0
260	-1.011092	0.000000	0.159965	0.000564	22.2
261	-1.011358	0.000000	0.159965	0.000717	21.9
262	-1.011396	0.000000	0.159965	0.000630	22.0
263	-1.011312	0.000000	0.159965	0.000476	22.0
264	-1.010955	0.000000	0.159965	0.000807	22.1
265	-1.011799	0.000000	0.159965	0.000598	22.4
266	-1.011371	0.000000	0.159965	0.000502	22.2
267	-1.011448	0.000000	0.159965	0.000523	22.1
268	-1.011674	0.000000	0.159965	0.000439	21.9
269	-1.011417	0.000000	0.159965	0.000390	22.3
270	-1.011318	0.000000	0.159965	0.000646	22.1
271	-1.011540	0.000000	0.159965	0.000537	22.1
272	-1.011415	0.000000	0.159965	0.000461	22.0
273	-1.011568	0.000000	0.159965	0.000466	22.3
274	-1.011756	0.000000	0.159965	0.000673	22.1
275	-1.011355	0.000000	0.159965	0.000418	22.1
276	-1.011265	0.000000	0.159965	0.000382	22.4
277	-1.011159	0.000000	0.159965	0.000646	22.1
278	-1.011770	0.000000	0.159965	0.000608	22.2
279	-1.011241	0.000000	0.159965	0.000333	22.2
280	-1.011660	0.000000	0.159965	0.000583	22.2
281	-1.011679	0.000000	0.159965	0.000348	22.0
282	-1.011649	0.000000	0.159965	0.000616	22.1
283	-1.010796	0.000000	0.159965	0.000544	22.1
284	-1.011948	0.000000	0.159965	0.000439	22.1
285	-1.011142	0.000000	0.159965	0.000618	22.0
286	-1.011608	0.000000	0.159965	0.000481	22.0
287	-1.011111	0.000000	0.159965	0.000740	22.1
288	-1.011066	0.000000	0.159965	0.000581	22.1
289	-1.011640	0.000000	0.159965	0.000383	22.0
290	-1.011644	0.000000	0.159965	0.000678	22.0
291	-1.011456	0.000000	0.159965	0.000467	22.1
292	-1.011408	0.000000	0.159965	0.000601	22.1
293	-1.011489	0.000000	0.159965	0.000576	22.2
294	-1.011255	0.000000	0.159965	0.000806	22.0
295	-1.011468	0.000000	0.159965	0.000611	22.0
296	-1.011601	0.000000	0.159965	0.000366	22.3
297	-1.011857	0.000000	0.159965	0.000553	21.9
298	-1.011637	0.000000	0.159965	0.000529	22.1
299	-1.011882	0.000000	0.159965	0.000548	22.2
300	-1.011127	0.000000	0.159965	0.000508	22.1
301	-1.011692	0.000000	0.159965	0.000496	22.0
302	-1.011575	0.000000	0.159965	0.000464	22.0
303	-1.010980	0.000000	0.159965	0.000859	22.1
304	-1.011573	0.000000	0.159965	0.000471	22.0
305	-1.011250	0.000000	0.159965	0.000572	22.1
306	-1.011204	0.000000	0.159965	0.000887	22.1
307	-1.011267	0.000000	0.159965	0.000490	22.1
308	-1.011659	0.000000	0.159965	0.000528	22.0
309	-1.011208	0.000000	0.159965	0.000578	22.0
310	-1.011483	0.000000	0.159965	0.000662	22.2
311	-1.011832	0.000000	0.159965	0.000787	22.1
312	-1.011496	0.000000	0.159965	0.000644	22.1
313	-1.011091	0.000000	0.159965	0.000416	22.0
314	-1.011629	0.000000	0.159965	0.000529	22.1
315	-1.011203	0.000000	0.159965	0.000739	22.0
316	-1.011623	0.000000	0.159965	0.000588	22.1
317	-1.010993	0.000000	0.159965	0.000374	22.0
318	-1.011842	0.000000	0.159965	0.000431	22.0
319	-1.011343	0.000000	0.159965	0.000454	22.0
320	-1.011662	0.000000	0.159965	0.000756	21.9
321	-1.011193	0.000000	0.159965	0.000641	22.0
322	-1.011178	0.000000	0.159965	0.000524	22.2
323	-1.011375	0.000000	0.159965	0.000369	22.1
324	-1.011681	0.000000	0.159965	0.000493	22.0
325	-1.011101	0.000000	0.159965	0.000465	22.0
326	-1.011275	0.000000	0.159965	0.000689	22.0
327	-1.011665	0.000000	0.159965	0.000448	22.2
328	-1.011232	0.000000	0.159965	0.000623	22.2
329	-1.011338	0.000000	0.159965	0.000428	22.2
330	-1.011736	0.000000	0.159965	0.000838	22.2
331	-1.011779	0.000000	0.159965	0.000497	22.1
332	-1.011602	0.000000	0.159965	0.000624	22.0
333	-1.011440	0.000000	0.159965	0.000712	22.0
334	-1.011387	0.000000	0.159965	0.000500	22.1
335	-1.011189	0.000000	0.159965	0.000562	21.9
336	-1.011585	0.000000	0.159965	0.000512	22.1
337	-1.011364	0.000000	0.159965	0.000920	22.2
338	-1.011447	0.000000	0.159965	0.000544	22.0
339	-1.012220	0.000000	0.159965	0.000550	22.1
340	-1.010946	0.000000	0.159965	0.000631	22.0
341	-1.011130	0.000000	0.159965	0.000497	22.0
342	-1.011470	0.000000	0.159965	0.000791	22.1
343	-1.011688	0.000000	0.159965	0.000450	22.0
344	-1.011116	0.000000	0.159965	0.000488	21.9
345	-1.010527	0.000000	0.159965	0.000533	22.2
346	-1.011362	0.000000	0.159965	0.000496	22.2
347	-1.011755	0.000000	0.159965	0.000565	22.0
348	-1.011551	0.000000	0.159965	0.000695	22.1
349	-1.011755	0.000000	0.159965	0.000751	21.9
350	-1.011328	0.000000	0.159965	0.000658	22.1
351	-1.011243	0.000000	0.159965	0.000446	22.0
352	-1.012272	0.000000	0.159965	0.000585	22.0
353	-1.011594	0.000000	0.159965	0.000775	22.1
354	-1.011803	0.000000	0.159965	0.000428	22.0
355	-1.011655	0.000000	0.159965	0.000592	22.4
356	-1.011610	0.000000	0.159965	0.000631	22.1
357	-1.011641	0.000000	0.159965	0.000470	22.6
358	-1.011259	0.000000	0.159965	0.000698	22.1
359	-1.011407	0.000000	0.159965	0.000619	22.2
360	-1.012141	0.000000	0.159965	0.000723	22.0
361	-1.011633	0.000000	0.159965	0.000665	22.0
362	-1.011571	0.000000	0.159965	0.000485	22.0
363	-1.011052	0.000000	0.159965	0.000561	22.1
364	-1.011416	0.000000	0.159965	0.000548	22.2
365	-1.011641	0.000000	0.159965	0.000684	22.0
366	-1.011652	0.000000	0.159965	0.000601	22.0
367	-1.011304	0.000000	0.159965	0.000433	21.9
368	-1.011320	0.000000	0.159965	0.000753	22.3
369	-1.010955	0.000000	0.159965	0.000485	22.1
370	-1.011246	0.000000	0.159965	0.000736	21.9
371	-1.011811	0.000000	0.159965	0.000466	22.1
372	-1.011608	0.000000	0.159965	0.000457	22.0
373	-1.011461	0.000000	0.159965	0.000607	22.0
374	-1.011038	0.000000	0.159965	0.000464	22.1
375	-1.011509	0.000000	0.159965	0.000768	22.0
376	-1.011624	0.000000	0.159965	0.000684	21.9
377	-1.011612	0.000000	0.159965	0.000522	22.1
378	-1.011674	0.000000	0.159965	0.000572	22.0
379	-1.011343	0.000000	0.159965	0.000437	22.0
380	-1.011385	0.000000	0.159965	0.000480	22.0
381	-1.011916	0.000000	0.159965	0.000565	22.0
382	-1.011258	0.000000	0.159965	0.000551	22.2
383	-1.011024	0.000000	0.159965	0.000447	21.9
384	-1.011694	0.000000	0.159965	0.000554	22.1
385	-1.011495	0.000000	0.159965	0.000602	22.0
386	-1.011599	0.000000	0.159965	0.000418	22.0
387	-1.011130	0.000000	0.159965	0.000471	22.0
388	-1.011171	0.000000	0.159965	0.000713	22.0
389	-1.011628	0.000000	0.159965	0.000419	22.0
390	-1.011124	0.000000	0.159965	0.000480	22.0
391	-1.011344	0.000000	0.159965	0.000644	22.2
392	-1.011969	0.000000	0.159965	0.000553	22.0
393	-1.011715	0.000000	0.159965	0.000404	22.0
394	-1.012365	0.000000	0.159965	0.000400	22.0
395	-1.011230	0.000000	0.159965	0.000592	22.1
396	-1.011379	0.000000	0.159965	0.000472	22.1
397	-1.012089	0.000000	0.159965	0.000549	22.0
398	-1.011310	0.000000	0.159965	0.000681	22.0
399	-1.011434	0.000000	0.159965	0.000604	21.9
400	-1.011155	0.000000	0.159965	0.000776	22.4
401	-1.011584	0.000000	0.159965	0.000543	22.0
402	-1.011296	0.000000	0.159965	0.000425	22.0
403	-1.011216	0.000000	0.159965	0.000630	22.0
404	-1.011329	0.000000	0.159965	0.000558	22.1
405	-1.011535	0.000000	0.159965	0.000510	22.1
406	-1.011315	0.000000	0.159965	0.000665	22.1
407	-1.011339	0.000000	0.159965	0.000623	22.0
408	-1.011494	0.000000	0.159965	0.000750	22.1
409	-1.011468	0.000000	0.159965	0.000657	22.1
410	-1.011520	0.000000	0.159965	0.000603	22.0
411	-1.011364	0.000000	0.159965	0.000601	22.0
412	-1.011528	0.000000	0.159965	0.000569	22.0
413	-1.011082	0.000000	0.159965	0.000513	22.1
414	-1.011202	0.000000	0.159965	0.000706	22.4
415	-1.011711	0.000000	0.159965	0.000562	22.0
416	-1.012070	0.000000	0.159965	0.000638	22.0
417	-1.011960	0.000000	0.159965	0.000611	22.0
418	-1.011898	0.000000	0.159965	0.000507	22.1
419	-1.011358	0.000000	0.159965	0.000454	22.3
420	-1.011699	0.000000	0.159965	0.000614	22.1
421	-1.011674	0.000000	0.159965	0.000780	22.4
422	-1.011179	0.000000	0.159965	0.000409	22.0
423	-1.011501	0.000000	0.159965	0.000531	22.0
424	-1.011817	0.000000	0.159965	0.000361	22.0
425	-1.011104	0.000000	0.159965	0.000522	22.0
426	-1.011785	0.000000	0.159965	0.000831	22.0
427	-1.011536	0.000000	0.159965	0.000748	22.1
428	-1.011069	0.000000	0.159965	0.000566	22.0
429	-1.011456	0.000000	0.159965	0.000681	22.3
430	-1.011509	0.000000	0.159965	0.000383	22.0
431	-1.010896	0.000000	0.159965	0.000571	22.1
432	-1.011428	0.000000	0.159965	0.000501	22.0
433	-1.011487	0.000000	0.159965	0.000772	21.9
434	-1.011329	0.000000	0.159965	0.000457	22.1
435	-1.011557	0.000000	0.159965	0.000453	22.1
436	-1.011568	0.000000	0.159965	0.000633	22.1
437	-1.011565	0.000000	0.159965	0.000771	22.2
438	-1.011367	0.000000	0.159965	0.000670	22.0
439	-1.011701	0.000000	0.159965	0.000547	22.0
440	-1.011080	0.000000	0.159965	0.000654	22.0
441	-1.011783	0.000000	0.159965	0.000714	22.2
442	-1.011613	0.000000	0.159965	0.000410	22.0
443	-1.011597	0.000000	0.159965	0.000770	22.1
444	-1.011643	0.000000	0.159965	0.000650	22.1
445	-1.011009	0.000000	0.159965	0.000561	22.2
446	-1.011454	0.000000	0.159965	0.000770	22.1
447	-1.011403	0.000000	0.159965	0.000599	22.2
448	-1.010951	0.000000	0.159965	0.000589	22.0
449	-1.011497	0.000000	0.159965	0.000370	22.1
450	-1.011231	0.000000	0.159965	0.000411	22.3
451	-1.011529	0.000000	0.159965	0.000664	22.0
452	-1.011203	0.000000	0.159965	0.000602	22.1
453	-1.011698	0.000000	0.159965	0.000570	22.1
454	-1.011539	0.000000	0.159965	0.000523	22.0
455	-1.011399	0.000000	0.159965	0.000524	22.1
456	-1.011169	0.000000	0.159965	0.000549	22.0
457	-1.011604	0.000000	0.159965	0.000419	22.1
458	-1.011556	0.000000	0.159965	0.000581	22.1
459	-1.011485	0.000000	0.159965	0.000513	22.1
460	-1.011419	0.000000	0.159965	0.000349	22.3
461	-1.011761	0.000000	0.159965	0.000477	22.1
462	-1.011873	0.000000	0.159965	0.000464	22.0
463	-1.011212	0.000000	0.159965	0.000823	22.1
464	-1.011637	0.000000	0.159965	0.000416	22.3
465	-1.011390	0.000000	0.159965	0.000387	22.1
466	-1.012012	0.000000	0.159965	0.000837	22.0
467	-1.011137	0.000000	0.159965	0.000529	21.9
468	-1.011417	0.000000	0.159965	0.000641	22.1
469	-1.011673	0.000000	0.159965	0.000703	22.0
470	-1.011428	0.000000	0.159965	0.000547	21.9
471	-1.011459	0.000000	0.159965	0.000558	21.9
472	-1.012035	0.000000	0.159965	0.000650	22.1
473	-1.011422	0.000000	0.159965	0.000419	22.1
474	-1.011222	0.000000	0.159965	0.000458	21.9
475	-1.011489	0.000000	0.159965	0.000552	22.0
476	-1.011433	0.000000	0.159965	0.000642	22.0
477	-1.011334	0.000000	0.159965	0.000481	22.2
478	-1.011914	0.000000	0.159965	0.000566	22.1
479	-1.011195	0.000000	0.159965	0.000536	22.0
480	-1.011298	0.000000	0.159965	0.000499	22.1
481	-1.011671	0.000000	0.159965	0.000514	22.0
482	-1.011760	0.000000	0.159965	0.000720	22.0
483	-1.011657	0.000000	0.159965	0.000605	22.1
484	-1.011521	0.000000	0.159965	0.000672	22.0
485	-1.011543	0.000000	0.159965	0.000566	22.0
486	-1.011571	0.000000	0.159965	0.000522	22.1
487	-1.011407	0.000000	0.159965	0.000612	22.1
488	-1.011720	0.000000	0.159965	0.000329	22.0
489	-1.011751	0.000000	0.159965	0.000692	22.0
490	-1.011431	0.000000	0.159965	0.000644	22.0
491	-1.011398	0.000000	0.159965	0.000744	22.3
492	-1.011895	0.000000	0.159965	0.000534	22.3
493	-1.011342	0.000000	0.159965	0.000614	22.6
494	-1.011580	0.000000	0.159965	0.000581	22.0
495	-1.011107	0.000000	0.159965	0.000523	22.3
496	-1.011507	0.000000	0.159965	0.000462	22.0
497	-1.011636	0.000000	0.159965	0.000644	22.0
498	-1.011062	0.000000	0.159965	0.000638	22.1
499	-1.011580	0.000000	0.159965	0.000467	22.1
500	-1.011152	0.000000	0.159965	0.000733	22.1
501	-1.011526	0.000000	0.159965	0.000842	22.1
502	-1.011782	0.000000	0.159965	0.000555	22.0
503	-1.011496	0.000000	0.159965	0.000513	22.1
504	-1.011834	0.000000	0.159965	0.000793	22.2
505	-1.011758	0.000000	0.159965	0.000573	22.0
506	-1.011311	0.000000	0.159965	0.000781	22.2
507	-1.011541	0.000000	0.159965	0.000603	22.0
508	-1.011555	0.000000	0.159965	0.000394	22.1
509	-1.011545	0.000000	0.159965	0.000591	22.1
510	-1.011747	0.000000	0.159965	0.000724	22.0
511	-1.011463	0.000000	0.159965	0.000511	22.0
512	-1.010983	0.000000	0.159965	0.000637	21.9
513	-1.011646	0.000000	0.159965	0.000768	22.2
514	-1.011346	0.000000	0.159965	0.000635	21.9
515	-1.011405	0.000000	0.159965	0.000630	22.0
516	-1.012011	0.000000	0.159965	0.000552	22.0
517	-1.011447	0.000000	0.159965	0.000593	22.0
518	-1.011411	0.000000	0.159965	0.000797	22.2
519	-1.011521	0.000000	0.159965	0.000862	22.0
520	-1.011551	0.000000	0.159965	0.000714	22.1
521	-1.011164	0.000000	0.159965	0.000558	22.0
522	-1.011476	0.000000	0.159965	0.000534	22.2
523	-1.010937	0.000000	0.159965	0.000909	22.0
524	-1.011248	0.000000	0.159965	0.000640	22.0
525	-1.011488	0.000000	0.159965	0.000531	22.0
526	-1.011586	0.000000	0.159965	0.000486	22.0
527	-1.011291	0.000000	0.159965	0.000775	22.0
528	-1.011699	0.000000	0.159965	0.000546	22.0
529	-1.011704	0.000000	0.159965	0.000493	22.3
530	-1.011404	0.000000	0.159965	0.000841	22.0
531	-1.011155	0.000000	0.159965	0.000461	22.1
532	-1.011478	0.000000	0.159965	0.000578	22.0
533	-1.011641	0.000000	0.159965	0.000707	22.2
534	-1.011954	0.000000	0.159965	0.000372	22.0
535	-1.011130	0.000000	0.159965	0.000600	22.0
536	-1.011276	0.000000	0.159965	0.000753	22.3
537	-1.011274	0.000000	0.159965	0.000419	22.1
538	-1.011535	0.000000	0.159965	0.000624	22.0
539	-1.010944	0.000000	0.159965	0.000661	22.0
540	-1.011337	0.000000	0.159965	0.000638	22.3
541	-1.011349	0.000000	0.159965	0.000724	22.1
542	-1.011433	0.000000	0.159965	0.000614	22.0
543	-1.011369	0.000000	0.159965	0.000559	22.0
544	-1.011237	0.000000	0.159965	0.000618	22.0
545	-1.011568	0.000000	0.159965	0.000596	22.2
546	-1.011493	0.000000	0.159965	0.000600	22.0
547	-1.011075	0.000000	0.159965	0.000508	22.0
548	-1.011537	0.000000	0.159965	0.000617	22.0
549	-1.012048	0.000000	0.159965	0.000696	22.1
550	-1.011348	0.000000	0.159965	0.000446	22.0
551	-1.011513	0.000000	0.159965	0.000575	22.0
552	-1.011634	0.000000	0.159965	0.000504	22.2
553	-1.011373	0.000000	0.159965	0.000492	22.0
554	-1.011228	0.000000	0.159965	0.000723	22.2
555	-1.011296	0.000000	0.159965	0.000487	22.3
556	-1.011430	0.000000	0.159965	0.000458	22.1
557	-1.011461	0.000000	0.159965	0.000450	22.0
558	-1.011521	0.000000	0.159965	0.000529	21.9
559	-1.011518	0.000000	0.159965	0.000652	22.0
560	-1.011619	0.000000	0.159965	0.000557	22.0
561	-1.011607	0.000000	0.159965	0.000388	22.0
562	-1.011431	0.000000	0.159965	0.000401	22.0
563	-1.011894	0.000000	0.159965	0.000539	22.1
564	-1.011381	0.000000	0.159965	0.000410	22.1
565	-1.011577	0.000000	0.159965	0.000620	22.2
566	-1.011302	0.000000	0.159965	0.000579	22.0
567	-1.011504	0.000000	0.159965	0.000501	22.0
568	-1.011511	0.000000	0.159965	0.000669	22.1
569	-1.011443	0.000000	0.159965	0.000646	22.0
570	-1.011375	0.000000	0.159965	0.000557	22.0
571	-1.011106	0.000000	0.159965	0.000536	22.0
572	-1.011049	0.000000	0.159965	0.000557	22.2
573	-1.011358	0.000000	0.159965	0.000892	22.0
574	-1.011596	0.000000	0.159965	0.000640	22.2
575	-1.011668	0.000000	0.159965	0.000464	22.2
576	-1.010986	0.000000	0.159965	0.000432	22.0
577	-1.012024	0.000000	0.159965	0.000499	22.1
578	-1.011612	0.000000	0.159965	0.000492	22.0
579	-1.011091	0.000000	0.159965	0.000649	22.0
580	-1.011220	0.000000	0.159965	0.000438	22.1
581	-1.011639	0.000000	0.159965	0.000526	22.4
582	-1.011710	0.000000	0.159965	0.000551	22.0
583	-1.011549	0.000000	0.159965	0.000677	22.0
584	-1.011411	0.000000	0.159965	0.000638	22.2
585	-1.011400	0.000000	0.159965	0.000477	22.0
586	-1.011222	0.000000	0.159965	0.000650	22.0
587	-1.011530	0.000000	0.159965	0.000388	22.0
588	-1.010991	0.000000	0.159965	0.000414	22.1
589	-1.011330	0.000000	0.159965	0.000452	22.0
590	-1.011796	0.000000	0.159965	0.000725	22.1
591	-1.011634	0.000000	0.159965	0.000716	21.9
592	-1.011209	0.000000	0.159965	0.000906	22.0
593	-1.011436	0.000000	0.159965	0.000642	21.9
594	-1.011904	0.000000	0.159965	0.000594	22.0
595	-1.012008	0.000000	0.159965	0.000608	22.2
596	-1.011657	0.000000	0.159965	0.000659	21.9
597	-1.011563	0.000000	0.159965	0.000643	22.1
598	-1.011328	0.000000	0.159965	0.000710	22.2
599	-1.011131	0.000000	0.159965	0.000508	22.1
600	-1.011724	0.000000	0.159965	0.000605	22.2
601	-1.011370	0.000000	0.159965	0.000442	22.0
602	-1.011338	0.000000	0.159965	0.000472	22.2
603	-1.011391	0.000000	0.159965	0.000602	22.0
604	-1.011853	0.000000	0.159965	0.000651	22.1
605	-1.011705	0.000000	0.159965	0.000452	22.1
606	-1.011289	0.000000	0.159965	0.000450	22.0
607	-1.012026	0.000000	0.159965	0.000581	21.9
608	-1.011819	0.000000	0.159965	0.000534	22.0
609	-1.011970	0.000000	0.159965	0.000595	22.0
610	-1.011284	0.000000	0.159965	0.000556	22.0
611	-1.011506	0.000000	0.159965	0.000807	21.9
612	-1.011696	0.000000	0.159965	0.000545	22.0
613	-1.011620	0.000000	0.159965	0.000687	21.9
614	-1.011549	0.000000	0.159965	0.000698	22.0
615	-1.011134	0.000000	0.159965	0.000890	22.0
616	-1.011631	0.000000	0.159965	0.000604	22.1
617	-1.011257	0.000000	0.159965	0.000480	22.0
618	-1.011669	0.000000	0.159965	0.000437	22.1
619	-1.011378	0.000000	0.159965	0.000779	22.0
620	-1.011530	0.000000	0.159965	0.000481	22.0
621	-1.011282	0.000000	0.159965	0.000392	22.2
622	-1.011752	0.000000	0.159965	0.000621	22.1
623	-1.011573	0.000000	0.159965	0.000449	22.0
624	-1.011523	0.000000	0.159965	0.000613	22.0
625	-1.011350	0.000000	0.159965	0.000412	22.0
626	-1.011565	0.000000	0.159965	0.000503	22.1
627	-1.011567	0.000000	0.159965	0.000535	22.2
628	-1.011784	0.000000	0.159965	0.000683	22.2
629	-1.011392	0.000000	0.159965	0.000488	22.0
630	-1.011581	0.000000	0.159965	0.000624	22.0
631	-1.011548	0.000000	0.159965	0.000595	22.1
632	-1.011084	0.000000	0.159965	0.000590	22.0
633	-1.011389	0.000000	0.159965	0.000777	22.1
634	-1.011701	0.000000	0.159965	0.000752	21.9
635	-1.010943	0.000000	0.159965	0.000437	22.1
636	-1.011114	0.000000	0.159965	0.000707	22.1
637	-1.011542	0.000000	0.159965	0.000669	22.0
638	-1.011276	0.000000	0.159965	0.000582	21.9
639	-1.010663	0.000000	0.159965	0.000783	21.9
640	-1.011123	0.000000	0.159965	0.000616	22.1
641	-1.011752	0.000000	0.159965	0.000665	22.0
642	-1.011390	0.000000	0.159965	0.000779	22.0
643	-1.011632	0.000000	0.159965	0.000489	22.1
644	-1.011419	0.000000	0.159965	0.000739	22.2
645	-1.011381	0.000000	0.159965	0.000707	22.1
646	-1.011247	0.000000	0.159965	0.000794	21.9
647	-1.011733	0.000000	0.159965	0.000477	22.0
648	-1.011555	0.000000	0.159965	0.000456	21.9
649	-1.011194	0.000000	0.159965	0.000607	22.1
650	-1.011703	0.000000	0.159965	0.000626	22.0
651	-1.011623	0.000000	0.159965	0.000496	22.0
652	-1.011794	0.000000	0.159965	0.000468	22.0
653	-1.011142	0.000000	0.159965	0.000642	22.1
654	-1.011611	0.000000	0.159965	0.000714	22.3
655	-1.011714	0.000000	0.159965	0.000467	22.0
656	-1.011728	0.000000	0.159965	0.000512	22.0
657	-1.011108	0.000000	0.159965	0.000386	21.9
658	-1.011439	0.000000	0.159965	0.000505	22.2
659	-1.011451	0.000000	0.159965	0.000647	22.0
660	-1.011754	0.000000	0.159965	0.000370	22.0
661	-1.011841	0.000000	0.159965	0.000490	21.9
662	-1.011597	0.000000	0.159965	0.000555	22.0
663	-1.011488	0.000000	0.159965	0.000776	22.1
664	-1.011397	0.000000	0.159965	0.000577	22.0
665	-1.011768	0.000000	0.159965	0.000639	22.0
666	-1.011607	0.000000	0.159965	0.000701	22.0
667	-1.011197	0.000000	0.159965	0.000468	22.3
668	-1.011260	0.000000	0.159965	0.000462	22.1
669	-1.011667	0.000000	0.159965	0.000663	22.0
670	-1.011575	0.000000	0.159965	0.000641	22.0
671	-1.011688	0.000000	0.159965	0.000480	22.2
672	-1.011346	0.000000	0.159965	0.000539	22.2
673	-1.011148	0.000000	0.159965	0.000480	22.2
674	-1.012027	0.000000	0.159965	0.000693	22.1
675	-1.011298	0.000000	0.159965	0.000549	22.0
676	-1.011282	0.000000	0.159965	0.000502	22.1
677	-1.011353	0.000000	0.159965	0.000631	22.0
678	-1.011306	0.000000	0.159965	0.000604	22.1
679	-1.011632	0.000000	0.159965	0.000560	22.0
680	-1.011891	0.000000	0.159965	0.000480	21.9
681	-1.011351	0.000000	0.159965	0.000592	22.1
682	-1.010915	0.000000	0.159965	0.000397	22.0
683	-1.011188	0.000000	0.159965	0.000624	22.0
684	-1.011686	0.000000	0.159965	0.000472	22.0
685	-1.011731	0.000000	0.159965	0.000380	22.1
686	-1.011722	0.000000	0.159965	0.000792	22.0
687	-1.011200	0.000000	0.159965	0.000472	22.1
688	-1.011045	0.000000	0.159965	0.000580	22.0
689	-1.011618	0.000000	0.159965	0.000427	22.1
690	-1.011632	0.000000	0.159965	0.000457	22.5
691	-1.011956	0.000000	0.159965	0.000453	22.2
692	-1.011206	0.000000	0.159965	0.000600	22.2
693	-1.011134	0.000000	0.159965	0.000679	22.0
694	-1.011864	0.000000	0.159965	0.000573	22.0
695	-1.011100	0.000000	0.159965	0.000525	22.1
696	-1.011694	0.000000	0.159965	0.000355	22.0
697	-1.011220	0.000000	0.159965	0.000466	22.0
698	-1.011312	0.000000	0.159965	0.000918	22.0
699	-1.011722	0.000000	0.159965	0.000587	22.0
700	-1.011555	0.000000	0.159965	0.000639	22.0
701	-1.011459	0.000000	0.159965	0.000665	22.1
702	-1.011354	0.000000	0.159965	0.000687	22.0
703	-1.011495	0.000000	0.159965	0.000842	22.0
704	-1.011438	0.000000	0.159965	0.000709	22.2
705	-1.011423	0.000000	0.159965	0.000789	22.0
706	-1.011368	0.000000	0.159965	0.000573	21.9
707	-1.011907	0.000000	0.159965	0.000729	22.2
708	-1.011246	0.000000	0.159965	0.000648	22.0
709	-1.011832	0.000000	0.159965	0.000758	22.0
710	-1.011641	0.000000	0.159965	0.000627	22.0
711	-1.011145	0.000000	0.159965	0.000538	22.0
712	-1.011792	0.000000	0.159965	0.000646	22.1
713	-1.011234	0.000000	0.159965	0.000799	22.3
714	-1.011062	0.000000	0.159965	0.000353	22.0
715	-1.011836	0.000000	0.159965	0.000445	22.0
716	-1.011030	0.000000	0.159965	0.000608	22.0
717	-1.011208	0.000000	0.159965	0.000401	22.3
718	-1.011770	0.000000	0.159965	0.000458	22.2
719	-1.011242	0.000000	0.159965	0.000502	22.1
720	-1.011516	0.000000	0.159965	0.000510	21.9
721	-1.011210	0.000000	0.159965	0.000587	22.1
722	-1.012011	0.000000	0.159965	0.000807	22.0
723	-1.011465	0.000000	0.159965	0.000798	22.0
724	-1.011353	0.000000	0.159965	0.000579	22.0
725	-1.011754	0.000000	0.159965	0.000580	22.1
726	-1.011018	0.000000	0.159965	0.000706	22.1
727	-1.011703	0.000000	0.159965	0.000777	22.1
728	-1.011168	0.000000	0.159965	0.000547	21.9
729	-1.011279	0.000000	0.159965	0.000680	22.0
730	-1.011481	0.000000	0.159965	0.000568	22.0
731	-1.011142	0.000000	0.159965	0.000719	22.1
732	-1.011285	0.000000	0.159965	0.000611	21.9
733	-1.011824	0.000000	0.159965	0.000622	22.1
734	-1.011380	0.000000	0.159965	0.000886	21.9
735	-1.011838	0.000000	0.159965	0.000878	22.0
736	-1.011651	0.000000	0.159965	0.000570	23.4
737	-1.011495	0.000000	0.159965	0.000666	25.5
738	-1.011269	0.000000	0.159965	0.000483	27.0
739	-1.011313	0.000000	0.159965	0.000547	23.4
740	-1.011422	0.000000	0.159965	0.000492	22.0
741	-1.011741	0.000000	0.159965	0.000522	22.0
742	-1.011096	0.000000	0.159965	0.000419	21.9
743	-1.011685	0.000000	0.159965	0.000462	22.4
744	-1.011451	0.000000	0.159965	0.000752	22.1
745	-1.011253	0.000000	0.159965	0.000565	22.0
746	-1.011412	0.000000	0.159965	0.000545	22.0
747	-1.011588	0.000000	0.159965	0.000703	22.1
748	-1.011329	0.000000	0.159965	0.000521	22.2
749	-1.011103	0.000000	0.159965	0.000693	22.1
750	-1.011518	0.000000	0.159965	0.000646	22.0
751	-1.011666	0.000000	0.159965	0.000540	22.0
752	-1.011169	0.000000	0.159965	0.000673	22.0
753	-1.010905	0.000000	0.159965	0.000563	22.0
754	-1.012286	0.000000	0.159965	0.000642	22.0
755	-1.011495	0.000000	0.159965	0.000758	22.1
756	-1.011336	0.000000	0.159965	0.000548	22.0
757	-1.011807	0.000000	0.159965	0.000479	22.0
758	-1.011939	0.000000	0.159965	0.000397	22.0
759	-1.011152	0.000000	0.159965	0.000454	22.2
760	-1.012021	0.000000	0.159965	0.000329	22.0
761	-1.011635	0.000000	0.159965	0.000589	22.2
762	-1.011403	0.000000	0.159965	0.000740	22.2
763	-1.011451	0.000000	0.159965	0.000519	22.1
764	-1.011719	0.000000	0.159965	0.000629	22.0
765	-1.011381	0.000000	0.159965	0.000526	22.0
766	-1.011430	0.000000	0.159965	0.000713	22.1
767	-1.011898	0.000000	0.159965	0.000461	22.2
768	-1.011385	0.000000	0.159965	0.000579	22.0
769	-1.011648	0.000000	0.159965	0.000529	22.1
770	-1.011604	0.000000	0.159965	0.000544	22.0
771	-1.011441	0.000000	0.159965	0.000888	22.1
772	-1.011504	0.000000	0.159965	0.000524	22.1
773	-1.011383	0.000000	0.159965	0.000645	22.2
774	-1.011785	0.000000	0.159965	0.000663	22.0
775	-1.011049	0.000000	0.159965	0.000565	22.1
776	-1.011288	0.000000	0.159965	0.000540	22.1
777	-1.011124	0.000000	0.159965	0.000559	22.1
778	-1.011223	0.000000	0.159965	0.000705	22.0
779	-1.011277	0.000000	0.159965	0.000491	22.1
780	-1.011535	0.000000	0.159965	0.000371	22.3
781	-1.011544	0.000000	0.159965	0.000452	22.2
782	-1.011732	0.000000	0.159965	0.000458	22.5
783	-1.011836	0.000000	0.159965	0.000429	22.2
784	-1.011394	0.000000	0.159965	0.000530	22.0
785	-1.010785	0.000000	0.159965	0.000533	22.0
786	-1.010961	0.000000	0.159965	0.000530	22.1
787	-1.011796	0.000000	0.159965	0.000493	22.1
788	-1.011170	0.000000	0.159965	0.000444	22.1
789	-1.010795	0.000000	0.159965	0.000444	22.3
790	-1.011730	0.000000	0.159965	0.000455	22.2
791	-1.011472	0.000000	0.159965	0.000634	22.2
792	-1.011239	0.000000	0.159965	0.000675	22.1
793	-1.011366	0.000000	0.159965	0.000707	22.1
794	-1.011260	0.000000	0.159965	0.000419	22.1
795	-1.011645	0.000000	0.159965	0.000868	22.1
796	-1.011364	0.000000	0.159965	0.000716	22.1
797	-1.011366	0.000000	0.159965	0.000445	22.0
798	-1.011473	0.000000	0.159965	0.000522	22.2
799	-1.011506	0.000000	0.159965	0.000510	22.1
800	-1.011465	0.000000	0.159965	0.000553	22.1
801	-1.011655	0.000000	0.159965	0.000415	22.0
802	-1.011436	0.000000	0.159965	0.000849	22.2
803	-1.010835	0.000000	0.159965	0.000476	22.2
804	-1.011008	0.000000	0.159965	0.000501	22.1
805	-1.011495	0.000000	0.159965	0.000474	22.3
806	-1.011670	0.000000	0.159965	0.000729	22.2
807	-1.011413	0.000000	0.159965	0.000626	22.2
808	-1.011615	0.000000	0.159965	0.000640	22.4
809	-1.011659	0.000000	0.159965	0.000762	22.0
810	-1.011658	0.000000	0.159965	0.000424	22.1
811	-1.011371	0.000000	0.159965	0.000583	22.4
812	-1.012049	0.000000	0.159965	0.000634	22.3
813	-1.011498	0.000000	0.159965	0.000382	22.2
814	-1.011142	0.000000	0.159965	0.000569	22.1
815	-1.011504	0.000000	0.159965	0.000638	22.1
816	-1.011350	0.000000	0.159965	0.000592	22.2
817	-1.011493	0.000000	0.159965	0.000622	22.2
818	-1.011774	0.000000	0.159965	0.000602	22.2
819	-1.011251	0.000000	0.159965	0.000522	22.1
820	-1.011422	0.000000	0.159965	0.000625	22.1
821	-1.011554	0.000000	0.159965	0.000658	22.1
822	-1.011431	0.000000	0.159965	0.000518	22.1
823	-1.011608	0.000000	0.159965	0.000430	22.0
824	-1.011210	0.000000	0.159965	0.000685	22.1
825	-1.011381	0.000000	0.159965	0.000674	22.2
826	-1.011182	0.000000	0.159965	0.000544	22.1
827	-1.011945	0.000000	0.159965	0.000567	22.1
828	-1.011956	0.000000	0.159965	0.000504	22.3
829	-1.011581	0.000000	0.159965	0.000515	22.1
830	-1.011141	0.000000	0.159965	0.000518	22.1
831	-1.011677	0.000000	0.159965	0.000356	22.0
832	-1.011231	0.000000	0.159965	0.000579	22.0
833	-1.011072	0.000000	0.159965	0.000678	22.1
834	-1.011611	0.000000	0.159965	0.000788	22.2
835	-1.011620	0.000000	0.159965	0.000565	22.1
836	-1.011549	0.000000	0.159965	0.000581	22.2
837	-1.011842	0.000000	0.159965	0.000686	22.0
838	-1.011149	0.000000	0.159965	0.000675	22.2
839	-1.011059	0.000000	0.159965	0.000760	22.2
840	-1.011483	0.000000	0.159965	0.000620	22.1
841	-1.011385	0.000000	0.159965	0.000704	22.1
842	-1.011510	0.000000	0.159965	0.000778	22.1
843	-1.011212	0.000000	0.159965	0.000614	22.1
844	-1.011303	0.000000	0.159965	0.000561	22.0
845	-1.011589	0.000000	0.159965	0.000540	22.1
846	-1.011448	0.000000	0.159965	0.000588	22.0
847	-1.011741	0.000000	0.159965	0.000430	22.3
848	-1.011151	0.000000	0.159965	0.000442	22.2
849	-1.011447	0.000000	0.159965	0.000480	22.0
850	-1.011561	0.000000	0.159965	0.000509	22.0
851	-1.011707	0.000000	0.159965	0.000750	22.2
852	-1.011554	0.000000	0.159965	0.000510	22.3
853	-1.011504	0.000000	0.159965	0.000492	22.2
854	-1.011656	0.000000	0.159965	0.000320	22.3
855	-1.011531	0.000000	0.159965	0.000742	22.1
856	-1.011282	0.000000	0.159965	0.000494	22.2
857	-1.011574	0.000000	0.159965	0.000664	22.2
858	-1.011480	0.000000	0.159965	0.000510	22.1
859	-1.011566	0.000000	0.159965	0.000431	22.2
860	-1.011665	0.000000	0.159965	0.000428	22.0
861	-1.011284	0.000000	0.159965	0.000677	22.2
862	-1.011944	0.000000	0.159965	0.000787	22.2
863	-1.011280	0.000000	0.159965	0.000498	22.1
864	-1.011378	0.000000	0.159965	0.000524	22.1
865	-1.011333	0.000000	0.159965	0.000658	22.1
866	-1.011203	0.000000	0.159965	0.000672	22.2
867	-1.011290	0.000000	0.159965	0.000532	22.0
868	-1.011097	0.000000	0.159965	0.000562	22.0
869	-1.011439	0.000000	0.159965	0.000779	22.0
870	-1.011130	0.000000	0.159965	0.000417	22.1
871	-1.011988	0.000000	0.159965	0.000550	22.2
872	-1.011414	0.000000	0.159965	0.000584	22.2
873	-1.011247	0.000000	0.159965	0.000763	22.0
874	-1.011440	0.000000	0.159965	0.000704	22.1
875	-1.011778	0.000000	0.159965	0.000537	22.0
876	-1.011160	0.000000	0.159965	0.000499	22.0
877	-1.011029	0.000000	0.159965	0.000753	22.0
878	-1.011211	0.000000	0.159965	0.000541	22.0
879	-1.011481	0.000000	0.159965	0.000457	22.0
880	-1.011590	0.000000	0.159965	0.000732	44.9
881	-1.011267	0.000000	0.159965	0.000444	25.6
882	-1.011154	0.000000	0.159965	0.000479	22.1
883	-1.011381	0.000000	0.159965	0.000483	22.2
884	-1.011817	0.000000	0.159965	0.000676	22.1
885	-1.011345	0.000000	0.159965	0.000476	21.9
886	-1.011123	0.000000	0.159965	0.000675	22.0
887	-1.011404	0.000000	0.159965	0.000426	22.0
888	-1.011098	0.000000	0.159965	0.000459	22.0
889	-1.011326	0.000000	0.159965	0.000381	22.1
890	-1.011420	0.000000	0.159965	0.000478	22.1
891	-1.010855	0.000000	0.159965	0.000655	22.0
892	-1.010696	0.000000	0.159965	0.000471	22.1
893	-1.011591	0.000000	0.159965	0.000536	22.1
894	-1.011225	0.000000	0.159965	0.000398	22.1
895	-1.011701	0.000000	0.159965	0.000881	22.0
896	-1.011525	0.000000	0.159965	0.000559	22.3
897	-1.011275	0.000000	0.159965	0.000601	22.2
898	-1.011112	0.000000	0.159965	0.000519	22.0
899	-1.011302	0.000000	0.159965	0.000616	22.0
900	-1.011933	0.000000	0.159965	0.000622	22.1
901	-1.011401	0.000000	0.159965	0.000590	22.0
902	-1.011786	0.000000	0.159965	0.000628	22.1
903	-1.011729	0.000000	0.159965	0.000570	22.0
904	-1.011199	0.000000	0.159965	0.000619	22.0
905	-1.011663	0.000000	0.159965	0.000430	22.0
906	-1.011377	0.000000	0.159965	0.000353	22.0
907	-1.011058	0.000000	0.159965	0.000716	22.0
908	-1.011510	0.000000	0.159965	0.000385	22.0
909	-1.011747	0.000000	0.159965	0.000490	22.0
910	-1.012193	0.000000	0.159965	0.000635	22.0
911	-1.011838	0.000000	0.159965	0.000691	22.0
912	-1.011385	0.000000	0.159965	0.000586	21.9
913	-1.011685	0.000000	0.159965	0.000498	22.0
914	-1.011258	0.000000	0.159965	0.000550	22.0
915	-1.011911	0.000000	0.159965	0.000641	22.2
916	-1.011832	0.000000	0.159965	0.000799	22.1
917	-1.011183	0.000000	0.159965	0.000538	22.0
918	-1.011090	0.000000	0.159965	0.000462	21.9
919	-1.012095	0.000000	0.159965	0.000495	22.2
920	-1.011189	0.000000	0.159965	0.000593	22.0
921	-1.011384	0.000000	0.159965	0.000471	22.0
922	-1.011275	0.000000	0.159965	0.000306	21.9
923	-1.011359	0.000000	0.159965	0.000332	22.0
924	-1.011601	0.000000	0.159965	0.000675	22.0
925	-1.011399	0.000000	0.159965	0.000595	22.1
926	-1.012072	0.000000	0.159965	0.000515	22.1
927	-1.011699	0.000000	0.159965	0.000548	22.2
928	-1.011613	0.000000	0.159965	0.000680	22.0
929	-1.011468	0.000000	0.159965	0.000524	22.0
930	-1.011284	0.000000	0.159965	0.000598	22.0
931	-1.011273	0.000000	0.159965	0.000448	22.2
932	-1.011466	0.000000	0.159965	0.000515	21.9
933	-1.012062	0.000000	0.159965	0.000559	22.0
934	-1.011466	0.000000	0.159965	0.000564	21.9
935	-1.011959	0.000000	0.159965	0.000385	22.0
936	-1.011168	0.000000	0.159965	0.000625	21.9
937	-1.011804	0.000000	0.159965	0.000344	22.0
938	-1.011226	0.000000	0.159965	0.000716	22.0
939	-1.011122	0.000000	0.159965	0.000577	22.1
940	-1.011453	0.000000	0.159965	0.000661	21.9
941	-1.011635	0.000000	0.159965	0.000510	22.1
942	-1.011628	0.000000	0.159965	0.000512	22.3
943	-1.011538	0.000000	0.159965	0.000756	22.0
944	-1.011689	0.000000	0.159965	0.000390	22.0
945	-1.011457	0.000000	0.159965	0.000791	22.1
946	-1.011513	0.000000	0.159965	0.000516	21.9
947	-1.011595	0.000000	0.159965	0.000520	21.9
948	-1.011634	0.000000	0.159965	0.000724	22.1
949	-1.011573	0.000000	0.159965	0.000515	22.0
950	-1.011483	0.000000	0.159965	0.000667	21.9
951	-1.011139	0.000000	0.159965	0.000535	22.1
952	-1.011540	0.000000	0.159965	0.000676	22.0
953	-1.011456	0.000000	0.159965	0.000458	22.0
954	-1.011349	0.000000	0.159965	0.000661	22.3
955	-1.011175	0.000000	0.159965	0.000420	22.1
956	-1.011391	0.000000	0.159965	0.000645	22.1
957	-1.011337	0.000000	0.159965	0.000433	21.9
958	-1.011732	0.000000	0.159965	0.000576	21.9
959	-1.011593	0.000000	0.159965	0.000594	22.0
960	-1.011658	0.000000	0.159965	0.001067	22.2
961	-1.011789	0.000000	0.159965	0.000460	22.0
962	-1.011342	0.000000	0.159965	0.000505	22.1
963	-1.011591	0.000000	0.159965	0.000631	22.0
964	-1.011956	0.000000	0.159965	0.000515	22.0
965	-1.011766	0.000000	0.159965	0.000480	22.2
966	-1.012043	0.000000	0.159965	0.000809	22.0
967	-1.011578	0.000000	0.159965	0.000936	21.9
968	-1.011267	0.000000	0.159965	0.000681	22.3
969	-1.011591	0.000000	0.159965	0.000456	22.1
970	-1.011604	0.000000	0.159965	0.000654	22.0
971	-1.011414	0.000000	0.159965	0.000585	22.1
972	-1.011720	0.000000	0.159965	0.000566	22.1
973	-1.011600	0.000000	0.159965	0.000374	22.2
974	-1.011420	0.000000	0.159965	0.000628	22.1
975	-1.011384	0.000000	0.159965	0.000653	22.1
976	-1.011355	0.000000	0.159965	0.000547	21.9
977	-1.011266	0.000000	0.159965	0.000580	22.1
978	-1.011479	0.000000	0.159965	0.000600	22.1
979	-1.011436	0.000000	0.159965	0.000417	22.0
980	-1.011326	0.000000	0.159965	0.000560	22.1
981	-1.011266	0.000000	0.159965	0.000447	21.9
982	-1.011768	0.000000	0.159965	0.000714	22.0
983	-1.011477	0.000000	0.159965	0.000309	22.1
984	-1.011362	0.000000	0.159965	0.000491	22.1
985	-1.011387	0.000000	0.159965	0.000414	22.2
986	-1.011765	0.000000	0.159965	0.000562	22.2
987	-1.011126	0.000000	0.159965	0.000629	22.0
988	-1.011504	0.000000	0.159965	0.000397	22.5
989	-1.011674	0.000000	0.159965	0.000595	22.1
990	-1.011170	0.000000	0.159965	0.000600	21.9
991	-1.011837	0.000000	0.159965	0.000558	22.3
992	-1.011489	0.000000	0.159965	0.000552	21.9
993	-1.011352	0.000000	0.159965	0.000585	22.0
994	-1.011630	0.000000	0.159965	0.000727	21.9
995	-1.011636	0.000000	0.159965	0.000634	22.0
996	-1.011333	0.000000	0.159965	0.000612	21.9
997	-1.011145	0.000000	0.159965	0.000288	22.1
998	-1.011600	0.000000	0.159965	0.000716	22.1
999	-1.011674	0.000000	0.159965	0.000532	22.0
