1:ItNr	2:Metric	3a:Time	3b:StepSize	4:||Gradient||	Time[ms]
0	-1.010925	0.000000	0.159965	0.000923	99.6
1	-1.010631	0.000000	0.159965	0.000953	34.6
2	-1.010960	0.000000	0.159965	0.001263	34.3
3	-1.011314	0.000000	0.159965	0.000808	34.1
4	-1.010426	0.000000	0.159965	0.001062	34.8
5	-1.010748	0.000000	0.159965	0.000978	34.2
6	-1.010817	0.000000	0.159965	0.000852	33.7
7	-1.011265	0.000000	0.159965	0.000996	33.7
8	-1.011111	0.000000	0.159965	0.001091	32.9
9	-1.011252	0.000000	0.159965	0.001074	32.0
10	-1.010651	0.000000	0.159965	0.000950	32.1
11	-1.010561	0.000000	0.159965	0.000942	32.2
12	-1.011269	0.000000	0.159965	0.000969	31.7
13	-1.011295	0.000000	0.159965	0.001008	31.5
14	-1.011100	0.000000	0.159965	0.001299	31.7
15	-1.010998	0.000000	0.159965	0.000962	31.6
16	-1.010878	0.000000	0.159965	0.000891	31.8
17	-1.010951	0.000000	0.159965	0.000923	31.9
18	-1.010639	0.000000	0.159965	0.001017	31.5
19	-1.010747	0.000000	0.159965	0.000837	32.4
20	-1.010764	0.000000	0.159965	0.001013	32.5
21	-1.011253	0.000000	0.159965	0.000742	32.0
22	-1.011664	0.000000	0.159965	0.000647	32.0
23	-1.011065	0.000000	0.159965	0.000957	32.3
24	-1.011104	0.000000	0.159965	0.000904	31.9
25	-1.011279	0.000000	0.159965	0.001001	31.6
26	-1.011012	0.000000	0.159965	0.000818	31.6
27	-1.010982	0.000000	0.159965	0.000990	31.9
28	-1.011162	0.000000	0.159965	0.001208	31.7
29	-1.010950	0.000000	0.159965	0.000942	31.6
30	-1.011232	0.000000	0.159965	0.001176	31.5
31	-1.010513	0.000000	0.159965	0.000860	31.5
32	-1.011127	0.000000	0.159965	0.001203	31.8
33	-1.011194	0.000000	0.159965	0.001138	31.8
34	-1.010864	0.000000	0.159965	0.001269	31.7
35	-1.011334	0.000000	0.159965	0.001248	32.2
36	-1.010718	0.000000	0.159965	0.000898	31.9
37	-1.011262	0.000000	0.159965	0.000768	31.6
38	-1.010997	0.000000	0.159965	0.000830	31.7
39	-1.011254	0.000000	0.159965	0.001060	31.7
40	-1.011013	0.000000	0.159965	0.000959	31.6
41	-1.011143	0.000000	0.159965	0.000689	31.6
42	-1.010333	0.000000	0.159965	0.000951	31.6
43	-1.011007	0.000000	0.159965	0.000851	31.9
44	-1.011031	0.000000	0.159965	0.001101	31.7
45	-1.011186	0.000000	0.159965	0.000912	31.6
46	-1.011015	0.000000	0.159965	0.000833	31.7
47	-1.011129	0.000000	0.159965	0.000804	31.8
48	-1.011163	0.000000	0.159965	0.000795	31.7
49	-1.010701	0.000000	0.159965	0.000931	32.0
50	-1.010797	0.000000	0.159965	0.000823	32.0
51	-1.011421	0.000000	0.159965	0.000835	32.7
52	-1.010927	0.000000	0.159965	0.001365	32.1
53	-1.011031	0.000000	0.159965	0.001012	31.8
54	-1.010867	0.000000	0.159965	0.001200	31.8
55	-1.010724	0.000000	0.159965	0.000785	31.7
56	-1.010526	0.000000	0.159965	0.000975	31.7
57	-1.010969	0.000000	0.159965	0.001004	31.6
58	-1.011395	0.000000	0.159965	0.000883	31.6
59	-1.010743	0.000000	0.159965	0.000942	31.9
60	-1.011014	0.000000	0.159965	0.000666	31.7
61	-1.011384	0.000000	0.159965	0.000975	31.5
62	-1.010829	0.000000	0.159965	0.001047	31.6
63	-1.011262	0.000000	0.159965	0.001050	31.5
64	-1.011034	0.000000	0.159965	0.000754	31.9
65	-1.011246	0.000000	0.159965	0.000956	32.0
66	-1.010570	0.000000	0.159965	0.000886	31.7
67	-1.011250	0.000000	0.159965	0.001126	32.0
68	-1.011411	0.000000	0.159965	0.001152	32.0
69	-1.011063	0.000000	0.159965	0.001128	31.6
70	-1.010845	0.000000	0.159965	0.000829	31.7
71	-1.011156	0.000000	0.159965	0.000871	31.6
72	-1.011403	0.000000	0.159965	0.000702	31.8
73	-1.010773	0.000000	0.159965	0.001109	31.7
74	-1.010561	0.000000	0.159965	0.000902	31.8
75	-1.011253	0.000000	0.159965	0.000845	32.3
76	-1.011034	0.000000	0.159965	0.000865	32.1
77	-1.010963	0.000000	0.159965	0.000987	31.8
78	-1.011374	0.000000	0.159965	0.000854	31.6
79	-1.010639	0.000000	0.159965	0.000843	31.5
80	-1.011020	0.000000	0.159965	0.000985	31.5
81	-1.011159	0.000000	0.159965	0.001000	31.7
82	-1.010838	0.000000	0.159965	0.000918	32.1
83	-1.011059	0.000000	0.159965	0.000913	32.3
84	-1.011037	0.000000	0.159965	0.000883	32.2
85	-1.010566	0.000000	0.159965	0.000954	31.9
86	-1.010982	0.000000	0.159965	0.000928	31.7
87	-1.010950	0.000000	0.159965	0.000805	31.6
88	-1.011161	0.000000	0.159965	0.001031	31.6
89	-1.010932	0.000000	0.159965	0.000874	31.5
90	-1.010949	0.000000	0.159965	0.000857	31.5
91	-1.010953	0.000000	0.159965	0.000914	31.8
92	-1.010732	0.000000	0.159965	0.000736	31.8
93	-1.011247	0.000000	0.159965	0.000809	31.6
94	-1.011206	0.000000	0.159965	0.001212	31.6
95	-1.011453	0.000000	0.159965	0.001025	31.7
96	-1.010932	0.000000	0.159965	0.001268	32.0
97	-1.011355	0.000000	0.159965	0.001187	31.9
98	-1.011663	0.000000	0.159965	0.000925	31.7
99	-1.011231	0.000000	0.159965	0.000845	32.2
100	-1.010714	0.000000	0.159965	0.000793	32.1
101	-1.011149	0.000000	0.159965	0.000904	31.7
102	-1.010704	0.000000	0.159965	0.000802	31.7
103	-1.011148	0.000000	0.159965	0.001225	31.5
104	-1.011281	0.000000	0.159965	0.001017	31.4
105	-1.010649	0.000000	0.159965	0.000925	31.4
106	-1.011448	0.000000	0.159965	0.000818	31.6
107	-1.010626	0.000000	0.159965	0.000689	32.0
108	-1.010668	0.000000	0.159965	0.000917	31.9
109	-1.011490	0.000000	0.159965	0.001180	31.6
110	-1.011236	0.000000	0.159965	0.001015	31.5
111	-1.010682	0.000000	0.159965	0.001070	31.8
112	-1.010836	0.000000	0.159965	0.000708	31.5
113	-1.010941	0.000000	0.159965	0.001141	32.0
114	-1.011072	0.000000	0.159965	0.001090	32.3
115	-1.011380	0.000000	0.159965	0.001027	32.4
116	-1.011150	0.000000	0.159965	0.001064	32.1
117	-1.010980	0.000000	0.159965	0.001238	31.9
118	-1.011174	0.000000	0.159965	0.000811	31.6
119	-1.011216	0.000000	0.159965	0.000787	31.5
120	-1.010971	0.000000	0.159965	0.000988	31.3
121	-1.010850	0.000000	0.159965	0.000796	31.6
122	-1.010669	0.000000	0.159965	0.000880	31.9
123	-1.011112	0.000000	0.159965	0.000981	32.1
124	-1.011082	0.000000	0.159965	0.000867	32.0
125	-1.010718	0.000000	0.159965	0.000870	32.1
126	-1.010569	0.000000	0.159965	0.000942	31.7
127	-1.010922	0.000000	0.159965	0.001007	31.5
128	-1.011178	0.000000	0.159965	0.001306	31.6
129	-1.011223	0.000000	0.159965	0.001150	31.6
130	-1.011277	0.000000	0.159965	0.000979	31.4
131	-1.011106	0.000000	0.159965	0.000961	31.9
132	-1.011036	0.000000	0.159965	0.000997	32.3
133	-1.011049	0.000000	0.159965	0.001004	31.9
134	-1.010961	0.000000	0.159965	0.000737	31.6
135	-1.011064	0.000000	0.159965	0.000998	31.5
136	-1.011090	0.000000	0.159965	0.000816	31.9
137	-1.011143	0.000000	0.159965	0.001049	31.6
138	-1.011500	0.000000	0.159965	0.001136	31.6
139	-1.011409	0.000000	0.159965	0.001079	32.0
140	-1.010974	0.000000	0.159965	0.000988	31.8
141	-1.010626	0.000000	0.159965	0.000880	31.6
142	-1.011164	0.000000	0.159965	0.000772	31.9
143	-1.010801	0.000000	0.159965	0.000987	31.6
144	-1.010776	0.000000	0.159965	0.001069	31.8
145	-1.011592	0.000000	0.159965	0.000862	32.2
146	-1.011183	0.000000	0.159965	0.000893	35.6
147	-1.011115	0.000000	0.159965	0.000878	33.1
148	-1.011271	0.000000	0.159965	0.000879	32.7
149	-1.010673	0.000000	0.159965	0.000806	31.9
150	-1.011139	0.000000	0.159965	0.000817	31.8
151	-1.011280	0.000000	0.159965	0.000777	31.6
152	-1.011057	0.000000	0.159965	0.001128	31.7
153	-1.010693	0.000000	0.159965	0.000918	31.6
154	-1.011117	0.000000	0.159965	0.000806	31.6
155	-1.011176	0.000000	0.159965	0.000747	31.8
156	-1.010943	0.000000	0.159965	0.000905	31.7
157	-1.010922	0.000000	0.159965	0.000980	31.8
158	-1.010415	0.000000	0.159965	0.000899	31.9
159	-1.011326	0.000000	0.159965	0.001156	31.6
160	-1.011155	0.000000	0.159965	0.000796	31.6
161	-1.010793	0.000000	0.159965	0.001035	31.6
162	-1.011117	0.000000	0.159965	0.001058	31.5
163	-1.010823	0.000000	0.159965	0.000976	31.9
164	-1.011606	0.000000	0.159965	0.000976	32.1
165	-1.012077	0.000000	0.159965	0.000985	31.7
166	-1.010897	0.000000	0.159965	0.000852	31.5
167	-1.010753	0.000000	0.159965	0.000817	31.6
168	-1.011319	0.000000	0.159965	0.001118	31.4
169	-1.011411	0.000000	0.159965	0.001294	31.5
170	-1.011092	0.000000	0.159965	0.000754	31.7
171	-1.011077	0.000000	0.159965	0.000973	32.0
172	-1.011020	0.000000	0.159965	0.000969	32.1
173	-1.011023	0.000000	0.159965	0.000796	32.1
174	-1.011118	0.000000	0.159965	0.001010	31.8
175	-1.011334	0.000000	0.159965	0.000878	32.0
176	-1.011100	0.000000	0.159965	0.000815	32.0
177	-1.011339	0.000000	0.159965	0.000880	32.6
178	-1.010674	0.000000	0.159965	0.000982	32.0
179	-1.010937	0.000000	0.159965	0.000869	32.3
180	-1.010379	0.000000	0.159965	0.001000	32.2
181	-1.011205	0.000000	0.159965	0.000935	31.6
182	-1.010452	0.000000	0.159965	0.000988	31.5
183	-1.011390	0.000000	0.159965	0.000904	31.7
184	-1.010607	0.000000	0.159965	0.001020	31.5
185	-1.011170	0.000000	0.159965	0.000925	31.5
186	-1.011209	0.000000	0.159965	0.000851	31.6
187	-1.011068	0.000000	0.159965	0.000980	31.7
188	-1.011183	0.000000	0.159965	0.001018	31.9
189	-1.011037	0.000000	0.159965	0.000909	31.8
190	-1.010933	0.000000	0.159965	0.000780	31.7
191	-1.010874	0.000000	0.159965	0.001217	31.6
192	-1.010974	0.000000	0.159965	0.001077	31.6
193	-1.011177	0.000000	0.159965	0.000821	31.6
194	-1.010998	0.000000	0.159965	0.000775	31.5
195	-1.011135	0.000000	0.159965	0.001106	31.9
196	-1.010724	0.000000	0.159965	0.001089	32.0
197	-1.011220	0.000000	0.159965	0.000646	31.6
198	-1.011067	0.000000	0.159965	0.000737	32.0
199	-1.011103	0.000000	0.159965	0.001391	31.7
200	-1.010716	0.000000	0.159965	0.001052	31.8
201	-1.011175	0.000000	0.159965	0.001087	32.0
202	-1.011385	0.000000	0.159965	0.000975	31.8
203	-1.010792	0.000000	0.159965	0.000763	31.9
204	-1.011103	0.000000	0.159965	0.001054	31.9
205	-1.011122	0.000000	0.159965	0.000905	31.7
206	-1.011539	0.000000	0.159965	0.000902	31.5
207	-1.011095	0.000000	0.159965	0.000968	31.8
208	-1.011041	0.000000	0.159965	0.000892	32.2
209	-1.010816	0.000000	0.159965	0.000717	31.8
210	-1.011001	0.000000	0.159965	0.001118	31.7
211	-1.011047	0.000000	0.159965	0.001025	32.2
212	-1.011423	0.000000	0.159965	0.001014	32.0
213	-1.011413	0.000000	0.159965	0.000802	31.8
214	-1.011140	0.000000	0.159965	0.001116	31.6
215	-1.011535	0.000000	0.159965	0.000983	31.5
216	-1.011081	0.000000	0.159965	0.000945	31.6
217	-1.011582	0.000000	0.159965	0.000893	31.8
218	-1.011375	0.000000	0.159965	0.000796	31.4
219	-1.010790	0.000000	0.159965	0.000884	31.7
220	-1.010429	0.000000	0.159965	0.000797	31.8
221	-1.010937	0.000000	0.159965	0.000814	31.7
222	-1.011168	0.000000	0.159965	0.001149	31.8
223	-1.010823	0.000000	0.159965	0.001011	32.3
224	-1.010911	0.000000	0.159965	0.001088	31.9
225	-1.010934	0.000000	0.159965	0.001127	32.0
226	-1.011075	0.000000	0.159965	0.000841	31.7
227	-1.010617	0.000000	0.159965	0.000943	32.5
228	-1.010234	0.000000	0.159965	0.001093	32.1
229	-1.011183	0.000000	0.159965	0.001235	31.7
230	-1.010844	0.000000	0.159965	0.000766	31.5
231	-1.010647	0.000000	0.159965	0.000726	31.5
232	-1.010692	0.000000	0.159965	0.001170	31.7
233	-1.011291	0.000000	0.159965	0.000937	31.5
234	-1.011069	0.000000	0.159965	0.001109	31.6
235	-1.011206	0.000000	0.159965	0.000610	32.8
236	-1.011128	0.000000	0.159965	0.000811	32.3
237	-1.011320	0.000000	0.159965	0.000683	32.0
238	-1.011206	0.000000	0.159965	0.001114	31.8
239	-1.011193	0.000000	0.159965	0.001116	32.6
240	-1.011013	0.000000	0.159965	0.000972	32.1
241	-1.011277	0.000000	0.159965	0.000903	31.8
242	-1.010805	0.000000	0.159965	0.000746	31.9
243	-1.010583	0.000000	0.159965	0.000876	32.4
244	-1.010839	0.000000	0.159965	0.000786	32.4
245	-1.010567	0.000000	0.159965	0.001010	51.8
246	-1.011123	0.000000	0.159965	0.001094	48.0
247	-1.011672	0.000000	0.159965	0.000959	32.3
248	-1.011597	0.000000	0.159965	0.000899	32.7
249	-1.011127	0.000000	0.159965	0.000987	32.2
250	-1.010654	0.000000	0.159965	0.001157	32.2
251	-1.011071	0.000000	0.159965	0.001038	32.4
252	-1.011053	0.000000	0.159965	0.001029	31.8
253	-1.010426	0.000000	0.159965	0.000773	31.9
254	-1.010815	0.000000	0.159965	0.000753	31.8
255	-1.010914	0.000000	0.159965	0.000951	31.9
256	-1.011558	0.000000	0.159965	0.000771	32.1
257	-1.011263	0.000000	0.159965	0.000859	32.0
258	-1.010738	0.000000	0.159965	0.000980	58.0
259	-1.011295	0.000000	0.159965	0.000998	40.1
260	-1.011109	0.000000	0.159965	0.000794	31.6
261	-1.011072	0.000000	0.159965	0.000899	32.1
262	-1.010658	0.000000	0.159965	0.000938	31.8
263	-1.010650	0.000000	0.159965	0.000932	31.6
264	-1.010742	0.000000	0.159965	0.000893	31.8
265	-1.010494	0.000000	0.159965	0.000889	31.8
266	-1.010958	0.000000	0.159965	0.001221	31.6
267	-1.010998	0.000000	0.159965	0.000808	31.9
268	-1.011194	0.000000	0.159965	0.000972	32.0
269	-1.010498	0.000000	0.159965	0.000886	32.0
270	-1.011147	0.000000	0.159965	0.000920	31.8
271	-1.011010	0.000000	0.159965	0.000974	32.1
272	-1.010701	0.000000	0.159965	0.000822	32.0
273	-1.010722	0.000000	0.159965	0.000932	31.8
274	-1.010838	0.000000	0.159965	0.000795	31.9
275	-1.011145	0.000000	0.159965	0.000974	31.9
276	-1.010970	0.000000	0.159965	0.001005	31.7
277	-1.010933	0.000000	0.159965	0.000677	32.0
278	-1.010765	0.000000	0.159965	0.001147	32.1
279	-1.011253	0.000000	0.159965	0.001026	31.6
280	-1.011523	0.000000	0.159965	0.000847	31.7
281	-1.010698	0.000000	0.159965	0.000759	31.8
282	-1.011159	0.000000	0.159965	0.000884	31.5
283	-1.011468	0.000000	0.159965	0.001127	31.5
284	-1.011310	0.000000	0.159965	0.000707	31.4
285	-1.011175	0.000000	0.159965	0.000895	31.6
286	-1.011413	0.000000	0.159965	0.001026	32.1
287	-1.010946	0.000000	0.159965	0.000844	31.9
288	-1.011125	0.000000	0.159965	0.000743	31.7
289	-1.010686	0.000000	0.159965	0.001059	31.4
290	-1.010764	0.000000	0.159965	0.001088	31.7
291	-1.011193	0.000000	0.159965	0.001090	31.7
292	-1.010418	0.000000	0.159965	0.000644	31.5
293	-1.011118	0.000000	0.159965	0.001066	32.1
294	-1.011421	0.000000	0.159965	0.000990	32.0
295	-1.011145	0.000000	0.159965	0.000961	31.9
296	-1.010995	0.000000	0.159965	0.001056	31.8
297	-1.011028	0.000000	0.159965	0.000887	31.9
298	-1.011186	0.000000	0.159965	0.001021	31.8
299	-1.011603	0.000000	0.159965	0.001047	32.1
300	-1.010951	0.000000	0.159965	0.000832	32.0
301	-1.010983	0.000000	0.159965	0.000914	32.0
302	-1.011254	0.000000	0.159965	0.000883	32.0
303	-1.011409	0.000000	0.159965	0.000994	31.6
304	-1.010983	0.000000	0.159965	0.000826	31.8
305	-1.011396	0.000000	0.159965	0.000996	31.5
306	-1.011020	0.000000	0.159965	0.000998	31.5
307	-1.011002	0.000000	0.159965	0.001213	31.7
308	-1.010804	0.000000	0.159965	0.000853	31.7
309	-1.010796	0.000000	0.159965	0.000979	32.0
310	-1.010977	0.000000	0.159965	0.001020	31.9
311	-1.010870	0.000000	0.159965	0.000927	31.5
312	-1.010957	0.000000	0.159965	0.000767	31.7
313	-1.010689	0.000000	0.159965	0.000805	31.7
314	-1.011195	0.000000	0.159965	0.000870	31.8
315	-1.010893	0.000000	0.159965	0.000871	31.7
316	-1.010776	0.000000	0.159965	0.001152	31.5
317	-1.011082	0.000000	0.159965	0.001319	31.7
318	-1.011078	0.000000	0.159965	0.000972	31.9
319	-1.010890	0.000000	0.159965	0.000881	31.6
320	-1.011110	0.000000	0.159965	0.000964	31.5
321	-1.010599	0.000000	0.159965	0.000631	31.6
322	-1.010991	0.000000	0.159965	0.000719	31.8
323	-1.010622	0.000000	0.159965	0.001009	31.8
324	-1.011430	0.000000	0.159965	0.001092	31.9
325	-1.010854	0.000000	0.159965	0.000860	32.2
326	-1.010881	0.000000	0.159965	0.001206	32.4
327	-1.011227	0.000000	0.159965	0.000950	31.9
328	-1.011473	0.000000	0.159965	0.000777	31.7
329	-1.011150	0.000000	0.159965	0.001103	31.5
330	-1.011117	0.000000	0.159965	0.000945	32.2
331	-1.011078	0.000000	0.159965	0.001144	32.2
332	-1.011061	0.000000	0.159965	0.001082	32.8
333	-1.011310	0.000000	0.159965	0.000997	32.5
334	-1.010555	0.000000	0.159965	0.000889	32.1
335	-1.011018	0.000000	0.159965	0.001010	31.8
336	-1.011063	0.000000	0.159965	0.000923	31.5
337	-1.011127	0.000000	0.159965	0.000827	31.5
338	-1.011086	0.000000	0.159965	0.000821	31.5
339	-1.011206	0.000000	0.159965	0.000713	31.8
340	-1.011123	0.000000	0.159965	0.001039	31.7
341	-1.010999	0.000000	0.159965	0.001194	32.1
342	-1.010868	0.000000	0.159965	0.000953	32.0
343	-1.010611	0.000000	0.159965	0.000777	31.8
344	-1.011027	0.000000	0.159965	0.000799	31.7
345	-1.010791	0.000000	0.159965	0.000801	31.7
346	-1.011100	0.000000	0.159965	0.000979	31.5
347	-1.010802	0.000000	0.159965	0.001182	31.6
348	-1.011288	0.000000	0.159965	0.000663	31.8
349	-1.010885	0.000000	0.159965	0.001186	31.8
350	-1.010953	0.000000	0.159965	0.000550	32.0
351	-1.011060	0.000000	0.159965	0.001105	31.8
352	-1.010928	0.000000	0.159965	0.000985	31.6
353	-1.011033	0.000000	0.159965	0.001058	31.6
354	-1.010883	0.000000	0.159965	0.001023	31.5
355	-1.011372	0.000000	0.159965	0.001081	31.5
356	-1.011247	0.000000	0.159965	0.000999	31.5
357	-1.010835	0.000000	0.159965	0.001096	32.2
358	-1.010791	0.000000	0.159965	0.000762	32.2
359	-1.010778	0.000000	0.159965	0.001089	32.0
360	-1.011263	0.000000	0.159965	0.000991	32.0
361	-1.010617	0.000000	0.159965	0.000701	31.7
362	-1.010353	0.000000	0.159965	0.000950	32.1
363	-1.010617	0.000000	0.159965	0.000734	31.9
364	-1.011114	0.000000	0.159965	0.001105	31.9
365	-1.010995	0.000000	0.159965	0.001134	32.2
366	-1.011115	0.000000	0.159965	0.001120	32.0
367	-1.010844	0.000000	0.159965	0.000886	31.7
368	-1.010633	0.000000	0.159965	0.000795	31.8
369	-1.010774	0.000000	0.159965	0.000835	31.7
370	-1.011204	0.000000	0.159965	0.000786	31.7
371	-1.011197	0.000000	0.159965	0.000912	32.0
372	-1.010374	0.000000	0.159965	0.000724	31.7
373	-1.010855	0.000000	0.159965	0.000913	32.4
374	-1.010766	0.000000	0.159965	0.000973	32.2
375	-1.011139	0.000000	0.159965	0.000870	32.0
376	-1.011331	0.000000	0.159965	0.001368	31.6
377	-1.011089	0.000000	0.159965	0.001116	31.5
378	-1.010766	0.000000	0.159965	0.000936	31.5
379	-1.010960	0.000000	0.159965	0.000797	31.4
380	-1.011238	0.000000	0.159965	0.001011	31.3
381	-1.011343	0.000000	0.159965	0.000898	31.8
382	-1.011057	0.000000	0.159965	0.000994	31.8
383	-1.010763	0.000000	0.159965	0.001073	31.5
384	-1.011746	0.000000	0.159965	0.000949	31.6
385	-1.010701	0.000000	0.159965	0.000753	31.6
386	-1.010549	0.000000	0.159965	0.000910	31.4
387	-1.010616	0.000000	0.159965	0.000989	31.7
388	-1.011133	0.000000	0.159965	0.001081	31.6
389	-1.010931	0.000000	0.159965	0.001016	32.1
390	-1.010956	0.000000	0.159965	0.001030	32.1
391	-1.011062	0.000000	0.159965	0.001269	31.6
392	-1.011505	0.000000	0.159965	0.001066	31.7
393	-1.010460	0.000000	0.159965	0.000774	31.9
394	-1.011168	0.000000	0.159965	0.001050	32.2
395	-1.011202	0.000000	0.159965	0.000857	31.7
396	-1.011028	0.000000	0.159965	0.000789	31.9
397	-1.010660	0.000000	0.159965	0.000833	32.2
398	-1.011281	0.000000	0.159965	0.001043	32.2
399	-1.011291	0.000000	0.159965	0.000957	31.7
400	-1.011305	0.000000	0.159965	0.000910	31.9
401	-1.011014	0.000000	0.159965	0.001327	31.7
402	-1.011372	0.000000	0.159965	0.001092	31.5
403	-1.011208	0.000000	0.159965	0.000781	31.6
404	-1.011163	0.000000	0.159965	0.001173	31.7
405	-1.010956	0.000000	0.159965	0.000871	31.9
406	-1.010943	0.000000	0.159965	0.000787	32.0
407	-1.010597	0.000000	0.159965	0.001013	31.8
408	-1.011067	0.000000	0.159965	0.000892	31.5
409	-1.010779	0.000000	0.159965	0.000765	31.4
410	-1.011243	0.000000	0.159965	0.000915	31.6
411	-1.011439	0.000000	0.159965	0.001144	31.3
412	-1.010510	0.000000	0.159965	0.000809	31.6
413	-1.011298	0.000000	0.159965	0.000796	31.8
414	-1.010874	0.000000	0.159965	0.000936	31.9
415	-1.010785	0.000000	0.159965	0.000792	31.5
416	-1.011185	0.000000	0.159965	0.000683	31.7
417	-1.011270	0.000000	0.159965	0.000883	31.5
418	-1.011337	0.000000	0.159965	0.000817	31.5
419	-1.010879	0.000000	0.159965	0.000935	31.5
420	-1.011103	0.000000	0.159965	0.000878	31.6
421	-1.010895	0.000000	0.159965	0.001119	32.2
422	-1.010896	0.000000	0.159965	0.000858	32.0
423	-1.010905	0.000000	0.159965	0.001282	32.0
424	-1.010804	0.000000	0.159965	0.001015	32.2
425	-1.010818	0.000000	0.159965	0.001055	32.1
426	-1.011011	0.000000	0.159965	0.000739	32.2
427	-1.011429	0.000000	0.159965	0.001084	31.8
428	-1.011412	0.000000	0.159965	0.000920	31.6
429	-1.011843	0.000000	0.159965	0.000856	31.7
430	-1.011260	0.000000	0.159965	0.000844	31.6
431	-1.011360	0.000000	0.159965	0.000701	31.5
432	-1.010810	0.000000	0.159965	0.000742	31.6
433	-1.011113	0.000000	0.159965	0.000835	31.8
434	-1.011047	0.000000	0.159965	0.000886	31.5
435	-1.011015	0.000000	0.159965	0.000878	31.8
436	-1.011016	0.000000	0.159965	0.000720	31.7
437	-1.010735	0.000000	0.159965	0.000943	32.0
438	-1.011094	0.000000	0.159965	0.000918	32.2
439	-1.011028	0.000000	0.159965	0.000892	32.0
440	-1.011270	0.000000	0.159965	0.000864	31.6
441	-1.011461	0.000000	0.159965	0.000773	31.5
442	-1.011291	0.000000	0.159965	0.001253	31.6
443	-1.010579	0.000000	0.159965	0.001106	31.8
444	-1.011161	0.000000	0.159965	0.000793	31.7
445	-1.011244	0.000000	0.159965	0.001097	31.8
446	-1.010953	0.000000	0.159965	0.000860	31.7
447	-1.010564	0.000000	0.159965	0.000999	31.6
448	-1.011039	0.000000	0.159965	0.001007	31.6
449	-1.011285	0.000000	0.159965	0.000839	31.9
450	-1.011575	0.000000	0.159965	0.000966	31.6
451	-1.010825	0.000000	0.159965	0.000842	31.6
452	-1.011175	0.000000	0.159965	0.000849	31.7
453	-1.010994	0.000000	0.159965	0.000999	32.2
454	-1.010811	0.000000	0.159965	0.000804	32.0
455	-1.011239	0.000000	0.159965	0.000959	31.6
456	-1.011197	0.000000	0.159965	0.000761	31.9
457	-1.010625	0.000000	0.159965	0.000895	32.1
458	-1.010956	0.000000	0.159965	0.001042	31.9
459	-1.011135	0.000000	0.159965	0.001174	32.0
460	-1.010793	0.000000	0.159965	0.000873	31.7
461	-1.011044	0.000000	0.159965	0.001029	31.8
462	-1.011086	0.000000	0.159965	0.001022	31.7
463	-1.011126	0.000000	0.159965	0.000726	31.5
464	-1.010744	0.000000	0.159965	0.001017	31.5
465	-1.010889	0.000000	0.159965	0.000835	31.5
466	-1.011294	0.000000	0.159965	0.000621	31.5
467	-1.011151	0.000000	0.159965	0.000941	31.5
468	-1.011096	0.000000	0.159965	0.001153	31.6
469	-1.010872	0.000000	0.159965	0.000844	32.2
470	-1.010782	0.000000	0.159965	0.000892	32.5
471	-1.010710	0.000000	0.159965	0.000907	31.8
472	-1.011398	0.000000	0.159965	0.000976	31.5
473	-1.011424	0.000000	0.159965	0.001061	31.6
474	-1.011440	0.000000	0.159965	0.000975	31.8
475	-1.010751	0.000000	0.159965	0.000823	32.1
476	-1.010912	0.000000	0.159965	0.000958	31.8
477	-1.010849	0.000000	0.159965	0.000902	31.9
478	-1.011480	0.000000	0.159965	0.000999	31.7
479	-1.011244	0.000000	0.159965	0.000834	31.6
480	-1.010867	0.000000	0.159965	0.000947	31.3
481	-1.010661	0.000000	0.159965	0.000847	31.5
482	-1.010901	0.000000	0.159965	0.000781	31.5
483	-1.011154	0.000000	0.159965	0.001036	31.7
484	-1.011199	0.000000	0.159965	0.000807	31.6
485	-1.010945	0.000000	0.159965	0.000848	32.0
486	-1.011460	0.000000	0.159965	0.000484	32.3
487	-1.011097	0.000000	0.159965	0.001101	32.1
488	-1.010945	0.000000	0.159965	0.001112	32.0
489	-1.011041	0.000000	0.159965	0.000877	31.9
490	-1.011242	0.000000	0.159965	0.001100	32.1
491	-1.011194	0.000000	0.159965	0.000822	32.1
492	-1.011257	0.000000	0.159965	0.000936	31.6
493	-1.010865	0.000000	0.159965	0.000940	32.1
494	-1.011122	0.000000	0.159965	0.000954	31.8
495	-1.010863	0.000000	0.159965	0.000746	31.7
496	-1.011180	0.000000	0.159965	0.000745	31.6
497	-1.010868	0.000000	0.159965	0.000779	31.8
498	-1.011167	0.000000	0.159965	0.000940	31.6
499	-1.010765	0.000000	0.159965	0.000956	31.9
500	-1.010363	0.000000	0.159965	0.001033	31.7
501	-1.011181	0.000000	0.159965	0.000674	32.6
502	-1.011231	0.000000	0.159965	0.000917	32.2
503	-1.011366	0.000000	0.159965	0.000939	31.7
504	-1.011044	0.000000	0.159965	0.000907	31.5
505	-1.010844	0.000000	0.159965	0.000738	31.5
506	-1.010981	0.000000	0.159965	0.000824	31.5
507	-1.011119	0.000000	0.159965	0.000703	31.6
508	-1.011635	0.000000	0.159965	0.001167	31.6
509	-1.011035	0.000000	0.159965	0.000776	31.8
510	-1.011806	0.000000	0.159965	0.000809	32.0
511	-1.010479	0.000000	0.159965	0.000847	31.6
512	-1.010745	0.000000	0.159965	0.000849	31.6
513	-1.010852	0.000000	0.159965	0.000996	31.4
514	-1.011113	0.000000	0.159965	0.000884	31.6
515	-1.011041	0.000000	0.159965	0.001023	31.9
516	-1.010993	0.000000	0.159965	0.000901	31.8
517	-1.011295	0.000000	0.159965	0.000855	32.1
518	-1.011100	0.000000	0.159965	0.000960	32.1
519	-1.011407	0.000000	0.159965	0.001225	32.1
520	-1.011225	0.000000	0.159965	0.000898	31.8
521	-1.011133	0.000000	0.159965	0.001186	31.7
522	-1.011237	0.000000	0.159965	0.001035	31.9
523	-1.011138	0.000000	0.159965	0.000953	31.7
524	-1.011257	0.000000	0.159965	0.000697	31.9
525	-1.010666	0.000000	0.159965	0.000870	32.1
526	-1.011427	0.000000	0.159965	0.001157	31.9
527	-1.011661	0.000000	0.159965	0.000975	31.8
528	-1.011076	0.000000	0.159965	0.000884	31.8
529	-1.010730	0.000000	0.159965	0.000982	31.5
530	-1.011146	0.000000	0.159965	0.000876	31.4
531	-1.011182	0.000000	0.159965	0.000856	31.6
532	-1.011131	0.000000	0.159965	0.000860	31.7
533	-1.011348	0.000000	0.159965	0.000909	32.3
534	-1.010485	0.000000	0.159965	0.000799	32.0
535	-1.011180	0.000000	0.159965	0.001040	31.6
536	-1.011009	0.000000	0.159965	0.000764	31.4
537	-1.011142	0.000000	0.159965	0.001183	31.5
538	-1.010681	0.000000	0.159965	0.000895	31.4
539	-1.010696	0.000000	0.159965	0.001022	31.7
540	-1.010966	0.000000	0.159965	0.000934	31.6
541	-1.011016	0.000000	0.159965	0.000996	31.8
542	-1.011539	0.000000	0.159965	0.000852	31.8
543	-1.010767	0.000000	0.159965	0.000870	31.6
544	-1.011111	0.000000	0.159965	0.000850	31.4
545	-1.010952	0.000000	0.159965	0.000869	31.4
546	-1.010891	0.000000	0.159965	0.000933	31.7
547	-1.011043	0.000000	0.159965	0.000713	31.8
548	-1.010895	0.000000	0.159965	0.000723	31.5
549	-1.010986	0.000000	0.159965	0.000906	32.3
550	-1.010958	0.000000	0.159965	0.001044	32.7
551	-1.011219	0.000000	0.159965	0.001095	32.1
552	-1.010860	0.000000	0.159965	0.000845	31.8
553	-1.011405	0.000000	0.159965	0.000933	31.9
554	-1.010592	0.000000	0.159965	0.000779	31.7
555	-1.010343	0.000000	0.159965	0.000992	31.9
556	-1.011600	0.000000	0.159965	0.000656	31.6
557	-1.011055	0.000000	0.159965	0.000895	31.7
558	-1.010862	0.000000	0.159965	0.000777	31.8
559	-1.011137	0.000000	0.159965	0.000981	31.6
560	-1.010871	0.000000	0.159965	0.000884	31.3
561	-1.011233	0.000000	0.159965	0.000948	31.6
562	-1.011397	0.000000	0.159965	0.000997	31.6
563	-1.011441	0.000000	0.159965	0.001298	31.5
564	-1.010887	0.000000	0.159965	0.001090	32.0
565	-1.010978	0.000000	0.159965	0.000861	32.2
566	-1.010825	0.000000	0.159965	0.000815	31.9
567	-1.010784	0.000000	0.159965	0.000989	31.6
568	-1.011034	0.000000	0.159965	0.001120	31.5
569	-1.011315	0.000000	0.159965	0.001019	31.4
570	-1.010844	0.000000	0.159965	0.000715	31.6
571	-1.011212	0.000000	0.159965	0.000767	31.6
572	-1.011079	0.000000	0.159965	0.001013	31.4
573	-1.010659	0.000000	0.159965	0.000968	31.7
574	-1.011060	0.000000	0.159965	0.001061	31.8
575	-1.011441	0.000000	0.159965	0.000803	31.7
576	-1.010903	0.000000	0.159965	0.000992	31.7
577	-1.010616	0.000000	0.159965	0.000961	31.6
578	-1.010833	0.000000	0.159965	0.001044	31.7
579	-1.010503	0.000000	0.159965	0.001185	31.7
580	-1.011345	0.000000	0.159965	0.001037	31.5
581	-1.011212	0.000000	0.159965	0.000854	32.2
582	-1.011126	0.000000	0.159965	0.001123	32.2
583	-1.011238	0.000000	0.159965	0.001127	31.9
584	-1.011521	0.000000	0.159965	0.001113	32.0
585	-1.011211	0.000000	0.159965	0.000805	31.7
586	-1.010547	0.000000	0.159965	0.001079	31.6
587	-1.011175	0.000000	0.159965	0.000856	31.7
588	-1.011124	0.000000	0.159965	0.000729	31.5
589	-1.011021	0.000000	0.159965	0.001159	32.0
590	-1.011474	0.000000	0.159965	0.000899	31.8
591	-1.010857	0.000000	0.159965	0.001195	31.6
592	-1.011057	0.000000	0.159965	0.001045	31.8
593	-1.010871	0.000000	0.159965	0.000825	31.5
594	-1.011033	0.000000	0.159965	0.000997	31.7
595	-1.011021	0.000000	0.159965	0.000520	31.7
596	-1.011166	0.000000	0.159965	0.000972	32.0
597	-1.011303	0.000000	0.159965	0.000809	32.0
598	-1.011172	0.000000	0.159965	0.001022	31.9
599	-1.010681	0.000000	0.159965	0.000892	31.6
600	-1.010942	0.000000	0.159965	0.000978	32.0
601	-1.011298	0.000000	0.159965	0.000926	31.9
602	-1.011615	0.000000	0.159965	0.001002	32.1
603	-1.011196	0.000000	0.159965	0.000742	31.7
604	-1.010877	0.000000	0.159965	0.000852	31.6
605	-1.011041	0.000000	0.159965	0.001243	31.9
606	-1.011033	0.000000	0.159965	0.000896	31.6
607	-1.011470	0.000000	0.159965	0.001148	31.5
608	-1.010888	0.000000	0.159965	0.000899	31.4
609	-1.011224	0.000000	0.159965	0.000823	31.6
610	-1.011114	0.000000	0.159965	0.001085	31.8
611	-1.011112	0.000000	0.159965	0.000985	31.7
612	-1.010964	0.000000	0.159965	0.001150	31.8
613	-1.011062	0.000000	0.159965	0.000782	32.3
614	-1.011039	0.000000	0.159965	0.000941	32.3
615	-1.011211	0.000000	0.159965	0.001002	31.9
616	-1.011761	0.000000	0.159965	0.001047	31.8
617	-1.011641	0.000000	0.159965	0.000999	31.6
618	-1.011213	0.000000	0.159965	0.000812	31.6
619	-1.011293	0.000000	0.159965	0.000860	31.7
620	-1.010770	0.000000	0.159965	0.000922	31.5
621	-1.010306	0.000000	0.159965	0.000743	31.9
622	-1.011342	0.000000	0.159965	0.001059	31.8
623	-1.010885	0.000000	0.159965	0.000952	31.6
624	-1.010982	0.000000	0.159965	0.001016	31.5
625	-1.011139	0.000000	0.159965	0.001109	31.7
626	-1.010431	0.000000	0.159965	0.001057	31.9
627	-1.011131	0.000000	0.159965	0.000878	31.8
628	-1.010835	0.000000	0.159965	0.001016	31.7
629	-1.010956	0.000000	0.159965	0.000573	32.1
630	-1.011126	0.000000	0.159965	0.000965	31.9
631	-1.011146	0.000000	0.159965	0.000913	31.5
632	-1.011251	0.000000	0.159965	0.000829	31.6
633	-1.011185	0.000000	0.159965	0.000900	31.6
634	-1.011631	0.000000	0.159965	0.001085	31.6
635	-1.011439	0.000000	0.159965	0.000944	31.5
636	-1.010626	0.000000	0.159965	0.000912	31.8
637	-1.010556	0.000000	0.159965	0.001238	31.9
638	-1.010737	0.000000	0.159965	0.000961	31.8
639	-1.011102	0.000000	0.159965	0.000928	31.6
640	-1.010811	0.000000	0.159965	0.000993	31.5
641	-1.010726	0.000000	0.159965	0.000711	31.9
642	-1.011441	0.000000	0.159965	0.000829	31.8
643	-1.010815	0.000000	0.159965	0.000917	31.6
644	-1.011205	0.000000	0.159965	0.000755	31.9
645	-1.011235	0.000000	0.159965	0.001069	32.4
646	-1.011235	0.000000	0.159965	0.000749	32.0
647	-1.011121	0.000000	0.159965	0.000880	32.2
648	-1.011348	0.000000	0.159965	0.000754	32.1
649	-1.010917	0.000000	0.159965	0.000909	31.8
650	-1.011413	0.000000	0.159965	0.000911	31.7
651	-1.011344	0.000000	0.159965	0.000759	32.0
652	-1.011153	0.000000	0.159965	0.000768	31.8
653	-1.011365	0.000000	0.159965	0.000729	31.8
654	-1.010818	0.000000	0.159965	0.000815	31.8
655	-1.011014	0.000000	0.159965	0.000907	31.6
656	-1.011115	0.000000	0.159965	0.001243	31.4
657	-1.011080	0.000000	0.159965	0.000887	31.6
658	-1.011377	0.000000	0.159965	0.000758	31.8
659	-1.010752	0.000000	0.159965	0.001022	31.8
660	-1.010587	0.000000	0.159965	0.000877	31.6
661	-1.010808	0.000000	0.159965	0.001074	31.9
662	-1.011231	0.000000	0.159965	0.000960	31.9
663	-1.010654	0.000000	0.159965	0.001040	31.6
664	-1.010838	0.000000	0.159965	0.001080	31.6
665	-1.010745	0.000000	0.159965	0.000746	31.7
666	-1.010787	0.000000	0.159965	0.000836	31.7
667	-1.011508	0.000000	0.159965	0.001230	31.6
668	-1.011306	0.000000	0.159965	0.001228	31.6
669	-1.010905	0.000000	0.159965	0.000797	31.7
670	-1.010683	0.000000	0.159965	0.001051	31.7
671	-1.010545	0.000000	0.159965	0.000881	31.6
672	-1.011087	0.000000	0.159965	0.000944	31.8
673	-1.011023	0.000000	0.159965	0.001017	31.6
674	-1.010816	0.000000	0.159965	0.000829	31.6
675	-1.011669	0.000000	0.159965	0.000973	31.6
676	-1.011234	0.000000	0.159965	0.000871	32.2
677	-1.011014	0.000000	0.159965	0.000952	32.4
678	-1.011107	0.000000	0.159965	0.000994	32.2
679	-1.011379	0.000000	0.159965	0.000987	32.0
680	-1.011382	0.000000	0.159965	0.001171	31.7
681	-1.011168	0.000000	0.159965	0.001013	31.6
682	-1.011035	0.000000	0.159965	0.001035	31.6
683	-1.011263	0.000000	0.159965	0.001173	31.6
684	-1.011010	0.000000	0.159965	0.001227	31.8
685	-1.010976	0.000000	0.159965	0.000835	31.8
686	-1.011500	0.000000	0.159965	0.000961	31.8
687	-1.010529	0.000000	0.159965	0.000893	31.5
688	-1.010541	0.000000	0.159965	0.000916	31.5
689	-1.011238	0.000000	0.159965	0.000912	31.5
690	-1.011476	0.000000	0.159965	0.000945	31.9
691	-1.011512	0.000000	0.159965	0.000931	31.9
692	-1.010844	0.000000	0.159965	0.000790	31.5
693	-1.010599	0.000000	0.159965	0.000832	32.0
694	-1.011038	0.000000	0.159965	0.000963	31.8
695	-1.010688	0.000000	0.159965	0.000812	31.5
696	-1.011397	0.000000	0.159965	0.000909	31.5
697	-1.011337	0.000000	0.159965	0.000562	31.7
698	-1.011129	0.000000	0.159965	0.000917	31.4
699	-1.010492	0.000000	0.159965	0.001118	31.4
700	-1.011625	0.000000	0.159965	0.000854	31.5
701	-1.010859	0.000000	0.159965	0.001139	31.8
702	-1.011320	0.000000	0.159965	0.001251	31.8
703	-1.011489	0.000000	0.159965	0.000886	31.6
704	-1.010896	0.000000	0.159965	0.001088	32.1
705	-1.011682	0.000000	0.159965	0.000898	31.4
706	-1.011063	0.000000	0.159965	0.001097	31.4
707	-1.011235	0.000000	0.159965	0.000886	32.1
708	-1.010833	0.000000	0.159965	0.000625	32.1
709	-1.010613	0.000000	0.159965	0.001076	32.2
710	-1.011101	0.000000	0.159965	0.001015	32.4
711	-1.011565	0.000000	0.159965	0.001091	31.7
712	-1.010986	0.000000	0.159965	0.000987	31.7
713	-1.010955	0.000000	0.159965	0.000951	31.5
714	-1.011299	0.000000	0.159965	0.000902	31.4
715	-1.011338	0.000000	0.159965	0.000986	31.5
716	-1.010956	0.000000	0.159965	0.001049	32.0
717	-1.011284	0.000000	0.159965	0.001076	31.9
718	-1.011364	0.000000	0.159965	0.000995	31.9
719	-1.011031	0.000000	0.159965	0.001204	31.7
720	-1.011419	0.000000	0.159965	0.001344	31.6
721	-1.011117	0.000000	0.159965	0.001006	31.7
722	-1.010880	0.000000	0.159965	0.001030	31.8
723	-1.011161	0.000000	0.159965	0.000849	31.7
724	-1.010930	0.000000	0.159965	0.000864	31.4
725	-1.010635	0.000000	0.159965	0.000796	31.9
726	-1.010784	0.000000	0.159965	0.001012	32.2
727	-1.011414	0.000000	0.159965	0.001132	31.8
728	-1.010965	0.000000	0.159965	0.001008	31.6
729	-1.011232	0.000000	0.159965	0.000968	32.0
730	-1.011322	0.000000	0.159965	0.001022	31.8
731	-1.010661	0.000000	0.159965	0.000937	31.5
732	-1.011487	0.000000	0.159965	0.000817	31.3
733	-1.011450	0.000000	0.159965	0.000683	31.7
734	-1.011077	0.000000	0.159965	0.001157	31.8
735	-1.010985	0.000000	0.159965	0.000772	31.7
736	-1.011211	0.000000	0.159965	0.001176	31.5
737	-1.011133	0.000000	0.159965	0.001281	31.6
738	-1.011032	0.000000	0.159965	0.001261	31.8
739	-1.011223	0.000000	0.159965	0.001104	31.8
740	-1.011307	0.000000	0.159965	0.000849	31.8
741	-1.011144	0.000000	0.159965	0.001020	32.3
742	-1.010935	0.000000	0.159965	0.000889	32.5
743	-1.010629	0.000000	0.159965	0.000812	31.8
744	-1.010396	0.000000	0.159965	0.000916	31.5
745	-1.011206	0.000000	0.159965	0.000876	31.5
746	-1.011383	0.000000	0.159965	0.001003	31.4
747	-1.011324	0.000000	0.159965	0.000994	31.6
748	-1.011448	0.000000	0.159965	0.001117	32.0
749	-1.011409	0.000000	0.159965	0.000735	32.0
750	-1.010910	0.000000	0.159965	0.000979	31.7
751	-1.011151	0.000000	0.159965	0.000779	31.6
752	-1.011148	0.000000	0.159965	0.000946	31.9
753	-1.010583	0.000000	0.159965	0.001157	31.7
754	-1.011326	0.000000	0.159965	0.000738	31.8
755	-1.011157	0.000000	0.159965	0.000971	31.8
756	-1.010952	0.000000	0.159965	0.000937	31.6
757	-1.011146	0.000000	0.159965	0.000835	32.2
758	-1.011033	0.000000	0.159965	0.000727	32.1
759	-1.011287	0.000000	0.159965	0.000842	31.9
760	-1.010805	0.000000	0.159965	0.000942	31.6
761	-1.010898	0.000000	0.159965	0.000891	31.6
762	-1.010839	0.000000	0.159965	0.000769	32.1
763	-1.010928	0.000000	0.159965	0.000685	31.5
764	-1.011397	0.000000	0.159965	0.000956	31.5
765	-1.011145	0.000000	0.159965	0.000949	31.8
766	-1.011108	0.000000	0.159965	0.000874	31.6
767	-1.011037	0.000000	0.159965	0.000899	32.1
768	-1.011337	0.000000	0.159965	0.001041	31.6
769	-1.011173	0.000000	0.159965	0.000672	31.6
770	-1.010971	0.000000	0.159965	0.000694	31.9
771	-1.011210	0.000000	0.159965	0.001023	31.8
772	-1.010919	0.000000	0.159965	0.000912	31.6
773	-1.010937	0.000000	0.159965	0.001151	32.3
774	-1.010914	0.000000	0.159965	0.000864	32.3
775	-1.010837	0.000000	0.159965	0.001139	31.7
776	-1.011189	0.000000	0.159965	0.000646	31.5
777	-1.010711	0.000000	0.159965	0.001010	31.5
778	-1.011397	0.000000	0.159965	0.000909	31.9
779	-1.011366	0.000000	0.159965	0.000986	31.8
780	-1.011901	0.000000	0.159965	0.001156	31.8
781	-1.010455	0.000000	0.159965	0.001095	31.6
782	-1.011413	0.000000	0.159965	0.001046	31.9
783	-1.010727	0.000000	0.159965	0.001171	31.5
784	-1.010660	0.000000	0.159965	0.000936	31.6
785	-1.011010	0.000000	0.159965	0.001157	31.7
786	-1.010987	0.000000	0.159965	0.001217	31.5
787	-1.011425	0.000000	0.159965	0.001056	31.7
788	-1.011225	0.000000	0.159965	0.001214	31.4
789	-1.011076	0.000000	0.159965	0.000985	32.0
790	-1.011691	0.000000	0.159965	0.001060	32.0
791	-1.010972	0.000000	0.159965	0.000924	31.6
792	-1.010951	0.000000	0.159965	0.001012	31.7
793	-1.010882	0.000000	0.159965	0.000868	31.5
794	-1.010825	0.000000	0.159965	0.000976	31.4
795	-1.011191	0.000000	0.159965	0.000682	31.5
796	-1.011021	0.000000	0.159965	0.000804	31.4
797	-1.011053	0.000000	0.159965	0.000976	31.6
798	-1.010738	0.000000	0.159965	0.000935	31.8
799	-1.010691	0.000000	0.159965	0.000988	31.5
800	-1.010635	0.000000	0.159965	0.000880	31.4
801	-1.011327	0.000000	0.159965	0.000721	31.7
802	-1.011078	0.000000	0.159965	0.000774	32.1
803	-1.011507	0.000000	0.159965	0.001061	55.2
804	-1.010962	0.000000	0.159965	0.001111	32.5
805	-1.010714	0.000000	0.159965	0.000710	32.2
806	-1.011214	0.000000	0.159965	0.001065	31.9
807	-1.010986	0.000000	0.159965	0.001221	31.6
808	-1.011280	0.000000	0.159965	0.001099	31.5
809	-1.011060	0.000000	0.159965	0.000937	31.4
810	-1.011536	0.000000	0.159965	0.001257	31.7
811	-1.011196	0.000000	0.159965	0.001001	31.5
812	-1.011049	0.000000	0.159965	0.000803	31.7
813	-1.010883	0.000000	0.159965	0.001356	31.6
814	-1.011106	0.000000	0.159965	0.001282	31.6
815	-1.011195	0.000000	0.159965	0.001066	31.8
816	-1.011461	0.000000	0.159965	0.000876	31.7
817	-1.011274	0.000000	0.159965	0.000833	31.5
818	-1.011315	0.000000	0.159965	0.001015	31.8
819	-1.011719	0.000000	0.159965	0.001282	31.5
820	-1.011427	0.000000	0.159965	0.001165	31.8
821	-1.010803	0.000000	0.159965	0.000868	32.0
822	-1.011248	0.000000	0.159965	0.000796	31.6
823	-1.011040	0.000000	0.159965	0.000908	31.5
824	-1.010903	0.000000	0.159965	0.001165	31.5
825	-1.011261	0.000000	0.159965	0.001043	31.4
826	-1.010963	0.000000	0.159965	0.000761	31.6
827	-1.011100	0.000000	0.159965	0.001335	31.5
828	-1.011129	0.000000	0.159965	0.000865	31.7
829	-1.010741	0.000000	0.159965	0.000829	32.2
830	-1.010549	0.000000	0.159965	0.000846	31.7
831	-1.010849	0.000000	0.159965	0.001063	31.4
832	-1.010896	0.000000	0.159965	0.000995	31.9
833	-1.010947	0.000000	0.159965	0.001065	32.0
834	-1.011331	0.000000	0.159965	0.000768	31.6
835	-1.010879	0.000000	0.159965	0.001286	32.0
836	-1.011585	0.000000	0.159965	0.001071	32.1
837	-1.011680	0.000000	0.159965	0.000712	32.0
838	-1.011252	0.000000	0.159965	0.001004	31.8
839	-1.010747	0.000000	0.159965	0.001428	31.5
840	-1.011203	0.000000	0.159965	0.001059	31.4
841	-1.010794	0.000000	0.159965	0.000859	31.5
842	-1.011228	0.000000	0.159965	0.001451	31.7
843	-1.011307	0.000000	0.159965	0.000775	31.4
844	-1.011142	0.000000	0.159965	0.000837	31.8
845	-1.011393	0.000000	0.159965	0.000913	31.9
846	-1.010697	0.000000	0.159965	0.000940	31.7
847	-1.010971	0.000000	0.159965	0.001072	31.6
848	-1.010675	0.000000	0.159965	0.001107	31.8
849	-1.011178	0.000000	0.159965	0.001108	31.4
850	-1.011125	0.000000	0.159965	0.000966	31.6
851	-1.011219	0.000000	0.159965	0.001086	31.5
852	-1.011239	0.000000	0.159965	0.001180	32.0
853	-1.010862	0.000000	0.159965	0.000990	32.2
854	-1.011218	0.000000	0.159965	0.000855	31.7
855	-1.011168	0.000000	0.159965	0.001354	31.8
856	-1.010912	0.000000	0.159965	0.000977	31.8
857	-1.011146	0.000000	0.159965	0.000920	31.4
858	-1.010702	0.000000	0.159965	0.000929	31.4
859	-1.011136	0.000000	0.159965	0.000734	31.5
860	-1.010907	0.000000	0.159965	0.001033	31.8
861	-1.010857	0.000000	0.159965	0.000771	31.7
862	-1.010704	0.000000	0.159965	0.000933	31.6
863	-1.011068	0.000000	0.159965	0.000827	32.2
864	-1.010875	0.000000	0.159965	0.001175	32.1
865	-1.011211	0.000000	0.159965	0.000804	32.0
866	-1.011955	0.000000	0.159965	0.000619	31.7
867	-1.010821	0.000000	0.159965	0.000828	31.9
868	-1.010889	0.000000	0.159965	0.001195	32.2
869	-1.010769	0.000000	0.159965	0.000770	31.9
870	-1.010592	0.000000	0.159965	0.000941	31.6
871	-1.011147	0.000000	0.159965	0.000979	31.4
872	-1.011495	0.000000	0.159965	0.001022	31.5
873	-1.010982	0.000000	0.159965	0.000797	31.6
874	-1.011574	0.000000	0.159965	0.000676	31.6
875	-1.010808	0.000000	0.159965	0.001116	31.6
876	-1.011075	0.000000	0.159965	0.000955	31.8
877	-1.011137	0.000000	0.159965	0.000926	32.0
878	-1.010979	0.000000	0.159965	0.000884	32.0
879	-1.011083	0.000000	0.159965	0.000868	31.8
880	-1.011086	0.000000	0.159965	0.000824	31.5
881	-1.010933	0.000000	0.159965	0.000998	31.5
882	-1.011179	0.000000	0.159965	0.000910	31.6
883	-1.011565	0.000000	0.159965	0.001136	31.4
884	-1.011277	0.000000	0.159965	0.000767	32.0
885	-1.011348	0.000000	0.159965	0.001271	32.0
886	-1.010939	0.000000	0.159965	0.000591	31.8
887	-1.011125	0.000000	0.159965	0.001003	31.8
888	-1.011181	0.000000	0.159965	0.000836	31.5
889	-1.011125	0.000000	0.159965	0.001088	31.4
890	-1.011053	0.000000	0.159965	0.000721	31.4
891	-1.011231	0.000000	0.159965	0.001247	31.3
892	-1.011089	0.000000	0.159965	0.001179	32.2
893	-1.011643	0.000000	0.159965	0.001073	31.7
894	-1.011378	0.000000	0.159965	0.000994	31.5
895	-1.011489	0.000000	0.159965	0.001220	31.9
896	-1.011324	0.000000	0.159965	0.000976	31.8
897	-1.011040	0.000000	0.159965	0.000855	31.5
898	-1.011216	0.000000	0.159965	0.000912	32.1
899	-1.010826	0.000000	0.159965	0.000960	32.2
900	-1.010714	0.000000	0.159965	0.001033	32.3
901	-1.011079	0.000000	0.159965	0.000895	32.2
902	-1.011003	0.000000	0.159965	0.001306	32.0
903	-1.011482	0.000000	0.159965	0.000997	31.8
904	-1.010823	0.000000	0.159965	0.001224	32.1
905	-1.011077	0.000000	0.159965	0.001035	31.9
906	-1.011145	0.000000	0.159965	0.000862	31.7
907	-1.010956	0.000000	0.159965	0.001059	31.5
908	-1.011066	0.000000	0.159965	0.000890	31.8
909	-1.011210	0.000000	0.159965	0.001067	31.8
910	-1.010868	0.000000	0.159965	0.000692	31.5
911	-1.011137	0.000000	0.159965	0.000882	31.6
912	-1.010843	0.000000	0.159965	0.001270	31.4
913	-1.011096	0.000000	0.159965	0.001027	31.4
914	-1.011399	0.000000	0.159965	0.000669	31.9
915	-1.011199	0.000000	0.159965	0.000920	31.7
916	-1.011146	0.000000	0.159965	0.001035	32.1
917	-1.011407	0.000000	0.159965	0.001162	32.0
918	-1.010882	0.000000	0.159965	0.001000	31.8
919	-1.011514	0.000000	0.159965	0.000738	31.6
920	-1.011000	0.000000	0.159965	0.000588	31.5
921	-1.011254	0.000000	0.159965	0.000931	31.4
922	-1.011423	0.000000	0.159965	0.000849	31.3
923	-1.011061	0.000000	0.159965	0.000812	31.6
924	-1.010972	0.000000	0.159965	0.001000	31.8
925	-1.011394	0.000000	0.159965	0.001082	31.6
926	-1.011242	0.000000	0.159965	0.001254	31.6
927	-1.010955	0.000000	0.159965	0.001086	32.0
928	-1.011263	0.000000	0.159965	0.000961	31.9
929	-1.010878	0.000000	0.159965	0.000837	31.7
930	-1.011409	0.000000	0.159965	0.000741	31.9
931	-1.010888	0.000000	0.159965	0.000795	31.9
932	-1.011256	0.000000	0.159965	0.000904	32.0
933	-1.010886	0.000000	0.159965	0.000883	31.9
934	-1.010936	0.000000	0.159965	0.000735	31.5
935	-1.010945	0.000000	0.159965	0.000963	31.3
936	-1.011179	0.000000	0.159965	0.000922	31.6
937	-1.010938	0.000000	0.159965	0.001209	31.6
938	-1.010573	0.000000	0.159965	0.000809	31.5
939	-1.011359	0.000000	0.159965	0.000847	31.5
940	-1.010964	0.000000	0.159965	0.000877	31.8
941	-1.011255	0.000000	0.159965	0.001073	31.9
942	-1.010889	0.000000	0.159965	0.000795	31.6
943	-1.010620	0.000000	0.159965	0.000841	31.6
944	-1.011144	0.000000	0.159965	0.001141	31.5
945	-1.011417	0.000000	0.159965	0.001137	31.6
946	-1.010441	0.000000	0.159965	0.000768	31.5
947	-1.010952	0.000000	0.159965	0.000983	31.7
948	-1.010772	0.000000	0.159965	0.000885	32.0
949	-1.011378	0.000000	0.159965	0.001007	32.0
950	-1.010943	0.000000	0.159965	0.001110	31.5
951	-1.011310	0.000000	0.159965	0.000939	31.4
952	-1.011259	0.000000	0.159965	0.001044	31.3
953	-1.011078	0.000000	0.159965	0.001185	31.6
954	-1.010702	0.000000	0.159965	0.001026	31.6
955	-1.011531	0.000000	0.159965	0.000892	31.7
956	-1.011589	0.000000	0.159965	0.000894	31.9
957	-1.011198	0.000000	0.159965	0.000856	32.1
958	-1.010997	0.000000	0.159965	0.000873	32.2
959	-1.011062	0.000000	0.159965	0.000639	31.9
960	-1.011418	0.000000	0.159965	0.001040	31.9
961	-1.011282	0.000000	0.159965	0.001003	31.8
962	-1.011046	0.000000	0.159965	0.000982	31.7
963	-1.011371	0.000000	0.159965	0.001027	31.8
964	-1.010897	0.000000	0.159965	0.000823	32.2
965	-1.011153	0.000000	0.159965	0.000811	32.1
966	-1.011193	0.000000	0.159965	0.001080	31.6
967	-1.010847	0.000000	0.159965	0.000762	31.6
968	-1.011130	0.000000	0.159965	0.000899	31.6
969	-1.011320	0.000000	0.159965	0.001023	31.4
970	-1.011088	0.000000	0.159965	0.000837	31.3
971	-1.011373	0.000000	0.159965	0.000899	31.6
972	-1.011000	0.000000	0.159965	0.000851	32.2
973	-1.011318	0.000000	0.159965	0.000975	31.8
974	-1.011001	0.000000	0.159965	0.000849	31.7
975	-1.011510	0.000000	0.159965	0.001015	31.5
976	-1.010999	0.000000	0.159965	0.000924	31.4
977	-1.010771	0.000000	0.159965	0.001087	31.7
978	-1.010686	0.000000	0.159965	0.001015	31.6
979	-1.011098	0.000000	0.159965	0.000891	31.8
980	-1.011475	0.000000	0.159965	0.001120	32.1
981	-1.011309	0.000000	0.159965	0.000961	31.9
982	-1.010868	0.000000	0.159965	0.000878	31.7
983	-1.011036	0.000000	0.159965	0.001047	31.6
984	-1.011057	0.000000	0.159965	0.000943	31.5
985	-1.011036	0.000000	0.159965	0.000867	31.5
986	-1.010739	0.000000	0.159965	0.001041	31.5
987	-1.010833	0.000000	0.159965	0.000979	31.7
988	-1.011231	0.000000	0.159965	0.001178	31.8
989	-1.010869	0.000000	0.159965	0.000838	32.3
990	-1.010997	0.000000	0.159965	0.000672	32.0
991	-1.011388	0.000000	0.159965	0.001154	31.9
992	-1.011176	0.000000	0.159965	0.000782	31.6
993	-1.010927	0.000000	0.159965	0.001189	31.8
994	-1.011340	0.000000	0.159965	0.001132	31.7
995	-1.011277	0.000000	0.159965	0.001104	31.6
996	-1.011103	0.000000	0.159965	0.000935	32.0
997	-1.011149	0.000000	0.159965	0.000958	31.9
998	-1.011184	0.000000	0.159965	0.000834	31.7
999	-1.010849	0.000000	0.159965	0.001116	31.6
