1:ItNr	2:Metric	3a:Time	3b:StepSize	4:||Gradient||	Time[ms]
0	-1.012843	0.000000	0.159965	0.000415	22.3
1	-1.012512	0.000000	0.159965	0.000446	20.9
2	-1.013177	0.000000	0.159965	0.000480	20.8
3	-1.013082	0.000000	0.159965	0.000531	20.8
4	-1.013045	0.000000	0.159965	0.000471	21.2
5	-1.012855	0.000000	0.159965	0.000365	21.4
6	-1.012845	0.000000	0.159965	0.000365	21.5
7	-1.012675	0.000000	0.159965	0.000589	21.5
8	-1.013083	0.000000	0.159965	0.000497	21.2
9	-1.012801	0.000000	0.159965	0.000409	21.3
10	-1.012393	0.000000	0.159965	0.000469	21.4
11	-1.012591	0.000000	0.159965	0.000678	21.4
12	-1.012847	0.000000	0.159965	0.000544	21.5
13	-1.012576	0.000000	0.159965	0.000356	21.2
14	-1.012745	0.000000	0.159965	0.000482	21.0
15	-1.012426	0.000000	0.159965	0.000439	20.8
16	-1.012844	0.000000	0.159965	0.000332	20.9
17	-1.012831	0.000000	0.159965	0.000580	20.7
18	-1.012155	0.000000	0.159965	0.000529	20.7
19	-1.012695	0.000000	0.159965	0.000497	20.7
20	-1.013068	0.000000	0.159965	0.000423	20.8
21	-1.013101	0.000000	0.159965	0.000448	20.9
22	-1.012781	0.000000	0.159965	0.000446	20.9
23	-1.013141	0.000000	0.159965	0.000484	20.9
24	-1.012893	0.000000	0.159965	0.000455	20.8
25	-1.012783	0.000000	0.159965	0.000554	20.9
26	-1.012389	0.000000	0.159965	0.000436	20.8
27	-1.012505	0.000000	0.159965	0.000355	20.8
28	-1.012667	0.000000	0.159965	0.000367	21.0
29	-1.012716	0.000000	0.159965	0.000673	20.9
30	-1.012683	0.000000	0.159965	0.000392	20.8
31	-1.012929	0.000000	0.159965	0.000438	20.9
32	-1.013384	0.000000	0.159965	0.000496	20.7
33	-1.012542	0.000000	0.159965	0.000452	20.8
34	-1.012116	0.000000	0.159965	0.000421	20.8
35	-1.012856	0.000000	0.159965	0.000561	21.0
36	-1.012261	0.000000	0.159965	0.000440	20.9
37	-1.012489	0.000000	0.159965	0.000452	21.0
38	-1.012441	0.000000	0.159965	0.000630	21.4
39	-1.012778	0.000000	0.159965	0.000378	20.8
40	-1.012297	0.000000	0.159965	0.000442	20.9
41	-1.013036	0.000000	0.159965	0.000511	20.8
42	-1.012953	0.000000	0.159965	0.000534	20.9
43	-1.012606	0.000000	0.159965	0.000399	20.8
44	-1.012583	0.000000	0.159965	0.000391	20.9
45	-1.012136	0.000000	0.159965	0.000717	20.8
46	-1.012443	0.000000	0.159965	0.000475	20.8
47	-1.013048	0.000000	0.159965	0.000580	21.0
48	-1.012668	0.000000	0.159965	0.000516	20.8
49	-1.012457	0.000000	0.159965	0.000311	20.7
50	-1.012537	0.000000	0.159965	0.000606	20.8
51	-1.012556	0.000000	0.159965	0.000576	20.8
52	-1.012369	0.000000	0.159965	0.000437	21.0
53	-1.012648	0.000000	0.159965	0.000427	20.8
54	-1.012689	0.000000	0.159965	0.000420	20.9
55	-1.012978	0.000000	0.159965	0.000557	20.8
56	-1.012831	0.000000	0.159965	0.000484	20.9
57	-1.012732	0.000000	0.159965	0.000538	20.9
58	-1.012797	0.000000	0.159965	0.000505	20.8
59	-1.012275	0.000000	0.159965	0.000512	20.9
60	-1.012684	0.000000	0.159965	0.000437	20.8
61	-1.012461	0.000000	0.159965	0.000549	20.9
62	-1.012616	0.000000	0.159965	0.000363	20.8
63	-1.012574	0.000000	0.159965	0.000631	20.8
64	-1.012595	0.000000	0.159965	0.000310	20.9
65	-1.012841	0.000000	0.159965	0.000410	20.8
66	-1.012753	0.000000	0.159965	0.000473	20.8
67	-1.012338	0.000000	0.159965	0.000422	20.8
68	-1.012472	0.000000	0.159965	0.000441	20.7
69	-1.012578	0.000000	0.159965	0.000460	20.8
70	-1.012640	0.000000	0.159965	0.000555	20.7
71	-1.012780	0.000000	0.159965	0.000425	21.0
72	-1.013050	0.000000	0.159965	0.000501	20.7
73	-1.012366	0.000000	0.159965	0.000486	20.8
74	-1.012420	0.000000	0.159965	0.000407	20.9
75	-1.013186	0.000000	0.159965	0.000452	21.0
76	-1.012850	0.000000	0.159965	0.000479	20.8
77	-1.013117	0.000000	0.159965	0.000577	20.8
78	-1.012637	0.000000	0.159965	0.000497	20.7
79	-1.013070	0.000000	0.159965	0.000580	20.8
80	-1.012395	0.000000	0.159965	0.000296	20.7
81	-1.012683	0.000000	0.159965	0.000464	20.8
82	-1.013148	0.000000	0.159965	0.000451	20.8
83	-1.012977	0.000000	0.159965	0.000455	20.8
84	-1.012655	0.000000	0.159965	0.000392	20.9
85	-1.012331	0.000000	0.159965	0.000563	21.2
86	-1.012842	0.000000	0.159965	0.000505	20.9
87	-1.012740	0.000000	0.159965	0.000543	20.8
88	-1.012661	0.000000	0.159965	0.000513	20.9
89	-1.012461	0.000000	0.159965	0.000550	20.8
90	-1.012891	0.000000	0.159965	0.000403	20.9
91	-1.012266	0.000000	0.159965	0.000342	20.9
92	-1.012418	0.000000	0.159965	0.000418	20.8
93	-1.012887	0.000000	0.159965	0.000614	20.8
94	-1.013201	0.000000	0.159965	0.000434	20.8
95	-1.012401	0.000000	0.159965	0.000561	20.8
96	-1.013079	0.000000	0.159965	0.000375	20.8
97	-1.012433	0.000000	0.159965	0.000492	20.8
98	-1.012909	0.000000	0.159965	0.000488	20.8
99	-1.013050	0.000000	0.159965	0.000468	20.9
100	-1.012628	0.000000	0.159965	0.000505	20.8
101	-1.012709	0.000000	0.159965	0.000367	20.9
102	-1.012688	0.000000	0.159965	0.000381	20.9
103	-1.012730	0.000000	0.159965	0.000431	20.8
104	-1.012387	0.000000	0.159965	0.000425	20.9
105	-1.012698	0.000000	0.159965	0.000467	20.9
106	-1.012646	0.000000	0.159965	0.000487	20.8
107	-1.012753	0.000000	0.159965	0.000453	21.0
108	-1.012332	0.000000	0.159965	0.000722	20.8
109	-1.012671	0.000000	0.159965	0.000445	20.8
110	-1.012958	0.000000	0.159965	0.000617	20.7
111	-1.012633	0.000000	0.159965	0.000484	20.8
112	-1.012564	0.000000	0.159965	0.000488	20.9
113	-1.012521	0.000000	0.159965	0.000483	20.7
114	-1.012952	0.000000	0.159965	0.000438	20.9
115	-1.012669	0.000000	0.159965	0.000385	20.8
116	-1.012878	0.000000	0.159965	0.000471	20.7
117	-1.012575	0.000000	0.159965	0.000480	20.9
118	-1.012463	0.000000	0.159965	0.000377	20.8
119	-1.012688	0.000000	0.159965	0.000413	20.8
120	-1.012758	0.000000	0.159965	0.000582	20.9
121	-1.012820	0.000000	0.159965	0.000424	20.8
122	-1.012796	0.000000	0.159965	0.000518	20.8
123	-1.013107	0.000000	0.159965	0.000448	20.8
124	-1.013024	0.000000	0.159965	0.000641	20.9
125	-1.012875	0.000000	0.159965	0.000446	20.8
126	-1.012776	0.000000	0.159965	0.000536	21.0
127	-1.012505	0.000000	0.159965	0.000497	20.8
128	-1.012732	0.000000	0.159965	0.000462	20.8
129	-1.012616	0.000000	0.159965	0.000351	20.9
130	-1.012896	0.000000	0.159965	0.000404	20.8
131	-1.012442	0.000000	0.159965	0.000496	20.7
132	-1.013092	0.000000	0.159965	0.000363	20.8
133	-1.012636	0.000000	0.159965	0.000792	21.1
134	-1.012609	0.000000	0.159965	0.000601	20.9
135	-1.012740	0.000000	0.159965	0.000524	20.9
136	-1.012751	0.000000	0.159965	0.000584	20.9
137	-1.012077	0.000000	0.159965	0.000676	20.8
138	-1.012634	0.000000	0.159965	0.000427	20.9
139	-1.013043	0.000000	0.159965	0.000574	20.8
140	-1.012659	0.000000	0.159965	0.000434	20.8
141	-1.012770	0.000000	0.159965	0.000439	20.7
142	-1.012599	0.000000	0.159965	0.000490	20.8
143	-1.012491	0.000000	0.159965	0.000470	20.8
144	-1.012649	0.000000	0.159965	0.000500	20.7
145	-1.012709	0.000000	0.159965	0.000384	20.8
146	-1.012218	0.000000	0.159965	0.000407	20.8
147	-1.013158	0.000000	0.159965	0.000423	20.8
148	-1.013515	0.000000	0.159965	0.000591	20.9
149	-1.012288	0.000000	0.159965	0.000541	20.9
150	-1.012998	0.000000	0.159965	0.000519	20.8
151	-1.012894	0.000000	0.159965	0.000360	20.8
152	-1.012246	0.000000	0.159965	0.000420	20.8
153	-1.012640	0.000000	0.159965	0.000502	20.8
154	-1.012269	0.000000	0.159965	0.000563	20.8
155	-1.012911	0.000000	0.159965	0.000520	20.9
156	-1.012689	0.000000	0.159965	0.000458	20.8
157	-1.012522	0.000000	0.159965	0.000466	20.8
158	-1.012607	0.000000	0.159965	0.000459	20.8
159	-1.012549	0.000000	0.159965	0.000421	20.8
160	-1.012517	0.000000	0.159965	0.000484	20.9
161	-1.013095	0.000000	0.159965	0.000478	20.8
162	-1.012684	0.000000	0.159965	0.000672	20.9
163	-1.013097	0.000000	0.159965	0.000476	20.7
164	-1.012740	0.000000	0.159965	0.000464	20.8
165	-1.012938	0.000000	0.159965	0.000433	20.7
166	-1.012300	0.000000	0.159965	0.000597	20.9
167	-1.012383	0.000000	0.159965	0.000415	20.8
168	-1.012684	0.000000	0.159965	0.000632	20.7
169	-1.012559	0.000000	0.159965	0.000409	20.9
170	-1.012814	0.000000	0.159965	0.000282	20.7
171	-1.013128	0.000000	0.159965	0.000648	20.8
172	-1.012711	0.000000	0.159965	0.000493	20.8
173	-1.012927	0.000000	0.159965	0.000504	20.8
174	-1.012899	0.000000	0.159965	0.000506	20.8
175	-1.012506	0.000000	0.159965	0.000609	20.7
176	-1.012316	0.000000	0.159965	0.000531	20.8
177	-1.013098	0.000000	0.159965	0.000516	21.0
178	-1.012897	0.000000	0.159965	0.000357	20.8
179	-1.012432	0.000000	0.159965	0.000581	20.8
180	-1.013018	0.000000	0.159965	0.000473	20.7
181	-1.012873	0.000000	0.159965	0.000425	21.2
182	-1.013015	0.000000	0.159965	0.000431	21.0
183	-1.012831	0.000000	0.159965	0.000539	20.7
184	-1.012404	0.000000	0.159965	0.000422	21.0
185	-1.012601	0.000000	0.159965	0.000458	20.7
186	-1.012897	0.000000	0.159965	0.000522	21.3
187	-1.013107	0.000000	0.159965	0.000436	20.7
188	-1.012569	0.000000	0.159965	0.000317	20.9
189	-1.012966	0.000000	0.159965	0.000434	20.8
190	-1.012878	0.000000	0.159965	0.000392	20.8
191	-1.012597	0.000000	0.159965	0.000454	20.8
192	-1.012659	0.000000	0.159965	0.000580	20.8
193	-1.012770	0.000000	0.159965	0.000363	20.9
194	-1.013191	0.000000	0.159965	0.000494	20.8
195	-1.012470	0.000000	0.159965	0.000541	20.8
196	-1.012993	0.000000	0.159965	0.000440	20.9
197	-1.013011	0.000000	0.159965	0.000463	20.9
198	-1.012728	0.000000	0.159965	0.000454	20.8
199	-1.012610	0.000000	0.159965	0.000343	20.8
200	-1.012438	0.000000	0.159965	0.000411	21.1
201	-1.012671	0.000000	0.159965	0.000439	20.8
202	-1.012831	0.000000	0.159965	0.000447	20.8
203	-1.012443	0.000000	0.159965	0.000406	20.8
204	-1.012748	0.000000	0.159965	0.000493	20.7
205	-1.012569	0.000000	0.159965	0.000436	20.8
206	-1.012773	0.000000	0.159965	0.000685	20.8
207	-1.013142	0.000000	0.159965	0.000502	20.9
208	-1.012428	0.000000	0.159965	0.000527	20.9
209	-1.012505	0.000000	0.159965	0.000458	20.9
210	-1.012615	0.000000	0.159965	0.000439	20.8
211	-1.013039	0.000000	0.159965	0.000513	20.8
212	-1.012422	0.000000	0.159965	0.000505	20.8
213	-1.012774	0.000000	0.159965	0.000428	20.8
214	-1.013162	0.000000	0.159965	0.000521	20.8
215	-1.012972	0.000000	0.159965	0.000465	21.0
216	-1.012578	0.000000	0.159965	0.000483	20.8
217	-1.012778	0.000000	0.159965	0.000474	20.7
218	-1.012310	0.000000	0.159965	0.000478	20.8
219	-1.012712	0.000000	0.159965	0.000394	20.8
220	-1.012446	0.000000	0.159965	0.000478	20.9
221	-1.012952	0.000000	0.159965	0.000575	20.8
222	-1.012549	0.000000	0.159965	0.000455	20.8
223	-1.012717	0.000000	0.159965	0.000422	20.7
224	-1.012220	0.000000	0.159965	0.000461	20.8
225	-1.012705	0.000000	0.159965	0.000417	20.7
226	-1.012520	0.000000	0.159965	0.000427	20.8
227	-1.012613	0.000000	0.159965	0.000611	20.8
228	-1.012807	0.000000	0.159965	0.000434	20.8
229	-1.012548	0.000000	0.159965	0.000409	21.1
230	-1.012727	0.000000	0.159965	0.000540	20.8
231	-1.012622	0.000000	0.159965	0.000648	20.9
232	-1.012550	0.000000	0.159965	0.000452	20.8
233	-1.012781	0.000000	0.159965	0.000564	20.7
234	-1.013220	0.000000	0.159965	0.000487	21.0
235	-1.012873	0.000000	0.159965	0.000451	20.8
236	-1.012825	0.000000	0.159965	0.000600	20.9
237	-1.012764	0.000000	0.159965	0.000458	20.8
238	-1.013135	0.000000	0.159965	0.000650	20.7
239	-1.013091	0.000000	0.159965	0.000510	20.7
240	-1.012920	0.000000	0.159965	0.000407	20.8
241	-1.012722	0.000000	0.159965	0.000438	21.0
242	-1.012482	0.000000	0.159965	0.000386	20.8
243	-1.012757	0.000000	0.159965	0.000354	20.8
244	-1.012854	0.000000	0.159965	0.000644	20.9
245	-1.012619	0.000000	0.159965	0.000346	20.7
246	-1.012966	0.000000	0.159965	0.000581	20.8
247	-1.012535	0.000000	0.159965	0.000469	20.7
248	-1.012681	0.000000	0.159965	0.000554	20.9
249	-1.012868	0.000000	0.159965	0.000501	20.8
250	-1.012748	0.000000	0.159965	0.000460	20.8
251	-1.012959	0.000000	0.159965	0.000462	20.8
252	-1.012844	0.000000	0.159965	0.000426	20.7
253	-1.012430	0.000000	0.159965	0.000595	21.0
254	-1.012598	0.000000	0.159965	0.000458	21.0
255	-1.012819	0.000000	0.159965	0.000407	20.8
256	-1.012661	0.000000	0.159965	0.000566	20.9
257	-1.012447	0.000000	0.159965	0.000508	20.8
258	-1.012496	0.000000	0.159965	0.000364	20.8
259	-1.012490	0.000000	0.159965	0.000503	20.8
260	-1.012784	0.000000	0.159965	0.000507	20.8
261	-1.012785	0.000000	0.159965	0.000445	20.7
262	-1.012482	0.000000	0.159965	0.000481	20.8
263	-1.012169	0.000000	0.159965	0.000502	20.8
264	-1.012705	0.000000	0.159965	0.000516	20.7
265	-1.012568	0.000000	0.159965	0.000553	20.9
266	-1.012451	0.000000	0.159965	0.000607	21.1
267	-1.012804	0.000000	0.159965	0.000555	20.8
268	-1.012038	0.000000	0.159965	0.000449	20.9
269	-1.012978	0.000000	0.159965	0.000489	20.6
270	-1.013112	0.000000	0.159965	0.000468	20.8
271	-1.012757	0.000000	0.159965	0.000553	20.8
272	-1.012778	0.000000	0.159965	0.000432	20.7
273	-1.013041	0.000000	0.159965	0.000502	20.7
274	-1.012984	0.000000	0.159965	0.000505	20.9
275	-1.012603	0.000000	0.159965	0.000507	20.8
276	-1.013182	0.000000	0.159965	0.000498	20.8
277	-1.012947	0.000000	0.159965	0.000382	21.2
278	-1.013122	0.000000	0.159965	0.000479	21.1
279	-1.012538	0.000000	0.159965	0.000532	20.8
280	-1.012695	0.000000	0.159965	0.000509	21.1
281	-1.012933	0.000000	0.159965	0.000433	20.7
282	-1.012667	0.000000	0.159965	0.000573	20.9
283	-1.012386	0.000000	0.159965	0.000533	20.9
284	-1.012548	0.000000	0.159965	0.000382	20.9
285	-1.012667	0.000000	0.159965	0.000431	20.7
286	-1.012760	0.000000	0.159965	0.000407	20.7
287	-1.012140	0.000000	0.159965	0.000427	20.7
288	-1.012664	0.000000	0.159965	0.000727	20.7
289	-1.012876	0.000000	0.159965	0.000457	20.8
290	-1.012553	0.000000	0.159965	0.000365	20.8
291	-1.012940	0.000000	0.159965	0.000421	21.0
292	-1.012292	0.000000	0.159965	0.000668	21.1
293	-1.012790	0.000000	0.159965	0.000459	20.8
294	-1.012446	0.000000	0.159965	0.000688	20.8
295	-1.012488	0.000000	0.159965	0.000430	20.9
296	-1.012704	0.000000	0.159965	0.000404	21.0
297	-1.012747	0.000000	0.159965	0.000425	20.8
298	-1.013102	0.000000	0.159965	0.000455	20.8
299	-1.012715	0.000000	0.159965	0.000539	21.0
300	-1.013013	0.000000	0.159965	0.000378	20.7
301	-1.012381	0.000000	0.159965	0.000524	20.8
302	-1.012480	0.000000	0.159965	0.000513	20.7
303	-1.012772	0.000000	0.159965	0.000396	20.8
304	-1.012788	0.000000	0.159965	0.000569	21.0
305	-1.012676	0.000000	0.159965	0.000391	20.7
306	-1.012530	0.000000	0.159965	0.000483	20.8
307	-1.012714	0.000000	0.159965	0.000463	20.8
308	-1.012933	0.000000	0.159965	0.000683	20.8
309	-1.013143	0.000000	0.159965	0.000404	20.8
310	-1.012767	0.000000	0.159965	0.000466	20.7
311	-1.012872	0.000000	0.159965	0.000585	20.9
312	-1.012976	0.000000	0.159965	0.000620	20.8
313	-1.012559	0.000000	0.159965	0.000521	20.8
314	-1.012878	0.000000	0.159965	0.000718	20.8
315	-1.012766	0.000000	0.159965	0.000498	20.7
316	-1.013212	0.000000	0.159965	0.000466	20.8
317	-1.012441	0.000000	0.159965	0.000449	20.8
318	-1.012832	0.000000	0.159965	0.000398	21.0
319	-1.012892	0.000000	0.159965	0.000452	20.7
320	-1.013077	0.000000	0.159965	0.000413	20.7
321	-1.012907	0.000000	0.159965	0.000418	20.7
322	-1.013245	0.000000	0.159965	0.000664	20.9
323	-1.012863	0.000000	0.159965	0.000354	20.7
324	-1.012997	0.000000	0.159965	0.000493	20.8
325	-1.013151	0.000000	0.159965	0.000548	21.2
326	-1.012732	0.000000	0.159965	0.000584	20.9
327	-1.012507	0.000000	0.159965	0.000464	20.7
328	-1.012928	0.000000	0.159965	0.000435	20.9
329	-1.012719	0.000000	0.159965	0.000454	20.8
330	-1.013087	0.000000	0.159965	0.000635	20.8
331	-1.012771	0.000000	0.159965	0.000537	20.8
332	-1.012785	0.000000	0.159965	0.000627	20.8
333	-1.012475	0.000000	0.159965	0.000482	20.8
334	-1.012608	0.000000	0.159965	0.000523	20.8
335	-1.012620	0.000000	0.159965	0.000457	20.8
336	-1.012109	0.000000	0.159965	0.000438	20.8
337	-1.012917	0.000000	0.159965	0.000454	20.8
338	-1.012496	0.000000	0.159965	0.000549	20.7
339	-1.012533	0.000000	0.159965	0.000554	20.7
340	-1.012527	0.000000	0.159965	0.000449	20.8
341	-1.012448	0.000000	0.159965	0.000499	20.8
342	-1.012507	0.000000	0.159965	0.000442	20.8
343	-1.012619	0.000000	0.159965	0.000449	20.8
344	-1.012574	0.000000	0.159965	0.000397	20.9
345	-1.012026	0.000000	0.159965	0.000475	20.8
346	-1.012522	0.000000	0.159965	0.000375	20.8
347	-1.012533	0.000000	0.159965	0.000504	20.8
348	-1.012514	0.000000	0.159965	0.000651	20.7
349	-1.012956	0.000000	0.159965	0.000406	20.9
350	-1.013310	0.000000	0.159965	0.000430	20.8
351	-1.012593	0.000000	0.159965	0.000530	20.8
352	-1.012644	0.000000	0.159965	0.000457	20.8
353	-1.012336	0.000000	0.159965	0.000527	20.9
354	-1.013008	0.000000	0.159965	0.000388	20.7
355	-1.012656	0.000000	0.159965	0.000480	20.8
356	-1.012596	0.000000	0.159965	0.000443	20.7
357	-1.012582	0.000000	0.159965	0.000579	21.0
358	-1.012623	0.000000	0.159965	0.000532	20.8
359	-1.012495	0.000000	0.159965	0.000554	20.8
360	-1.012449	0.000000	0.159965	0.000438	20.9
361	-1.012740	0.000000	0.159965	0.000492	20.9
362	-1.012801	0.000000	0.159965	0.000445	20.7
363	-1.012793	0.000000	0.159965	0.000493	20.8
364	-1.012659	0.000000	0.159965	0.000323	20.8
365	-1.013137	0.000000	0.159965	0.000455	20.7
366	-1.013525	0.000000	0.159965	0.000532	20.8
367	-1.012878	0.000000	0.159965	0.000694	20.7
368	-1.012700	0.000000	0.159965	0.000326	21.0
369	-1.012589	0.000000	0.159965	0.000530	20.8
370	-1.013007	0.000000	0.159965	0.000477	20.8
371	-1.012879	0.000000	0.159965	0.000684	20.7
372	-1.012674	0.000000	0.159965	0.000611	20.8
373	-1.012469	0.000000	0.159965	0.000479	21.0
374	-1.012538	0.000000	0.159965	0.000348	20.9
375	-1.012737	0.000000	0.159965	0.000438	20.8
376	-1.012283	0.000000	0.159965	0.000432	20.9
377	-1.012760	0.000000	0.159965	0.000483	20.9
378	-1.012524	0.000000	0.159965	0.000510	21.0
379	-1.013003	0.000000	0.159965	0.000453	20.8
380	-1.012691	0.000000	0.159965	0.000515	20.9
381	-1.012591	0.000000	0.159965	0.000404	20.7
382	-1.012850	0.000000	0.159965	0.000453	20.7
383	-1.012275	0.000000	0.159965	0.000620	20.8
384	-1.013070	0.000000	0.159965	0.000434	20.8
385	-1.012530	0.000000	0.159965	0.000617	20.8
386	-1.012511	0.000000	0.159965	0.000413	20.7
387	-1.013064	0.000000	0.159965	0.000470	20.8
388	-1.013020	0.000000	0.159965	0.000641	20.9
389	-1.012739	0.000000	0.159965	0.000398	20.7
390	-1.012410	0.000000	0.159965	0.000469	20.8
391	-1.012666	0.000000	0.159965	0.000532	20.7
392	-1.012761	0.000000	0.159965	0.000516	20.9
393	-1.013145	0.000000	0.159965	0.000452	20.7
394	-1.012820	0.000000	0.159965	0.000439	20.8
395	-1.013073	0.000000	0.159965	0.000539	21.0
396	-1.012879	0.000000	0.159965	0.000399	20.7
397	-1.012860	0.000000	0.159965	0.000762	20.8
398	-1.013228	0.000000	0.159965	0.000519	20.8
399	-1.012690	0.000000	0.159965	0.000478	20.9
400	-1.012185	0.000000	0.159965	0.000430	20.9
401	-1.012575	0.000000	0.159965	0.000348	20.8
402	-1.012274	0.000000	0.159965	0.000452	20.7
403	-1.012192	0.000000	0.159965	0.000352	20.8
404	-1.012406	0.000000	0.159965	0.000365	20.8
405	-1.013199	0.000000	0.159965	0.000423	20.8
406	-1.012759	0.000000	0.159965	0.000566	20.7
407	-1.012967	0.000000	0.159965	0.000547	20.9
408	-1.013014	0.000000	0.159965	0.000498	20.7
409	-1.012879	0.000000	0.159965	0.000567	20.8
410	-1.012983	0.000000	0.159965	0.000467	20.7
411	-1.012846	0.000000	0.159965	0.000526	20.7
412	-1.012668	0.000000	0.159965	0.000596	20.9
413	-1.012137	0.000000	0.159965	0.000383	20.8
414	-1.012935	0.000000	0.159965	0.000494	20.8
415	-1.012742	0.000000	0.159965	0.000515	20.8
416	-1.012698	0.000000	0.159965	0.000551	20.7
417	-1.013057	0.000000	0.159965	0.000606	20.7
418	-1.013000	0.000000	0.159965	0.000409	20.7
419	-1.012917	0.000000	0.159965	0.000437	20.7
420	-1.012752	0.000000	0.159965	0.000375	20.8
421	-1.012769	0.000000	0.159965	0.000400	20.9
422	-1.013268	0.000000	0.159965	0.000353	20.8
423	-1.012440	0.000000	0.159965	0.000520	20.7
424	-1.012804	0.000000	0.159965	0.000447	21.0
425	-1.012829	0.000000	0.159965	0.000437	20.8
426	-1.013045	0.000000	0.159965	0.000430	20.9
427	-1.012839	0.000000	0.159965	0.000539	21.0
428	-1.012522	0.000000	0.159965	0.000499	20.8
429	-1.012356	0.000000	0.159965	0.000454	20.8
430	-1.012766	0.000000	0.159965	0.000495	20.8
431	-1.012565	0.000000	0.159965	0.000440	20.8
432	-1.012437	0.000000	0.159965	0.000701	20.7
433	-1.012565	0.000000	0.159965	0.000401	20.8
434	-1.012913	0.000000	0.159965	0.000409	20.8
435	-1.012990	0.000000	0.159965	0.000467	20.7
436	-1.012506	0.000000	0.159965	0.000541	20.9
437	-1.012813	0.000000	0.159965	0.000621	20.7
438	-1.012194	0.000000	0.159965	0.000459	20.8
439	-1.012732	0.000000	0.159965	0.000515	20.9
440	-1.012814	0.000000	0.159965	0.000622	20.9
441	-1.013009	0.000000	0.159965	0.000422	20.7
442	-1.013023	0.000000	0.159965	0.000492	20.9
443	-1.012863	0.000000	0.159965	0.000555	20.8
444	-1.013638	0.000000	0.159965	0.000478	20.8
445	-1.012918	0.000000	0.159965	0.000517	20.7
446	-1.012823	0.000000	0.159965	0.000404	20.8
447	-1.012583	0.000000	0.159965	0.000438	20.8
448	-1.012396	0.000000	0.159965	0.000448	20.9
449	-1.012526	0.000000	0.159965	0.000512	20.8
450	-1.012619	0.000000	0.159965	0.000557	20.8
451	-1.012503	0.000000	0.159965	0.000427	20.8
452	-1.012487	0.000000	0.159965	0.000476	20.8
453	-1.012885	0.000000	0.159965	0.000384	20.8
454	-1.012072	0.000000	0.159965	0.000445	20.8
455	-1.012751	0.000000	0.159965	0.000423	20.8
456	-1.012231	0.000000	0.159965	0.000470	20.7
457	-1.012366	0.000000	0.159965	0.000558	20.8
458	-1.012535	0.000000	0.159965	0.000459	20.8
459	-1.012685	0.000000	0.159965	0.000559	20.8
460	-1.012553	0.000000	0.159965	0.000340	20.8
461	-1.012723	0.000000	0.159965	0.000590	20.8
462	-1.012849	0.000000	0.159965	0.000418	20.8
463	-1.012258	0.000000	0.159965	0.000645	20.8
464	-1.012707	0.000000	0.159965	0.000535	20.8
465	-1.012604	0.000000	0.159965	0.000504	20.8
466	-1.012748	0.000000	0.159965	0.000400	20.8
467	-1.012756	0.000000	0.159965	0.000425	20.8
468	-1.012642	0.000000	0.159965	0.000603	20.8
469	-1.012672	0.000000	0.159965	0.000349	20.9
470	-1.012529	0.000000	0.159965	0.000507	20.8
471	-1.012629	0.000000	0.159965	0.000341	20.7
472	-1.012770	0.000000	0.159965	0.000450	20.9
473	-1.012523	0.000000	0.159965	0.000464	21.0
474	-1.012459	0.000000	0.159965	0.000422	20.8
475	-1.012938	0.000000	0.159965	0.000632	20.7
476	-1.012190	0.000000	0.159965	0.000688	21.0
477	-1.012502	0.000000	0.159965	0.000536	20.8
478	-1.012227	0.000000	0.159965	0.000544	20.7
479	-1.012671	0.000000	0.159965	0.000303	20.8
480	-1.012934	0.000000	0.159965	0.000422	20.7
481	-1.012599	0.000000	0.159965	0.000473	20.8
482	-1.012862	0.000000	0.159965	0.000448	20.8
483	-1.012942	0.000000	0.159965	0.000593	20.8
484	-1.012932	0.000000	0.159965	0.000389	20.9
485	-1.012933	0.000000	0.159965	0.000361	20.8
486	-1.013055	0.000000	0.159965	0.000487	20.8
487	-1.012687	0.000000	0.159965	0.000469	20.8
488	-1.012736	0.000000	0.159965	0.000442	20.9
489	-1.012594	0.000000	0.159965	0.000575	20.7
490	-1.012692	0.000000	0.159965	0.000542	21.0
491	-1.012662	0.000000	0.159965	0.000435	21.1
492	-1.013049	0.000000	0.159965	0.000425	20.7
493	-1.013007	0.000000	0.159965	0.000574	20.8
494	-1.012635	0.000000	0.159965	0.000385	20.7
495	-1.012822	0.000000	0.159965	0.000427	20.8
496	-1.012626	0.000000	0.159965	0.000607	20.9
497	-1.012817	0.000000	0.159965	0.000410	20.7
498	-1.013067	0.000000	0.159965	0.000557	20.8
499	-1.012605	0.000000	0.159965	0.000450	20.8
500	-1.012565	0.000000	0.159965	0.000502	20.9
501	-1.012526	0.000000	0.159965	0.000456	20.8
502	-1.012899	0.000000	0.159965	0.000565	20.7
503	-1.012720	0.000000	0.159965	0.000409	20.8
504	-1.012512	0.000000	0.159965	0.000480	20.7
505	-1.013165	0.000000	0.159965	0.000446	20.9
506	-1.012664	0.000000	0.159965	0.000363	20.8
507	-1.012813	0.000000	0.159965	0.000483	20.7
508	-1.012551	0.000000	0.159965	0.000623	20.9
509	-1.012431	0.000000	0.159965	0.000430	20.7
510	-1.012502	0.000000	0.159965	0.000453	20.9
511	-1.012732	0.000000	0.159965	0.000372	20.7
512	-1.013058	0.000000	0.159965	0.000536	20.7
513	-1.012285	0.000000	0.159965	0.000540	20.8
514	-1.012978	0.000000	0.159965	0.000471	20.8
515	-1.013012	0.000000	0.159965	0.000393	20.8
516	-1.012533	0.000000	0.159965	0.000765	21.0
517	-1.012800	0.000000	0.159965	0.000487	20.8
518	-1.012462	0.000000	0.159965	0.000464	21.0
519	-1.013142	0.000000	0.159965	0.000520	21.3
520	-1.012767	0.000000	0.159965	0.000507	21.4
521	-1.012632	0.000000	0.159965	0.000579	21.2
522	-1.012958	0.000000	0.159965	0.000789	20.7
523	-1.012954	0.000000	0.159965	0.000628	20.8
524	-1.013132	0.000000	0.159965	0.000492	20.8
525	-1.012816	0.000000	0.159965	0.000531	20.8
526	-1.012600	0.000000	0.159965	0.000406	20.8
527	-1.012761	0.000000	0.159965	0.000561	20.8
528	-1.012681	0.000000	0.159965	0.000578	20.7
529	-1.012888	0.000000	0.159965	0.000413	20.8
530	-1.012730	0.000000	0.159965	0.000709	20.7
531	-1.012787	0.000000	0.159965	0.000452	20.8
532	-1.012811	0.000000	0.159965	0.000500	20.9
533	-1.012711	0.000000	0.159965	0.000445	20.7
534	-1.012144	0.000000	0.159965	0.000427	20.8
535	-1.012391	0.000000	0.159965	0.000435	20.8
536	-1.013173	0.000000	0.159965	0.000517	20.9
537	-1.012181	0.000000	0.159965	0.000525	20.7
538	-1.012663	0.000000	0.159965	0.000646	20.7
539	-1.012387	0.000000	0.159965	0.000498	20.9
540	-1.012452	0.000000	0.159965	0.000692	20.8
541	-1.013085	0.000000	0.159965	0.000498	20.9
542	-1.012629	0.000000	0.159965	0.000532	20.8
543	-1.013021	0.000000	0.159965	0.000550	20.8
544	-1.012786	0.000000	0.159965	0.000421	21.0
545	-1.013164	0.000000	0.159965	0.000432	20.8
546	-1.013047	0.000000	0.159965	0.000352	20.8
547	-1.012571	0.000000	0.159965	0.000374	20.8
548	-1.012537	0.000000	0.159965	0.000470	20.8
549	-1.012515	0.000000	0.159965	0.000345	20.8
550	-1.012623	0.000000	0.159965	0.000364	20.8
551	-1.012940	0.000000	0.159965	0.000525	20.8
552	-1.012978	0.000000	0.159965	0.000635	20.7
553	-1.013004	0.000000	0.159965	0.000410	20.8
554	-1.012832	0.000000	0.159965	0.000562	20.7
555	-1.012643	0.000000	0.159965	0.000418	20.7
556	-1.012903	0.000000	0.159965	0.000498	20.8
557	-1.012858	0.000000	0.159965	0.000382	20.7
558	-1.012847	0.000000	0.159965	0.000442	20.7
559	-1.012721	0.000000	0.159965	0.000656	20.7
560	-1.012664	0.000000	0.159965	0.000534	20.9
561	-1.012608	0.000000	0.159965	0.000507	20.8
562	-1.012678	0.000000	0.159965	0.000353	20.8
563	-1.012258	0.000000	0.159965	0.000423	20.7
564	-1.012744	0.000000	0.159965	0.000503	20.8
565	-1.012810	0.000000	0.159965	0.000559	20.9
566	-1.012244	0.000000	0.159965	0.000440	20.8
567	-1.013077	0.000000	0.159965	0.000478	20.7
568	-1.012948	0.000000	0.159965	0.000454	20.9
569	-1.012760	0.000000	0.159965	0.000408	21.1
570	-1.012881	0.000000	0.159965	0.000447	20.8
571	-1.012964	0.000000	0.159965	0.000498	20.8
572	-1.013000	0.000000	0.159965	0.000523	20.9
573	-1.012677	0.000000	0.159965	0.000562	20.8
574	-1.012534	0.000000	0.159965	0.000491	21.2
575	-1.012895	0.000000	0.159965	0.000631	20.8
576	-1.012960	0.000000	0.159965	0.000493	20.7
577	-1.012567	0.000000	0.159965	0.000415	20.8
578	-1.012864	0.000000	0.159965	0.000520	20.8
579	-1.012965	0.000000	0.159965	0.000506	20.8
580	-1.012270	0.000000	0.159965	0.000595	20.9
581	-1.012714	0.000000	0.159965	0.000602	20.7
582	-1.012624	0.000000	0.159965	0.000573	20.8
583	-1.012486	0.000000	0.159965	0.000520	20.9
584	-1.012526	0.000000	0.159965	0.000491	21.0
585	-1.013114	0.000000	0.159965	0.000422	20.8
586	-1.012758	0.000000	0.159965	0.000340	20.7
587	-1.012491	0.000000	0.159965	0.000417	20.9
588	-1.012547	0.000000	0.159965	0.000490	20.7
589	-1.012770	0.000000	0.159965	0.000494	20.8
590	-1.012417	0.000000	0.159965	0.000570	20.9
591	-1.012944	0.000000	0.159965	0.000415	20.8
592	-1.012493	0.000000	0.159965	0.000694	20.9
593	-1.012811	0.000000	0.159965	0.000514	20.9
594	-1.013230	0.000000	0.159965	0.000482	20.8
595	-1.012838	0.000000	0.159965	0.000373	20.8
596	-1.012778	0.000000	0.159965	0.000468	20.9
597	-1.012464	0.000000	0.159965	0.000509	20.8
598	-1.012928	0.000000	0.159965	0.000367	20.7
599	-1.012660	0.000000	0.159965	0.000448	20.8
600	-1.012406	0.000000	0.159965	0.000384	20.8
601	-1.012768	0.000000	0.159965	0.000492	20.9
602	-1.012844	0.000000	0.159965	0.000449	20.8
603	-1.012636	0.000000	0.159965	0.000307	20.7
604	-1.012892	0.000000	0.159965	0.000532	20.8
605	-1.012229	0.000000	0.159965	0.000443	20.8
606	-1.012952	0.000000	0.159965	0.000410	20.8
607	-1.013045	0.000000	0.159965	0.000389	20.7
608	-1.012459	0.000000	0.159965	0.000467	20.7
609	-1.013410	0.000000	0.159965	0.000511	20.7
610	-1.012833	0.000000	0.159965	0.000517	20.7
611	-1.012756	0.000000	0.159965	0.000469	20.8
612	-1.012864	0.000000	0.159965	0.000547	20.8
613	-1.012728	0.000000	0.159965	0.000455	20.9
614	-1.013215	0.000000	0.159965	0.000467	20.9
615	-1.012523	0.000000	0.159965	0.000315	20.7
616	-1.012922	0.000000	0.159965	0.000454	20.9
617	-1.012563	0.000000	0.159965	0.000582	21.0
618	-1.012815	0.000000	0.159965	0.000586	20.9
619	-1.012791	0.000000	0.159965	0.000522	20.8
620	-1.012540	0.000000	0.159965	0.000505	20.7
621	-1.012336	0.000000	0.159965	0.000336	21.0
622	-1.012790	0.000000	0.159965	0.000348	20.9
623	-1.012748	0.000000	0.159965	0.000497	20.8
624	-1.012979	0.000000	0.159965	0.000465	20.7
625	-1.012607	0.000000	0.159965	0.000504	20.8
626	-1.012877	0.000000	0.159965	0.000438	20.7
627	-1.012519	0.000000	0.159965	0.000578	20.7
628	-1.012976	0.000000	0.159965	0.000442	20.8
629	-1.012560	0.000000	0.159965	0.000414	20.8
630	-1.012593	0.000000	0.159965	0.000413	20.9
631	-1.012727	0.000000	0.159965	0.000508	20.7
632	-1.012428	0.000000	0.159965	0.000449	20.9
633	-1.012639	0.000000	0.159965	0.000379	20.9
634	-1.012329	0.000000	0.159965	0.000640	21.2
635	-1.012827	0.000000	0.159965	0.000484	20.9
636	-1.012905	0.000000	0.159965	0.000409	20.7
637	-1.012848	0.000000	0.159965	0.000527	20.8
638	-1.012720	0.000000	0.159965	0.000474	20.7
639	-1.012843	0.000000	0.159965	0.000447	20.9
640	-1.012858	0.000000	0.159965	0.000384	20.9
641	-1.012927	0.000000	0.159965	0.000443	20.8
642	-1.012925	0.000000	0.159965	0.000439	20.8
643	-1.012783	0.000000	0.159965	0.000566	20.8
644	-1.012649	0.000000	0.159965	0.000462	20.7
645	-1.012495	0.000000	0.159965	0.000509	20.7
646	-1.012594	0.000000	0.159965	0.000557	20.8
647	-1.012861	0.000000	0.159965	0.000513	20.9
648	-1.012476	0.000000	0.159965	0.000406	20.8
649	-1.012931	0.000000	0.159965	0.000397	20.8
650	-1.012523	0.000000	0.159965	0.000715	20.7
651	-1.012836	0.000000	0.159965	0.000478	20.8
652	-1.012770	0.000000	0.159965	0.000361	20.8
653	-1.012707	0.000000	0.159965	0.000360	20.8
654	-1.012926	0.000000	0.159965	0.000479	20.7
655	-1.012833	0.000000	0.159965	0.000513	20.7
656	-1.012788	0.000000	0.159965	0.000424	20.7
657	-1.012738	0.000000	0.159965	0.000483	20.8
658	-1.012576	0.000000	0.159965	0.000417	20.8
659	-1.012307	0.000000	0.159965	0.000476	20.9
660	-1.013094	0.000000	0.159965	0.000426	21.0
661	-1.012524	0.000000	0.159965	0.000465	20.9
662	-1.012870	0.000000	0.159965	0.000459	20.9
663	-1.012707	0.000000	0.159965	0.000492	20.8
664	-1.012849	0.000000	0.159965	0.000440	21.0
665	-1.012886	0.000000	0.159965	0.000465	20.8
666	-1.012090	0.000000	0.159965	0.000391	20.9
667	-1.012960	0.000000	0.159965	0.000591	20.7
668	-1.012768	0.000000	0.159965	0.000504	20.9
669	-1.013021	0.000000	0.159965	0.000761	20.8
670	-1.012899	0.000000	0.159965	0.000433	20.7
671	-1.013014	0.000000	0.159965	0.000443	20.8
672	-1.012679	0.000000	0.159965	0.000548	20.8
673	-1.012955	0.000000	0.159965	0.000444	20.8
674	-1.012891	0.000000	0.159965	0.000572	20.7
675	-1.012969	0.000000	0.159965	0.000473	20.8
676	-1.012428	0.000000	0.159965	0.000460	20.8
677	-1.012515	0.000000	0.159965	0.000288	20.7
678	-1.012768	0.000000	0.159965	0.000464	20.8
679	-1.012895	0.000000	0.159965	0.000431	20.8
680	-1.012477	0.000000	0.159965	0.000401	20.9
681	-1.012393	0.000000	0.159965	0.000496	20.7
682	-1.012895	0.000000	0.159965	0.000622	21.1
683	-1.012874	0.000000	0.159965	0.000498	20.9
684	-1.012883	0.000000	0.159965	0.000597	20.7
685	-1.012331	0.000000	0.159965	0.000558	20.9
686	-1.012628	0.000000	0.159965	0.000411	20.7
687	-1.012392	0.000000	0.159965	0.000494	20.8
688	-1.012539	0.000000	0.159965	0.000505	21.2
689	-1.012649	0.000000	0.159965	0.000573	20.7
690	-1.012823	0.000000	0.159965	0.000495	20.8
691	-1.013169	0.000000	0.159965	0.000367	20.7
692	-1.012906	0.000000	0.159965	0.000512	20.7
693	-1.013052	0.000000	0.159965	0.000735	20.8
694	-1.013159	0.000000	0.159965	0.000433	20.8
695	-1.012825	0.000000	0.159965	0.000495	20.8
696	-1.012955	0.000000	0.159965	0.000634	20.8
697	-1.012676	0.000000	0.159965	0.000470	20.8
698	-1.013043	0.000000	0.159965	0.000426	20.7
699	-1.012834	0.000000	0.159965	0.000611	20.8
700	-1.013096	0.000000	0.159965	0.000420	20.7
701	-1.012782	0.000000	0.159965	0.000497	20.8
702	-1.012455	0.000000	0.159965	0.000334	20.9
703	-1.012987	0.000000	0.159965	0.000436	20.7
704	-1.013019	0.000000	0.159965	0.000334	20.7
705	-1.012554	0.000000	0.159965	0.000681	20.8
706	-1.012707	0.000000	0.159965	0.000515	20.7
707	-1.012741	0.000000	0.159965	0.000405	20.8
708	-1.012699	0.000000	0.159965	0.000424	21.0
709	-1.012560	0.000000	0.159965	0.000534	20.9
710	-1.012788	0.000000	0.159965	0.000493	21.0
711	-1.013189	0.000000	0.159965	0.000554	20.7
712	-1.012976	0.000000	0.159965	0.000415	21.0
713	-1.012955	0.000000	0.159965	0.000618	20.8
714	-1.012384	0.000000	0.159965	0.000481	20.8
715	-1.013029	0.000000	0.159965	0.000373	20.8
716	-1.012778	0.000000	0.159965	0.000421	21.0
717	-1.012663	0.000000	0.159965	0.000513	20.8
718	-1.013057	0.000000	0.159965	0.000499	20.8
719	-1.012896	0.000000	0.159965	0.000407	20.8
720	-1.012718	0.000000	0.159965	0.000355	20.7
721	-1.012059	0.000000	0.159965	0.000430	20.8
722	-1.012578	0.000000	0.159965	0.000497	20.7
723	-1.012448	0.000000	0.159965	0.000378	20.8
724	-1.012411	0.000000	0.159965	0.000574	20.7
725	-1.012829	0.000000	0.159965	0.000464	20.8
726	-1.012672	0.000000	0.159965	0.000418	20.8
727	-1.012579	0.000000	0.159965	0.000422	20.7
728	-1.012999	0.000000	0.159965	0.000460	20.8
729	-1.012837	0.000000	0.159965	0.000548	20.8
730	-1.012512	0.000000	0.159965	0.000474	20.7
731	-1.012817	0.000000	0.159965	0.000470	20.8
732	-1.012483	0.000000	0.159965	0.000346	20.8
733	-1.012575	0.000000	0.159965	0.000517	20.8
734	-1.012678	0.000000	0.159965	0.000527	20.7
735	-1.012677	0.000000	0.159965	0.000527	20.8
736	-1.012737	0.000000	0.159965	0.000626	20.9
737	-1.013461	0.000000	0.159965	0.000613	20.8
738	-1.012316	0.000000	0.159965	0.000564	20.7
739	-1.013099	0.000000	0.159965	0.000453	20.7
740	-1.012876	0.000000	0.159965	0.000535	20.8
741	-1.013154	0.000000	0.159965	0.000525	20.8
742	-1.012683	0.000000	0.159965	0.000499	20.9
743	-1.011948	0.000000	0.159965	0.000514	20.7
744	-1.013270	0.000000	0.159965	0.000326	20.8
745	-1.012789	0.000000	0.159965	0.000495	20.8
746	-1.012579	0.000000	0.159965	0.000383	20.7
747	-1.012403	0.000000	0.159965	0.000467	20.7
748	-1.012581	0.000000	0.159965	0.000430	20.8
749	-1.012729	0.000000	0.159965	0.000421	20.8
750	-1.012294	0.000000	0.159965	0.000372	20.8
751	-1.012140	0.000000	0.159965	0.000557	20.7
752	-1.012677	0.000000	0.159965	0.000394	20.9
753	-1.013027	0.000000	0.159965	0.000365	20.7
754	-1.012185	0.000000	0.159965	0.000471	20.8
755	-1.012982	0.000000	0.159965	0.000553	21.1
756	-1.013147	0.000000	0.159965	0.000521	21.1
757	-1.012129	0.000000	0.159965	0.000575	20.8
758	-1.012241	0.000000	0.159965	0.000405	20.8
759	-1.012726	0.000000	0.159965	0.000351	20.8
760	-1.012689	0.000000	0.159965	0.000224	20.9
761	-1.013033	0.000000	0.159965	0.000406	21.0
762	-1.012727	0.000000	0.159965	0.000438	21.0
763	-1.013157	0.000000	0.159965	0.000458	20.8
764	-1.012826	0.000000	0.159965	0.000480	20.9
765	-1.012829	0.000000	0.159965	0.000471	20.8
766	-1.012109	0.000000	0.159965	0.000447	20.7
767	-1.012786	0.000000	0.159965	0.000722	20.8
768	-1.012891	0.000000	0.159965	0.000558	20.7
769	-1.012772	0.000000	0.159965	0.000701	20.7
770	-1.012899	0.000000	0.159965	0.000790	20.8
771	-1.012780	0.000000	0.159965	0.000472	21.0
772	-1.012746	0.000000	0.159965	0.000612	20.9
773	-1.013294	0.000000	0.159965	0.000585	20.8
774	-1.013153	0.000000	0.159965	0.000429	21.0
775	-1.012998	0.000000	0.159965	0.000332	20.8
776	-1.012288	0.000000	0.159965	0.000485	20.8
777	-1.012875	0.000000	0.159965	0.000364	20.9
778	-1.012814	0.000000	0.159965	0.000516	20.8
779	-1.012447	0.000000	0.159965	0.000488	20.7
780	-1.012603	0.000000	0.159965	0.000501	20.7
781	-1.012987	0.000000	0.159965	0.000385	20.8
782	-1.012692	0.000000	0.159965	0.000537	20.7
783	-1.012615	0.000000	0.159965	0.000493	20.8
784	-1.013035	0.000000	0.159965	0.000423	20.9
785	-1.013199	0.000000	0.159965	0.000536	20.8
786	-1.013141	0.000000	0.159965	0.000500	45.9
787	-1.012838	0.000000	0.159965	0.000480	29.4
788	-1.012574	0.000000	0.159965	0.000521	20.8
789	-1.012629	0.000000	0.159965	0.000730	20.9
790	-1.012515	0.000000	0.159965	0.000444	20.7
791	-1.013147	0.000000	0.159965	0.000509	20.8
792	-1.012742	0.000000	0.159965	0.000521	20.9
793	-1.013041	0.000000	0.159965	0.000480	20.8
794	-1.012779	0.000000	0.159965	0.000427	20.7
795	-1.012443	0.000000	0.159965	0.000630	20.7
796	-1.012881	0.000000	0.159965	0.000369	20.7
797	-1.012477	0.000000	0.159965	0.000390	20.9
798	-1.012790	0.000000	0.159965	0.000514	20.8
799	-1.012622	0.000000	0.159965	0.000549	20.7
800	-1.012763	0.000000	0.159965	0.000644	20.7
801	-1.012541	0.000000	0.159965	0.000469	20.7
802	-1.012544	0.000000	0.159965	0.000463	20.8
803	-1.012691	0.000000	0.159965	0.000662	20.8
804	-1.012881	0.000000	0.159965	0.000516	20.9
805	-1.012542	0.000000	0.159965	0.000420	20.7
806	-1.012324	0.000000	0.159965	0.000507	20.8
807	-1.012608	0.000000	0.159965	0.000557	21.1
808	-1.012742	0.000000	0.159965	0.000437	20.9
809	-1.012558	0.000000	0.159965	0.000436	21.1
810	-1.012694	0.000000	0.159965	0.000441	20.8
811	-1.012824	0.000000	0.159965	0.000539	20.9
812	-1.012754	0.000000	0.159965	0.000464	20.8
813	-1.012601	0.000000	0.159965	0.000429	20.8
814	-1.012158	0.000000	0.159965	0.000415	20.7
815	-1.012757	0.000000	0.159965	0.000539	20.8
816	-1.012703	0.000000	0.159965	0.000355	20.9
817	-1.012354	0.000000	0.159965	0.000523	20.8
818	-1.012832	0.000000	0.159965	0.000489	20.8
819	-1.013085	0.000000	0.159965	0.000417	20.7
820	-1.012884	0.000000	0.159965	0.000602	20.8
821	-1.012643	0.000000	0.159965	0.000358	20.8
822	-1.012574	0.000000	0.159965	0.000436	20.9
823	-1.012836	0.000000	0.159965	0.000366	20.7
824	-1.012755	0.000000	0.159965	0.000490	20.8
825	-1.012317	0.000000	0.159965	0.000523	20.8
826	-1.012770	0.000000	0.159965	0.000490	20.9
827	-1.013036	0.000000	0.159965	0.000500	20.8
828	-1.012803	0.000000	0.159965	0.000528	20.8
829	-1.012286	0.000000	0.159965	0.000533	20.8
830	-1.012717	0.000000	0.159965	0.000603	20.8
831	-1.013349	0.000000	0.159965	0.000388	20.9
832	-1.013220	0.000000	0.159965	0.000528	20.8
833	-1.012990	0.000000	0.159965	0.000452	20.8
834	-1.013204	0.000000	0.159965	0.000387	20.7
835	-1.012688	0.000000	0.159965	0.000543	20.9
836	-1.012572	0.000000	0.159965	0.000598	20.7
837	-1.012441	0.000000	0.159965	0.000457	20.9
838	-1.012742	0.000000	0.159965	0.000399	20.8
839	-1.013152	0.000000	0.159965	0.000519	20.8
840	-1.012563	0.000000	0.159965	0.000529	20.9
841	-1.012603	0.000000	0.159965	0.000488	20.7
842	-1.012146	0.000000	0.159965	0.000316	20.8
843	-1.012676	0.000000	0.159965	0.000473	20.8
844	-1.013269	0.000000	0.159965	0.000534	20.7
845	-1.012721	0.000000	0.159965	0.000409	20.9
846	-1.012786	0.000000	0.159965	0.000567	20.7
847	-1.012747	0.000000	0.159965	0.000420	20.8
848	-1.012793	0.000000	0.159965	0.000411	20.8
849	-1.012969	0.000000	0.159965	0.000589	20.8
850	-1.012518	0.000000	0.159965	0.000426	20.9
851	-1.012795	0.000000	0.159965	0.000449	20.8
852	-1.012893	0.000000	0.159965	0.000404	21.4
853	-1.012552	0.000000	0.159965	0.000540	20.7
854	-1.012728	0.000000	0.159965	0.000337	20.7
855	-1.012998	0.000000	0.159965	0.000502	21.0
856	-1.012428	0.000000	0.159965	0.000498	20.8
857	-1.012499	0.000000	0.159965	0.000557	20.8
858	-1.013405	0.000000	0.159965	0.000537	20.9
859	-1.012740	0.000000	0.159965	0.000462	20.8
860	-1.012586	0.000000	0.159965	0.000442	20.7
861	-1.012318	0.000000	0.159965	0.000727	20.8
862	-1.012944	0.000000	0.159965	0.000464	20.8
863	-1.012686	0.000000	0.159965	0.000510	20.7
864	-1.012257	0.000000	0.159965	0.000478	20.9
865	-1.012823	0.000000	0.159965	0.000336	20.9
866	-1.012818	0.000000	0.159965	0.000598	20.8
867	-1.012654	0.000000	0.159965	0.000446	21.0
868	-1.012793	0.000000	0.159965	0.000388	20.7
869	-1.012591	0.000000	0.159965	0.000522	20.8
870	-1.013152	0.000000	0.159965	0.000737	21.0
871	-1.012976	0.000000	0.159965	0.000426	20.8
872	-1.013254	0.000000	0.159965	0.000546	20.8
873	-1.012199	0.000000	0.159965	0.000405	20.8
874	-1.012744	0.000000	0.159965	0.000585	20.7
875	-1.012821	0.000000	0.159965	0.000503	20.7
876	-1.012639	0.000000	0.159965	0.000568	20.9
877	-1.012699	0.000000	0.159965	0.000484	20.7
878	-1.012850	0.000000	0.159965	0.000441	20.8
879	-1.012355	0.000000	0.159965	0.000448	20.9
880	-1.012904	0.000000	0.159965	0.000743	20.8
881	-1.012312	0.000000	0.159965	0.000376	20.7
882	-1.012289	0.000000	0.159965	0.000499	20.8
883	-1.012948	0.000000	0.159965	0.000391	20.8
884	-1.012497	0.000000	0.159965	0.000439	20.7
885	-1.013302	0.000000	0.159965	0.000488	20.7
886	-1.012121	0.000000	0.159965	0.000454	20.8
887	-1.012988	0.000000	0.159965	0.000509	20.8
888	-1.013132	0.000000	0.159965	0.000426	20.8
889	-1.012864	0.000000	0.159965	0.000636	20.8
890	-1.012397	0.000000	0.159965	0.000526	20.7
891	-1.012760	0.000000	0.159965	0.000396	20.8
892	-1.012698	0.000000	0.159965	0.000588	20.7
893	-1.013109	0.000000	0.159965	0.000454	20.8
894	-1.013062	0.000000	0.159965	0.000442	21.3
895	-1.012428	0.000000	0.159965	0.000580	21.1
896	-1.012563	0.000000	0.159965	0.000458	20.7
897	-1.012774	0.000000	0.159965	0.000545	20.9
898	-1.012846	0.000000	0.159965	0.000479	21.0
899	-1.012876	0.000000	0.159965	0.000419	20.9
900	-1.012697	0.000000	0.159965	0.000463	21.1
901	-1.012970	0.000000	0.159965	0.000443	21.3
902	-1.012948	0.000000	0.159965	0.000373	20.9
903	-1.012788	0.000000	0.159965	0.000425	20.9
904	-1.012858	0.000000	0.159965	0.000438	29.7
905	-1.013151	0.000000	0.159965	0.000583	20.8
906	-1.012616	0.000000	0.159965	0.000500	20.8
907	-1.013353	0.000000	0.159965	0.000530	20.9
908	-1.012856	0.000000	0.159965	0.000441	20.7
909	-1.013134	0.000000	0.159965	0.000465	20.8
910	-1.012769	0.000000	0.159965	0.000335	20.7
911	-1.012605	0.000000	0.159965	0.000497	20.9
912	-1.013260	0.000000	0.159965	0.000407	20.7
913	-1.012843	0.000000	0.159965	0.000427	20.7
914	-1.012357	0.000000	0.159965	0.000474	20.7
915	-1.013291	0.000000	0.159965	0.000511	20.8
916	-1.012796	0.000000	0.159965	0.000439	21.0
917	-1.012972	0.000000	0.159965	0.000506	20.9
918	-1.012830	0.000000	0.159965	0.000576	20.7
919	-1.012474	0.000000	0.159965	0.000520	20.7
920	-1.012106	0.000000	0.159965	0.000374	20.7
921	-1.012149	0.000000	0.159965	0.000461	20.9
922	-1.012495	0.000000	0.159965	0.000460	20.7
923	-1.012915	0.000000	0.159965	0.000424	20.7
924	-1.012426	0.000000	0.159965	0.000573	20.7
925	-1.012570	0.000000	0.159965	0.000360	20.7
926	-1.013201	0.000000	0.159965	0.000433	20.9
927	-1.012714	0.000000	0.159965	0.000376	20.9
928	-1.012639	0.000000	0.159965	0.000539	20.8
929	-1.012209	0.000000	0.159965	0.000461	20.7
930	-1.012859	0.000000	0.159965	0.000449	20.7
931	-1.012642	0.000000	0.159965	0.000624	20.9
932	-1.012820	0.000000	0.159965	0.000569	20.7
933	-1.012615	0.000000	0.159965	0.000466	20.8
934	-1.012594	0.000000	0.159965	0.000445	20.8
935	-1.012418	0.000000	0.159965	0.000340	20.8
936	-1.012511	0.000000	0.159965	0.000475	20.7
937	-1.012698	0.000000	0.159965	0.000609	20.8
938	-1.012543	0.000000	0.159965	0.000457	20.7
939	-1.012742	0.000000	0.159965	0.000425	20.8
940	-1.012504	0.000000	0.159965	0.000436	20.7
941	-1.013020	0.000000	0.159965	0.000569	20.9
942	-1.012851	0.000000	0.159965	0.000399	20.8
943	-1.012553	0.000000	0.159965	0.000408	20.8
944	-1.012606	0.000000	0.159965	0.000407	20.7
945	-1.012727	0.000000	0.159965	0.000465	20.8
946	-1.012526	0.000000	0.159965	0.000534	20.9
947	-1.012485	0.000000	0.159965	0.000549	20.7
948	-1.013066	0.000000	0.159965	0.000518	20.8
949	-1.012487	0.000000	0.159965	0.000314	20.8
950	-1.012488	0.000000	0.159965	0.000580	20.9
951	-1.012719	0.000000	0.159965	0.000521	20.8
952	-1.012937	0.000000	0.159965	0.000475	20.9
953	-1.012734	0.000000	0.159965	0.000536	20.8
954	-1.012842	0.000000	0.159965	0.000519	20.9
955	-1.012638	0.000000	0.159965	0.000343	20.8
956	-1.012866	0.000000	0.159965	0.000487	20.8
957	-1.012592	0.000000	0.159965	0.000616	20.8
958	-1.012761	0.000000	0.159965	0.000470	20.7
959	-1.012255	0.000000	0.159965	0.000531	20.8
960	-1.012704	0.000000	0.159965	0.000422	20.8
961	-1.013044	0.000000	0.159965	0.000480	20.8
962	-1.012803	0.000000	0.159965	0.000451	20.8
963	-1.013049	0.000000	0.159965	0.000564	20.8
964	-1.012808	0.000000	0.159965	0.000466	20.9
965	-1.012756	0.000000	0.159965	0.000532	21.0
966	-1.012710	0.000000	0.159965	0.000617	20.9
967	-1.013038	0.000000	0.159965	0.000482	20.8
968	-1.012333	0.000000	0.159965	0.000387	20.8
969	-1.012917	0.000000	0.159965	0.000589	20.9
970	-1.012506	0.000000	0.159965	0.000525	20.7
971	-1.013198	0.000000	0.159965	0.000448	20.8
972	-1.012387	0.000000	0.159965	0.000534	20.7
973	-1.012605	0.000000	0.159965	0.000404	20.8
974	-1.012329	0.000000	0.159965	0.000528	21.0
975	-1.012734	0.000000	0.159965	0.000447	20.7
976	-1.012862	0.000000	0.159965	0.000473	20.9
977	-1.013106	0.000000	0.159965	0.000354	20.8
978	-1.013288	0.000000	0.159965	0.000463	20.7
979	-1.012431	0.000000	0.159965	0.000518	20.8
980	-1.012907	0.000000	0.159965	0.000409	20.8
981	-1.012537	0.000000	0.159965	0.000638	20.8
982	-1.013134	0.000000	0.159965	0.000562	20.8
983	-1.012864	0.000000	0.159965	0.000660	20.9
984	-1.013044	0.000000	0.159965	0.000678	20.8
985	-1.012295	0.000000	0.159965	0.000498	20.7
986	-1.012773	0.000000	0.159965	0.000425	20.7
987	-1.012955	0.000000	0.159965	0.000546	20.8
988	-1.012819	0.000000	0.159965	0.000478	20.8
989	-1.012756	0.000000	0.159965	0.000476	20.8
990	-1.013090	0.000000	0.159965	0.000375	20.7
991	-1.012942	0.000000	0.159965	0.000446	20.7
992	-1.012774	0.000000	0.159965	0.000468	20.7
993	-1.012907	0.000000	0.159965	0.000429	20.9
994	-1.013047	0.000000	0.159965	0.000466	21.1
995	-1.012500	0.000000	0.159965	0.000450	20.8
996	-1.012320	0.000000	0.159965	0.000606	20.8
997	-1.012727	0.000000	0.159965	0.000741	20.8
998	-1.012394	0.000000	0.159965	0.000496	20.8
999	-1.012811	0.000000	0.159965	0.000568	20.7
